z-score_timestamp	z-score_symbol	z-score_timeframe	z-score_close	z-score_open	z-score_high	z-score_low	body_direction	body_size	body_classification
1780671849	XAUUSD	M15	4461.42	4466.62	4467.15	4461.20	-1	0.31552	3
1780672749	XAUUSD	M15	4466.09	4461.42	4466.09	4458.56	1	0.17223	0
1780673649	XAUUSD	M15	4464.95	4466.10	4467.20	4463.26	-1	0.76616	3
1780674549	XAUUSD	M15	4470.13	4464.95	4475.30	4464.09	1	0.30809	0
1780675449	XAUUSD	M15	4469.28	4470.01	4471.08	4464.12	-1	0.87496	3
1780676349	XAUUSD	M15	4465.15	4469.39	4475.64	4461.67	-1	0.05939	3
1780677249	XAUUSD	M15	4445.81	4465.28	4465.96	4439.75	-1	4.02872	5
1780678149	XAUUSD	M15	4406.35	4446.11	4449.06	4404.92	-1	8.49548	5
1780679049	XAUUSD	M15	4418.53	4406.37	4420.64	4400.15	1	1.90144	1
1780679949	XAUUSD	M15	4405.16	4418.53	4421.12	4404.07	-1	2.17322	4
1780680849	XAUUSD	M15	4389.52	4404.43	4409.54	4386.05	-1	2.51238	5
1780681749	XAUUSD	M15	4365.81	4389.50	4391.06	4365.54	-1	4.45500	5
1780682649	XAUUSD	M15	4366.17	4365.57	4379.22	4364.03	1	0.83256	0
1780683549	XAUUSD	M15	4361.01	4366.04	4370.33	4352.93	-1	0.18341	3
1780684449	XAUUSD	M15	4349.26	4361.12	4363.93	4344.73	-1	1.74215	4
1780685349	XAUUSD	M15	4369.70	4349.13	4370.19	4348.33	1	3.67100	2
1780686249	XAUUSD	M15	4353.29	4369.72	4372.60	4353.29	-1	2.70996	5
1780687149	XAUUSD	M15	4351.89	4352.99	4357.47	4348.27	-1	0.72021	3
1780688049	XAUUSD	M15	4338.81	4351.76	4354.85	4335.56	-1	1.91780	4
1780688949	XAUUSD	M15	4335.51	4338.81	4341.94	4333.94	-1	0.23273	3
1780689849	XAUUSD	M15	4333.58	4335.62	4338.92	4328.97	-1	0.51400	3
1780690749	XAUUSD	M15	4329.73	4333.01	4333.88	4325.35	-1	0.23803	3
1780691649	XAUUSD	M15	4327.87	4329.73	4332.23	4323.64	-1	0.55187	3
1780692549	XAUUSD	M15	4344.61	4327.85	4345.00	4325.30	1	2.73935	2
1780693449	XAUUSD	M15	4339.56	4344.76	4346.88	4336.55	-1	0.18554	3
1780694349	XAUUSD	M15	4342.45	4339.57	4343.00	4335.65	1	0.32609	0
1780695249	XAUUSD	M15	4341.28	4342.54	4347.32	4339.67	-1	0.68212	3
1780696149	XAUUSD	M15	4341.68	4341.15	4343.65	4337.86	1	0.83957	0
1780697049	XAUUSD	M15	4323.31	4341.96	4342.04	4323.07	-1	3.12130	5
1780697949	XAUUSD	M15	4325.94	4322.87	4330.68	4321.92	1	0.28222	0
1780698849	XAUUSD	M15	4318.16	4325.71	4326.93	4315.29	-1	0.69645	3
1780699749	XAUUSD	M15	4322.37	4318.07	4326.93	4315.98	1	0.01490	0
1780700649	XAUUSD	M15	4315.37	4322.86	4323.80	4315.34	-1	0.67957	3
1780701549	XAUUSD	M15	4323.85	4315.37	4324.32	4313.96	1	0.89193	0
1780702449	XAUUSD	M15	4318.85	4323.94	4325.18	4314.06	-1	0.15427	3
1780703349	XAUUSD	M15	4318.75	4318.83	4323.78	4316.92	-1	0.93774	3
1780704249	XAUUSD	M15	4315.59	4318.49	4318.85	4311.79	-1	0.32227	3
1780705149	XAUUSD	M15	4322.47	4315.83	4326.38	4314.10	1	0.49254	0
1780706049	XAUUSD	M15	4324.13	4322.65	4325.36	4321.23	1	0.63561	0
1780706949	XAUUSD	M15	4328.74	4324.12	4330.93	4324.12	1	0.04863	0
1780884249	XAUUSD	M15	4330.05	4332.27	4336.07	4310.29	-1	0.47574	3
1780885149	XAUUSD	M15	4316.74	4330.21	4330.65	4316.34	-1	1.97166	4
1780886049	XAUUSD	M15	4326.26	4316.74	4329.20	4315.38	1	1.10588	0
1780886949	XAUUSD	M15	4317.47	4326.20	4326.86	4315.88	-1	0.92976	3
1780887849	XAUUSD	M15	4330.85	4317.51	4334.25	4317.51	1	1.92002	1
1780888749	XAUUSD	M15	4334.02	4330.81	4334.73	4328.68	1	0.27675	0
1780889649	XAUUSD	M15	4338.96	4334.02	4340.57	4333.05	1	0.10108	0
1780890549	XAUUSD	M15	4343.96	4338.96	4347.03	4335.23	1	0.11305	0
1780891449	XAUUSD	M15	4343.65	4344.11	4346.93	4340.79	-1	0.86998	3
1780892349	XAUUSD	M15	4351.37	4343.68	4353.21	4341.83	1	0.69693	0
1780893249	XAUUSD	M15	4345.29	4351.33	4352.34	4342.03	-1	0.33878	3
1780894149	XAUUSD	M15	4342.43	4345.29	4345.80	4339.74	-1	0.35007	3
1780895049	XAUUSD	M15	4327.14	4342.24	4345.65	4326.97	-1	2.28887	4
1780895949	XAUUSD	M15	4314.77	4327.11	4327.58	4311.43	-1	1.68345	4
1780896849	XAUUSD	M15	4326.20	4314.77	4327.49	4299.83	1	1.48012	0
1780897749	XAUUSD	M15	4325.44	4326.15	4329.57	4319.37	-1	0.82023	3
1780898649	XAUUSD	M15	4316.75	4325.57	4330.64	4314.71	-1	0.91597	3
1780899549	XAUUSD	M15	4315.09	4316.76	4319.83	4311.47	-1	0.61658	3
1780900449	XAUUSD	M15	4315.99	4315.08	4317.89	4307.31	1	0.77878	0
1780901349	XAUUSD	M15	4310.65	4316.00	4320.81	4309.20	-1	0.17141	3
1780902249	XAUUSD	M15	4304.81	4310.65	4314.28	4304.32	-1	0.27631	3
1780903149	XAUUSD	M15	4307.23	4304.81	4311.99	4303.52	1	0.45800	0
1780904049	XAUUSD	M15	4309.95	4307.26	4310.04	4304.90	1	0.39891	0
1780904949	XAUUSD	M15	4316.92	4309.92	4317.08	4309.55	1	0.52294	0
1780905849	XAUUSD	M15	4318.68	4316.92	4320.35	4313.61	1	0.60150	0
1780906749	XAUUSD	M15	4319.96	4318.68	4321.74	4316.05	1	0.70185	0
1780907649	XAUUSD	M15	4307.82	4319.96	4320.35	4307.67	-1	1.61773	4
1780908549	XAUUSD	M15	4312.80	4307.81	4313.98	4307.78	1	0.08737	0
1780909449	XAUUSD	M15	4305.19	4312.66	4316.03	4305.19	-1	0.61526	3
1780910349	XAUUSD	M15	4311.93	4304.50	4314.13	4304.50	1	0.60409	0
1780911249	XAUUSD	M15	4287.87	4311.95	4312.89	4268.66	-1	4.07380	5
1780912149	XAUUSD	M15	4291.94	4287.85	4295.67	4284.92	1	0.11787	0
1780913049	XAUUSD	M15	4303.37	4291.93	4308.02	4291.93	1	1.43638	0
1780913949	XAUUSD	M15	4305.75	4303.50	4311.28	4299.58	1	0.50109	0
1780914849	XAUUSD	M15	4298.41	4305.77	4306.61	4294.07	-1	0.58686	3
1780915749	XAUUSD	M15	4300.07	4298.44	4300.82	4293.22	1	0.63332	0
1780916649	XAUUSD	M15	4305.33	4300.09	4308.60	4294.96	1	0.14668	0
1780917549	XAUUSD	M15	4306.16	4305.35	4316.96	4300.64	1	0.80594	0
1780918449	XAUUSD	M15	4301.77	4306.24	4311.71	4301.37	-1	0.01764	3
1780919349	XAUUSD	M15	4294.50	4301.77	4302.65	4294.50	-1	0.58288	3
1780920249	XAUUSD	M15	4291.84	4294.50	4297.18	4289.68	-1	0.40920	3
1780921149	XAUUSD	M15	4288.16	4291.83	4293.59	4285.35	-1	0.19109	3
1780922049	XAUUSD	M15	4290.79	4288.51	4292.16	4286.59	1	0.48968	0
1780922949	XAUUSD	M15	4288.78	4290.79	4293.81	4285.45	-1	0.54796	3
1780923849	XAUUSD	M15	4289.02	4288.76	4292.21	4284.57	1	0.92111	0
1780924749	XAUUSD	M15	4279.87	4289.02	4290.98	4279.47	-1	0.98836	3
1780925649	XAUUSD	M15	4293.68	4279.86	4296.37	4273.02	1	1.97964	1
1780926549	XAUUSD	M15	4294.31	4293.63	4301.95	4291.07	1	0.83460	0
1780927449	XAUUSD	M15	4294.59	4294.30	4297.76	4286.24	1	0.91518	0
1780928349	XAUUSD	M15	4293.83	4294.59	4295.92	4289.86	-1	0.81057	3
1780929249	XAUUSD	M15	4304.93	4293.85	4305.76	4292.30	1	1.40187	0
1780930149	XAUUSD	M15	4302.06	4304.92	4305.09	4296.86	-1	0.35982	3
1780931049	XAUUSD	M15	4318.58	4302.06	4318.58	4297.18	1	2.54302	2
1780931949	XAUUSD	M15	4325.31	4318.20	4331.11	4312.70	1	0.53730	0
1780932849	XAUUSD	M15	4324.05	4325.32	4333.26	4322.40	-1	0.70594	3
1780933749	XAUUSD	M15	4331.28	4324.08	4332.73	4321.42	1	0.55364	0
1780934649	XAUUSD	M15	4322.88	4331.31	4334.80	4322.54	-1	0.81189	3
1780935549	XAUUSD	M15	4330.13	4322.33	4331.55	4320.26	1	0.67445	0
1780936449	XAUUSD	M15	4335.74	4330.14	4339.42	4327.63	1	0.20391	0
1780937349	XAUUSD	M15	4333.10	4335.83	4338.03	4327.10	-1	0.40787	3
1780938249	XAUUSD	M15	4323.84	4333.18	4334.94	4323.32	-1	0.99636	3
1780939149	XAUUSD	M15	4331.33	4323.85	4336.12	4321.52	1	0.59718	0
1780940049	XAUUSD	M15	4336.42	4331.38	4346.65	4331.37	1	0.07526	0
1780940949	XAUUSD	M15	4326.79	4336.45	4339.22	4326.27	-1	1.05561	3
1780941849	XAUUSD	M15	4319.56	4327.02	4330.75	4316.72	-1	0.58445	3
1780942749	XAUUSD	M15	4320.06	4319.62	4324.34	4315.92	1	0.90869	0
1780943649	XAUUSD	M15	4322.57	4320.08	4324.11	4315.15	1	0.47403	0
1780944549	XAUUSD	M15	4331.06	4322.63	4331.48	4317.05	1	0.78853	0
1780945449	XAUUSD	M15	4325.45	4331.08	4336.42	4325.37	-1	0.19015	3
1780946349	XAUUSD	M15	4330.68	4325.47	4336.08	4322.66	1	0.09872	0
1780947249	XAUUSD	M15	4339.41	4330.76	4339.72	4328.71	1	0.82909	0
1780948149	XAUUSD	M15	4341.94	4339.51	4345.77	4334.57	1	0.49684	0
1780949049	XAUUSD	M15	4340.96	4341.90	4343.93	4338.16	-1	0.81270	3
1780949949	XAUUSD	M15	4340.95	4340.96	4343.92	4339.78	-1	1.00659	3
1780950849	XAUUSD	M15	4343.94	4341.34	4346.42	4340.61	1	0.45185	0
1780951749	XAUUSD	M15	4340.75	4343.99	4346.05	4337.91	-1	0.31433	3
1780952649	XAUUSD	M15	4338.82	4340.66	4342.42	4336.10	-1	0.60997	3
1780953549	XAUUSD	M15	4339.15	4338.82	4340.55	4333.94	1	0.92996	0
1780954449	XAUUSD	M15	4334.10	4339.20	4339.64	4332.03	-1	0.08795	3
1780955349	XAUUSD	M15	4339.26	4334.06	4339.46	4334.06	1	0.10962	0
1780956249	XAUUSD	M15	4341.33	4339.15	4345.27	4338.70	1	0.53223	0
1780957149	XAUUSD	M15	4342.66	4341.33	4345.87	4341.33	1	0.71346	0
1780958049	XAUUSD	M15	4336.74	4342.59	4344.64	4336.34	-1	0.25022	3
1780958949	XAUUSD	M15	4334.61	4336.74	4337.04	4333.04	-1	0.53995	3
1780959849	XAUUSD	M15	4329.87	4334.48	4338.18	4329.60	-1	0.01175	3
1780960749	XAUUSD	M15	4327.76	4329.87	4331.59	4326.18	-1	0.54302	3
1780961649	XAUUSD	M15	4325.18	4327.77	4330.56	4324.34	-1	0.44080	3
1780962549	XAUUSD	M15	4326.76	4325.16	4330.11	4323.21	1	0.65167	0
1780963449	XAUUSD	M15	4328.24	4326.64	4329.85	4326.57	1	0.64957	0
1780964349	XAUUSD	M15	4326.52	4328.27	4328.27	4324.40	-1	0.61876	3
1780965249	XAUUSD	M15	4326.28	4326.57	4328.52	4325.42	-1	0.92688	3
1780966149	XAUUSD	M15	4329.82	4326.28	4330.42	4325.62	1	0.23207	0
1780970649	XAUUSD	M15	4325.29	4331.48	4332.69	4324.39	-1	0.33098	3
1780971549	XAUUSD	M15	4325.13	4325.23	4327.15	4322.75	-1	0.96799	3
1780972449	XAUUSD	M15	4327.42	4324.89	4327.42	4324.89	1	0.44832	0
1780973349	XAUUSD	M15	4327.79	4327.46	4328.75	4326.14	1	0.91356	0
1780974249	XAUUSD	M15	4327.63	4327.90	4328.77	4325.22	-1	0.92488	3
1780975149	XAUUSD	M15	4320.46	4327.64	4328.42	4320.38	-1	0.55310	3
1780976049	XAUUSD	M15	4319.60	4320.46	4322.24	4315.12	-1	0.79972	3
1780976949	XAUUSD	M15	4317.91	4319.60	4319.94	4312.92	-1	0.62110	3
1780977849	XAUUSD	M15	4322.74	4317.85	4323.74	4315.49	1	0.06322	0
1780978749	XAUUSD	M15	4316.82	4322.56	4323.26	4316.58	-1	0.24520	3
1780979649	XAUUSD	M15	4318.44	4316.72	4323.11	4315.24	1	0.61458	0
1780980549	XAUUSD	M15	4319.86	4318.40	4321.17	4315.02	1	0.66908	0
1780981449	XAUUSD	M15	4324.10	4319.87	4327.79	4318.52	1	0.07882	0
1780982349	XAUUSD	M15	4335.33	4324.13	4338.02	4322.33	1	1.40629	0
1780983249	XAUUSD	M15	4335.74	4335.37	4338.91	4332.87	1	0.90524	0
1780984149	XAUUSD	M15	4336.53	4335.76	4338.34	4333.13	1	0.81887	0
1780985049	XAUUSD	M15	4332.91	4336.57	4336.86	4328.27	-1	0.20064	3
1780985949	XAUUSD	M15	4335.60	4332.92	4336.25	4330.12	1	0.40761	0
1780986849	XAUUSD	M15	4338.43	4335.65	4339.72	4331.08	1	0.38727	0
1780987749	XAUUSD	M15	4336.03	4338.97	4341.05	4334.93	-1	0.35227	3
1780988649	XAUUSD	M15	4338.71	4335.94	4341.41	4331.33	1	0.38973	0
1780989549	XAUUSD	M15	4336.80	4338.78	4342.35	4333.57	-1	0.55949	3
1780990449	XAUUSD	M15	4337.55	4336.70	4337.99	4333.51	1	0.80142	0
1780991349	XAUUSD	M15	4336.61	4337.55	4341.91	4334.39	-1	0.77989	3
1780992249	XAUUSD	M15	4332.25	4336.61	4339.43	4332.24	-1	0.04924	3
1780993149	XAUUSD	M15	4330.49	4332.25	4332.89	4328.83	-1	0.60539	3
1780994049	XAUUSD	M15	4328.15	4330.50	4330.59	4324.38	-1	0.47906	3
1780994949	XAUUSD	M15	4332.31	4327.97	4333.07	4326.16	1	0.05571	0
1780995849	XAUUSD	M15	4331.40	4332.62	4337.04	4330.95	-1	0.72303	3
1780996749	XAUUSD	M15	4332.58	4331.40	4335.50	4330.93	1	0.73034	0
1780997649	XAUUSD	M15	4348.25	4332.52	4351.53	4332.30	1	2.35903	1
1780998549	XAUUSD	M15	4343.48	4348.61	4349.07	4341.69	-1	0.11089	3
1780999449	XAUUSD	M15	4341.43	4343.49	4348.88	4340.22	-1	0.54347	3
1781000349	XAUUSD	M15	4338.72	4341.41	4345.95	4338.30	-1	0.40892	3
1781001249	XAUUSD	M15	4336.73	4338.96	4339.55	4331.90	-1	0.50691	3
1781002149	XAUUSD	M15	4330.65	4336.73	4340.33	4330.31	-1	0.31265	3
1781003049	XAUUSD	M15	4327.41	4330.63	4334.69	4327.35	-1	0.29719	3
1781003949	XAUUSD	M15	4331.06	4326.89	4332.14	4322.96	1	0.09263	0
1781004849	XAUUSD	M15	4328.43	4331.07	4331.32	4322.32	-1	0.41602	3
1781005749	XAUUSD	M15	4326.56	4328.45	4330.20	4325.27	-1	0.57724	3
1781006649	XAUUSD	M15	4331.70	4326.66	4336.43	4321.27	1	0.09317	0
1781007549	XAUUSD	M15	4334.38	4331.73	4335.57	4331.49	1	0.41794	0
1781008449	XAUUSD	M15	4335.05	4334.43	4336.82	4330.52	1	0.85000	0
1781009349	XAUUSD	M15	4326.60	4335.05	4335.41	4325.85	-1	0.81834	3
1781010249	XAUUSD	M15	4328.22	4326.60	4330.78	4325.27	1	0.63909	0
1781011149	XAUUSD	M15	4326.89	4328.24	4336.25	4324.20	-1	0.69357	3
1781012049	XAUUSD	M15	4327.13	4326.62	4331.02	4325.06	1	0.87285	0
1781012949	XAUUSD	M15	4332.26	4327.02	4333.62	4326.65	1	0.13546	0
1781013849	XAUUSD	M15	4335.24	4332.27	4335.69	4325.63	1	0.34968	0
1781014749	XAUUSD	M15	4333.84	4335.41	4336.52	4331.35	-1	0.64871	3
1781015649	XAUUSD	M15	4332.65	4333.91	4335.12	4329.79	-1	0.71203	3
1781016549	XAUUSD	M15	4339.15	4332.65	4340.76	4330.36	1	0.40387	0
1781017449	XAUUSD	M15	4337.83	4339.08	4340.34	4335.65	-1	0.71893	3
1781018349	XAUUSD	M15	4338.75	4337.84	4340.46	4336.14	1	0.78993	0
1781019249	XAUUSD	M15	4338.95	4338.77	4340.08	4336.89	1	0.94165	0
1781020149	XAUUSD	M15	4339.76	4338.90	4343.86	4337.38	1	0.79312	0
1781021049	XAUUSD	M15	4340.92	4339.84	4344.06	4339.70	1	0.74695	0
1781021949	XAUUSD	M15	4335.94	4341.08	4342.98	4335.43	-1	0.11869	3
1781022849	XAUUSD	M15	4340.92	4335.94	4342.10	4334.97	1	0.08317	0
1781023749	XAUUSD	M15	4341.42	4340.87	4344.37	4336.75	1	0.86331	0
1781024649	XAUUSD	M15	4340.98	4341.61	4345.53	4338.14	-1	0.84534	3
1781025549	XAUUSD	M15	4330.90	4340.99	4342.07	4330.32	-1	1.16955	3
1781026449	XAUUSD	M15	4330.37	4330.90	4334.46	4325.24	-1	0.87096	3
1781027349	XAUUSD	M15	4328.66	4330.36	4363.43	4326.63	-1	0.62167	3
1781028249	XAUUSD	M15	4321.28	4328.95	4336.00	4319.79	-1	0.64986	3
1781029149	XAUUSD	M15	4318.71	4321.14	4323.76	4306.09	-1	0.46976	3
1781030049	XAUUSD	M15	4285.29	4318.36	4320.78	4285.13	-1	5.81898	5
1781030949	XAUUSD	M15	4300.76	4284.98	4300.90	4278.65	1	2.25331	1
1781031849	XAUUSD	M15	4294.92	4300.56	4302.16	4289.68	-1	0.18656	3
1781032749	XAUUSD	M15	4278.85	4294.87	4296.96	4277.24	-1	2.28987	4
1781033649	XAUUSD	M15	4279.82	4278.73	4282.02	4263.14	1	0.73778	0
1781034549	XAUUSD	M15	4272.90	4279.75	4285.81	4272.90	-1	0.42846	3
1781035449	XAUUSD	M15	4259.63	4272.38	4281.07	4258.46	-1	1.61714	4
1781036349	XAUUSD	M15	4263.49	4259.77	4266.15	4253.19	1	0.21030	0
1781037249	XAUUSD	M15	4244.94	4263.18	4267.62	4236.62	-1	2.71331	5
1781038149	XAUUSD	M15	4252.18	4245.05	4254.13	4238.91	1	0.47687	0
1781039049	XAUUSD	M15	4261.19	4252.37	4264.36	4251.36	1	0.82364	0
1781039949	XAUUSD	M15	4263.12	4260.83	4267.86	4258.52	1	0.49718	0
1781040849	XAUUSD	M15	4264.84	4263.09	4268.11	4261.02	1	0.60546	0
1781041749	XAUUSD	M15	4263.12	4264.83	4266.85	4256.05	-1	0.61160	3
1781042649	XAUUSD	M15	4265.37	4263.09	4266.94	4259.57	1	0.49518	0
1781043549	XAUUSD	M15	4270.90	4265.34	4274.20	4262.99	1	0.16622	0
1781044449	XAUUSD	M15	4264.35	4270.90	4273.98	4263.65	-1	0.36379	3
1781045349	XAUUSD	M15	4269.92	4264.36	4271.50	4262.33	1	0.16228	0
1781046249	XAUUSD	M15	4258.70	4270.09	4271.67	4258.02	-1	1.33599	3
1781047149	XAUUSD	M15	4257.39	4258.69	4258.75	4252.84	-1	0.70183	3
1781048049	XAUUSD	M15	4250.97	4257.27	4260.29	4250.15	-1	0.30570	3
1781048949	XAUUSD	M15	4258.48	4251.11	4259.74	4250.02	1	0.51890	0
1781049849	XAUUSD	M15	4258.45	4258.83	4261.08	4255.60	-1	0.89326	3
1781050749	XAUUSD	M15	4259.10	4258.46	4260.47	4257.90	1	0.83675	0
1781051649	XAUUSD	M15	4261.38	4259.02	4261.98	4257.74	1	0.48844	0
1781052549	XAUUSD	M15	4259.44	4261.49	4262.11	4259.35	-1	0.55006	3
1781057049	XAUUSD	M15	4255.44	4256.01	4257.24	4250.75	-1	0.84685	3
1781057949	XAUUSD	M15	4256.82	4255.44	4256.82	4253.03	1	0.68131	0
1781058849	XAUUSD	M15	4248.97	4256.78	4257.39	4247.68	-1	0.61546	3
1781059749	XAUUSD	M15	4237.31	4248.98	4249.81	4232.40	-1	1.38796	3
1781060649	XAUUSD	M15	4235.90	4237.24	4247.42	4235.59	-1	0.68796	3
1781061549	XAUUSD	M15	4224.19	4236.20	4236.68	4222.98	-1	1.45309	3
1781062449	XAUUSD	M15	4218.63	4224.19	4229.73	4216.61	-1	0.15582	3
1781063349	XAUUSD	M15	4222.03	4218.54	4224.57	4210.38	1	0.26062	0
1781064249	XAUUSD	M15	4225.12	4222.01	4226.61	4216.66	1	0.33539	0
1781065149	XAUUSD	M15	4217.94	4225.12	4228.28	4217.94	-1	0.48715	3
1781066049	XAUUSD	M15	4204.49	4218.25	4218.93	4199.03	-1	1.80233	4
1781066949	XAUUSD	M15	4218.23	4204.28	4220.95	4199.80	1	1.82962	1
1781067849	XAUUSD	M15	4203.39	4218.28	4218.55	4187.19	-1	2.00313	4
1781068749	XAUUSD	M15	4201.81	4203.29	4216.69	4197.43	-1	0.66913	3
1781069649	XAUUSD	M15	4187.41	4201.92	4207.04	4184.65	-1	1.91422	4
1781070549	XAUUSD	M15	4188.63	4187.30	4195.64	4183.88	1	0.69905	0
1781071449	XAUUSD	M15	4182.77	4188.63	4191.70	4179.70	-1	0.20299	3
1781072349	XAUUSD	M15	4187.98	4182.83	4188.35	4178.24	1	0.06481	0
1781073249	XAUUSD	M15	4184.51	4187.95	4192.63	4174.32	-1	0.27469	3
1781074149	XAUUSD	M15	4174.01	4184.35	4190.53	4173.18	-1	1.09691	3
1781075049	XAUUSD	M15	4178.09	4173.96	4180.68	4172.93	1	0.13421	0
1781075949	XAUUSD	M15	4177.22	4178.19	4181.11	4173.84	-1	0.76886	3
1781076849	XAUUSD	M15	4179.92	4177.22	4183.05	4176.34	1	0.41928	0
1781077749	XAUUSD	M15	4184.81	4179.90	4186.50	4179.71	1	0.02522	0
1781078649	XAUUSD	M15	4181.37	4184.83	4187.29	4180.72	-1	0.26677	3
1781079549	XAUUSD	M15	4174.56	4181.28	4183.05	4173.70	-1	0.38713	3
1781080449	XAUUSD	M15	4173.55	4174.49	4175.26	4172.93	-1	0.77364	3
1781081349	XAUUSD	M15	4174.82	4173.55	4175.85	4172.55	1	0.70675	0
1781082249	XAUUSD	M15	4179.77	4175.04	4180.44	4173.39	1	0.01185	0
1781083149	XAUUSD	M15	4187.25	4179.85	4187.25	4175.62	1	0.52416	0
1781084049	XAUUSD	M15	4198.25	4187.33	4199.02	4181.79	1	1.22715	0
1781084949	XAUUSD	M15	4205.15	4198.14	4208.97	4197.53	1	0.44024	0
1781085849	XAUUSD	M15	4212.90	4205.17	4221.80	4205.16	1	0.58206	0
1781086749	XAUUSD	M15	4211.94	4212.94	4216.71	4208.32	-1	0.76497	3
1781087649	XAUUSD	M15	4207.75	4211.80	4213.46	4205.01	-1	0.14471	3
1781088549	XAUUSD	M15	4203.96	4207.48	4209.81	4201.80	-1	0.24802	3
1781089449	XAUUSD	M15	4200.31	4203.94	4207.84	4197.31	-1	0.22341	3
1781090349	XAUUSD	M15	4194.92	4200.31	4203.79	4193.58	-1	0.13810	3
1781091249	XAUUSD	M15	4189.69	4194.95	4197.15	4188.00	-1	0.11059	3
1781092149	XAUUSD	M15	4186.47	4189.76	4192.97	4181.58	-1	0.29315	3
1781093049	XAUUSD	M15	4166.47	4186.12	4187.46	4161.41	-1	3.05242	5
1781093949	XAUUSD	M15	4172.22	4166.85	4178.98	4166.25	1	0.12910	0
1781094849	XAUUSD	M15	4170.55	4172.14	4179.29	4166.47	-1	0.64285	3
1781095749	XAUUSD	M15	4168.57	4170.57	4176.47	4166.46	-1	0.55885	3
1781096649	XAUUSD	M15	4165.07	4168.98	4174.07	4164.78	-1	0.16840	3
1781097549	XAUUSD	M15	4166.26	4164.99	4175.01	4164.41	1	0.70840	0
1781098449	XAUUSD	M15	4171.29	4166.23	4179.53	4165.79	1	0.06529	0
1781099349	XAUUSD	M15	4168.74	4171.37	4174.96	4163.09	-1	0.43199	3
1781100249	XAUUSD	M15	4161.01	4168.75	4171.14	4155.68	-1	0.61075	3
1781101149	XAUUSD	M15	4165.16	4161.01	4169.78	4159.54	1	0.12521	0
1781102049	XAUUSD	M15	4171.40	4164.88	4171.40	4164.08	1	0.35857	0
1781102949	XAUUSD	M15	4174.51	4171.45	4178.70	4169.80	1	0.35109	0
1781103849	XAUUSD	M15	4168.83	4174.69	4176.12	4153.72	-1	0.22103	3
1781104749	XAUUSD	M15	4166.32	4168.62	4171.69	4156.74	-1	0.50819	3
1781105649	XAUUSD	M15	4154.43	4166.46	4168.01	4154.38	-1	1.47818	3
1781106549	XAUUSD	M15	4147.65	4154.43	4163.41	4145.79	-1	0.40168	3
1781107449	XAUUSD	M15	4136.27	4147.48	4152.53	4134.68	-1	1.30467	3
1781108349	XAUUSD	M15	4141.11	4136.06	4142.87	4130.66	1	0.04432	0
1781109249	XAUUSD	M15	4160.44	4141.52	4173.72	4139.91	1	2.84625	2
1781110149	XAUUSD	M15	4147.02	4160.45	4169.53	4142.28	-1	1.72314	4
1781111049	XAUUSD	M15	4151.43	4147.05	4157.91	4144.99	1	0.10503	0
1781111949	XAUUSD	M15	4150.11	4151.38	4151.38	4132.95	-1	0.73351	3
1781112849	XAUUSD	M15	4178.11	4149.20	4178.11	4142.06	1	4.71283	2
1781113749	XAUUSD	M15	4179.64	4179.26	4186.31	4174.04	1	0.89958	0
1781114649	XAUUSD	M15	4174.19	4179.63	4180.78	4170.31	-1	0.09613	3
1781115549	XAUUSD	M15	4161.02	4174.23	4175.53	4159.68	-1	1.61519	4
1781116449	XAUUSD	M15	4150.06	4161.18	4163.33	4149.94	-1	1.19969	3
1781117349	XAUUSD	M15	4124.86	4150.02	4151.77	4118.01	-1	3.88291	5
1781118249	XAUUSD	M15	4123.79	4124.94	4136.48	4119.22	-1	0.74710	3
1781119149	XAUUSD	M15	4127.72	4123.36	4136.87	4113.17	1	0.12877	0
1781120049	XAUUSD	M15	4128.75	4128.12	4131.22	4122.09	1	0.84655	0
1781120949	XAUUSD	M15	4128.99	4128.65	4131.13	4106.86	1	0.90012	0
1781121849	XAUUSD	M15	4129.23	4128.90	4132.82	4122.92	1	0.89973	0
1781122749	XAUUSD	M15	4127.54	4129.26	4134.71	4126.03	-1	0.63176	3
1781123649	XAUUSD	M15	4122.36	4127.54	4132.10	4120.50	-1	0.03258	3
1781124549	XAUUSD	M15	4121.98	4122.20	4123.11	4115.93	-1	0.92173	3
1781125449	XAUUSD	M15	4118.08	4122.10	4134.97	4114.91	-1	0.18622	3
1781126349	XAUUSD	M15	4110.89	4118.07	4120.22	4109.21	-1	0.42264	3
1781127249	XAUUSD	M15	4102.34	4111.03	4112.51	4101.93	-1	0.71351	3
1781128149	XAUUSD	M15	4111.66	4102.39	4113.51	4100.84	1	0.82377	0
1781129049	XAUUSD	M15	4115.96	4111.84	4120.45	4111.84	1	0.17196	0
1781129949	XAUUSD	M15	4112.47	4115.74	4118.12	4109.66	-1	0.33652	3
1781130849	XAUUSD	M15	4104.98	4112.44	4112.66	4104.67	-1	0.47094	3
1781131749	XAUUSD	M15	4101.23	4105.00	4107.76	4097.01	-1	0.23898	3
1781132649	XAUUSD	M15	4089.00	4101.62	4102.16	4087.31	-1	1.46835	3
1781133549	XAUUSD	M15	4084.73	4089.00	4092.08	4081.63	-1	0.14668	3
1781134449	XAUUSD	M15	4091.63	4084.73	4091.89	4082.24	1	0.36256	0
1781135349	XAUUSD	M15	4082.84	4091.52	4092.61	4081.69	-1	0.70409	3
1781136249	XAUUSD	M15	4072.13	4082.66	4083.08	4069.27	-1	1.05914	3
1781137149	XAUUSD	M15	4078.46	4072.13	4080.07	4071.24	1	0.24675	0
1781138049	XAUUSD	M15	4072.83	4078.40	4078.40	4071.47	-1	0.10106	3
1781138949	XAUUSD	M15	4071.24	4072.64	4072.79	4067.18	-1	0.70430	3
1781143449	XAUUSD	M15	4056.10	4071.28	4072.75	4050.22	-1	1.94416	4
1781144349	XAUUSD	M15	4044.93	4056.10	4057.05	4036.02	-1	1.16781	3
1781145249	XAUUSD	M15	4062.93	4044.75	4069.18	4044.69	1	2.48995	1
1781146149	XAUUSD	M15	4046.54	4062.87	4066.82	4045.71	-1	2.12106	4
1781147049	XAUUSD	M15	4030.16	4046.68	4053.88	4023.88	-1	2.14054	4
1781147949	XAUUSD	M15	4061.60	4029.87	4064.53	4025.13	1	4.86148	2
1781148849	XAUUSD	M15	4056.24	4061.60	4064.44	4055.05	-1	0.01925	3
1781149749	XAUUSD	M15	4047.12	4056.24	4057.39	4044.60	-1	0.70646	3
1781150649	XAUUSD	M15	4052.25	4047.89	4059.55	4036.18	1	0.16787	0
1781151549	XAUUSD	M15	4067.63	4052.21	4072.63	4049.78	1	1.85085	1
1781152449	XAUUSD	M15	4063.41	4067.21	4076.76	4059.26	-1	0.27590	3
1781153349	XAUUSD	M15	4075.79	4063.40	4077.94	4063.33	1	1.28992	0
1781154249	XAUUSD	M15	4086.85	4075.72	4089.88	4066.43	1	1.05465	0
1781155149	XAUUSD	M15	4104.59	4086.88	4108.77	4085.73	1	2.23825	1
1781156049	XAUUSD	M15	4113.80	4104.60	4118.22	4104.21	1	0.68833	0
1781156949	XAUUSD	M15	4101.95	4113.74	4117.20	4098.23	-1	1.15378	3
1781157849	XAUUSD	M15	4089.56	4101.99	4102.61	4089.21	-1	1.26393	3
1781158749	XAUUSD	M15	4082.25	4089.49	4095.77	4081.70	-1	0.31913	3
1781159649	XAUUSD	M15	4059.48	4082.38	4085.03	4055.16	-1	3.12084	5
1781160549	XAUUSD	M15	4067.81	4059.46	4073.30	4052.60	1	0.50439	0
1781161449	XAUUSD	M15	4065.66	4067.86	4078.58	4064.56	-1	0.60123	3
1781162349	XAUUSD	M15	4063.38	4065.88	4071.54	4056.82	-1	0.54667	3
1781163249	XAUUSD	M15	4067.40	4063.09	4071.88	4062.57	1	0.22174	0
1781164149	XAUUSD	M15	4072.81	4067.40	4075.50	4064.88	1	0.02578	0
1781165049	XAUUSD	M15	4082.89	4072.84	4083.28	4070.13	1	0.80481	0
1781165949	XAUUSD	M15	4077.64	4082.89	4085.49	4076.45	-1	0.05417	3
1781166849	XAUUSD	M15	4082.01	4077.64	4083.92	4074.79	1	0.21423	0
1781167749	XAUUSD	M15	4082.73	4082.03	4085.84	4079.70	1	0.87542	0
1781168649	XAUUSD	M15	4077.44	4082.73	4083.20	4075.53	-1	0.03525	3
1781169549	XAUUSD	M15	4075.17	4077.44	4081.18	4072.73	-1	0.58651	3
1781170449	XAUUSD	M15	4099.58	4075.44	4099.67	4075.15	1	3.36058	2
1781171349	XAUUSD	M15	4094.32	4099.55	4106.21	4093.52	-1	0.05462	3
1781172249	XAUUSD	M15	4084.48	4094.28	4094.81	4076.39	-1	0.76718	3
1781173149	XAUUSD	M15	4086.87	4084.44	4093.06	4081.97	1	0.56462	0
1781174049	XAUUSD	M15	4092.79	4086.94	4092.90	4083.13	1	0.05532	0
1781174949	XAUUSD	M15	4094.27	4092.79	4097.57	4091.09	1	0.73222	0
1781175849	XAUUSD	M15	4096.84	4094.79	4098.44	4091.84	1	0.62584	0
1781176749	XAUUSD	M15	4107.55	4096.81	4110.29	4096.48	1	0.95084	0
1781177649	XAUUSD	M15	4107.62	4107.53	4110.59	4101.74	1	0.98126	0
1781178549	XAUUSD	M15	4105.03	4107.58	4108.17	4099.08	-1	0.53118	3
1781179449	XAUUSD	M15	4106.28	4105.03	4112.70	4104.20	1	0.76524	0
1781180349	XAUUSD	M15	4097.66	4106.27	4108.50	4097.20	-1	0.56985	3
1781181249	XAUUSD	M15	4090.64	4097.38	4099.55	4090.36	-1	0.22778	3
1781182149	XAUUSD	M15	4084.64	4090.63	4092.10	4084.58	-1	0.09078	3
1781183049	XAUUSD	M15	4086.04	4084.53	4087.46	4080.74	1	0.72422	0
1781183949	XAUUSD	M15	4079.48	4086.25	4088.99	4079.06	-1	0.23179	3
1781184849	XAUUSD	M15	4091.70	4079.48	4091.91	4077.50	1	1.21753	0
1781185749	XAUUSD	M15	4091.69	4091.71	4096.28	4089.95	-1	0.99819	3
1781186649	XAUUSD	M15	4092.21	4091.65	4094.22	4088.39	1	0.89669	0
1781187549	XAUUSD	M15	4087.99	4092.21	4094.57	4086.89	-1	0.23411	3
1781188449	XAUUSD	M15	4090.56	4087.74	4093.09	4086.57	1	0.48993	0
1781189349	XAUUSD	M15	4089.97	4090.52	4093.02	4087.70	-1	0.90192	3
1781190249	XAUUSD	M15	4086.59	4089.89	4093.37	4086.51	-1	0.40363	3
1781191149	XAUUSD	M15	4090.39	4086.40	4091.41	4083.51	1	0.27972	0
1781192049	XAUUSD	M15	4084.94	4090.41	4095.86	4081.80	-1	0.01110	3
1781192949	XAUUSD	M15	4080.34	4084.82	4087.62	4079.71	-1	0.19159	3
1781193849	XAUUSD	M15	4076.41	4080.34	4087.15	4073.15	-1	0.29361	3
1781194749	XAUUSD	M15	4069.08	4076.41	4082.03	4061.59	-1	0.32369	3
1781195649	XAUUSD	M15	4073.40	4069.03	4077.12	4057.54	1	0.21680	0
1781196549	XAUUSD	M15	4082.22	4073.43	4085.10	4069.88	1	0.58648	0
1781197449	XAUUSD	M15	4073.21	4081.95	4086.09	4072.03	-1	0.57482	3
1781198349	XAUUSD	M15	4075.71	4073.09	4081.79	4072.28	1	0.54229	0
1781199249	XAUUSD	M15	4076.28	4075.47	4082.80	4067.14	1	0.87135	0
1781200149	XAUUSD	M15	4083.18	4076.22	4092.55	4073.62	1	0.24750	0
1781201049	XAUUSD	M15	4061.06	4083.16	4085.48	4053.03	-1	2.97309	5
1781201949	XAUUSD	M15	4074.78	4061.25	4084.75	4056.27	1	1.41685	0
1781202849	XAUUSD	M15	4076.19	4074.92	4083.41	4070.56	1	0.79277	0
1781203749	XAUUSD	M15	4073.47	4076.34	4080.97	4072.19	-1	0.50311	3
1781204649	XAUUSD	M15	4080.65	4073.37	4087.47	4070.40	1	0.28935	0
1781205549	XAUUSD	M15	4081.62	4080.58	4089.20	4074.68	1	0.83515	0
1781206449	XAUUSD	M15	4088.15	4081.60	4090.43	4077.49	1	0.15776	0
1781207349	XAUUSD	M15	4088.77	4088.29	4095.54	4086.06	1	0.93547	0
1781208249	XAUUSD	M15	4102.66	4088.90	4103.30	4086.80	1	1.45058	0
1781209149	XAUUSD	M15	4079.68	4102.69	4107.52	4079.58	-1	3.07159	5
1781210049	XAUUSD	M15	4081.96	4079.49	4087.84	4078.53	1	0.57957	0
1781210949	XAUUSD	M15	4080.20	4081.83	4084.20	4078.07	-1	0.72783	3
1781211849	XAUUSD	M15	4076.11	4080.30	4080.63	4072.10	-1	0.27443	3
1781212749	XAUUSD	M15	4101.82	4076.11	4102.12	4074.46	1	3.49367	2
1781213649	XAUUSD	M15	4166.78	4102.06	4169.87	4102.06	1	9.24751	2
1781214549	XAUUSD	M15	4151.83	4166.57	4166.57	4146.64	-1	1.38140	3
1781215449	XAUUSD	M15	4146.93	4152.01	4155.62	4131.42	-1	0.13622	3
1781216349	XAUUSD	M15	4152.94	4146.90	4163.01	4145.32	1	0.01300	0
1781217249	XAUUSD	M15	4164.79	4152.89	4165.06	4149.01	1	0.93166	0
1781218149	XAUUSD	M15	4161.80	4164.72	4171.62	4160.51	-1	0.47839	3
1781219049	XAUUSD	M15	4188.24	4162.02	4189.21	4162.02	1	3.13685	2
1781219949	XAUUSD	M15	4195.57	4188.61	4198.34	4186.17	1	0.14402	0
1781220849	XAUUSD	M15	4210.32	4195.62	4219.98	4195.62	1	1.33990	0
1781221749	XAUUSD	M15	4209.02	4210.36	4215.36	4207.47	-1	0.73152	3
1781222649	XAUUSD	M15	4213.76	4209.25	4218.53	4208.23	1	0.24153	0
1781223549	XAUUSD	M15	4214.11	4213.76	4216.29	4212.26	1	0.88602	0
1781224449	XAUUSD	M15	4209.73	4214.27	4216.43	4209.63	-1	0.23758	3
1781225349	XAUUSD	M15	4210.88	4210.06	4213.04	4209.19	1	0.81314	0
1781229849	XAUUSD	M15	4209.72	4213.25	4220.52	4205.28	-1	0.39263	3
1781230749	XAUUSD	M15	4214.85	4209.55	4215.81	4205.63	1	0.11849	0
1781231649	XAUUSD	M15	4225.95	4214.68	4228.11	4211.30	1	0.80364	0
1781232549	XAUUSD	M15	4243.42	4225.89	4246.77	4225.20	1	1.76327	1
1781233449	XAUUSD	M15	4223.82	4243.42	4245.89	4221.84	-1	2.06743	4
1781234349	XAUUSD	M15	4216.80	4223.97	4226.64	4214.15	-1	0.15526	3
1781235249	XAUUSD	M15	4219.28	4216.20	4223.46	4214.43	1	0.47264	0
1781236149	XAUUSD	M15	4219.85	4219.39	4224.31	4215.19	1	0.87340	0
1781237049	XAUUSD	M15	4216.87	4219.52	4225.55	4212.64	-1	0.53567	3
1781237949	XAUUSD	M15	4220.39	4216.87	4230.41	4207.22	1	0.40024	0
1781238849	XAUUSD	M15	4203.54	4220.39	4228.80	4202.72	-1	1.63769	4
1781239749	XAUUSD	M15	4208.28	4203.86	4208.28	4200.70	1	0.26668	0
1781240649	XAUUSD	M15	4186.98	4208.55	4211.10	4182.93	-1	2.34024	4
1781241549	XAUUSD	M15	4181.08	4186.97	4193.62	4179.29	-1	0.04887	3
1781242449	XAUUSD	M15	4179.27	4180.96	4186.76	4171.24	-1	0.68735	3
1781243349	XAUUSD	M15	4186.75	4179.23	4191.53	4179.23	1	0.19827	0
1781244249	XAUUSD	M15	4193.93	4186.58	4200.02	4183.74	1	0.17098	0
1781245149	XAUUSD	M15	4188.66	4193.93	4194.53	4186.69	-1	0.14682	3
1781246049	XAUUSD	M15	4186.14	4188.78	4193.21	4182.79	-1	0.54765	3
1781246949	XAUUSD	M15	4191.58	4186.12	4193.80	4183.71	1	0.11934	0
1781247849	XAUUSD	M15	4194.01	4191.52	4196.09	4189.71	1	0.57355	0
1781248749	XAUUSD	M15	4203.50	4193.88	4203.69	4193.20	1	0.51195	0
1781249649	XAUUSD	M15	4199.23	4203.57	4205.09	4198.68	-1	0.29560	3
1781250549	XAUUSD	M15	4197.00	4199.23	4201.53	4195.58	-1	0.61790	3
1781251449	XAUUSD	M15	4194.32	4197.17	4201.09	4191.97	-1	0.52219	3
1781252349	XAUUSD	M15	4192.74	4194.27	4195.58	4190.35	-1	0.72232	3
1781253249	XAUUSD	M15	4193.50	4192.74	4198.44	4191.91	1	0.83964	0
1781254149	XAUUSD	M15	4190.09	4193.50	4194.35	4189.78	-1	0.43441	3
1781255049	XAUUSD	M15	4188.81	4190.09	4192.90	4181.92	-1	0.75981	3
1781255949	XAUUSD	M15	4187.11	4188.95	4189.62	4184.99	-1	0.67320	3
1781256849	XAUUSD	M15	4180.37	4187.04	4187.71	4172.50	-1	0.06863	3
1781257749	XAUUSD	M15	4173.40	4180.41	4180.92	4170.78	-1	0.13664	3
1781258649	XAUUSD	M15	4182.93	4173.39	4185.62	4173.31	1	0.53835	0
1781259549	XAUUSD	M15	4182.10	4182.91	4183.13	4179.01	-1	0.84013	3
1781260449	XAUUSD	M15	4176.49	4182.09	4182.55	4172.36	-1	0.07781	3
1781261349	XAUUSD	M15	4184.20	4176.49	4184.79	4174.29	1	0.26561	0
1781262249	XAUUSD	M15	4178.24	4184.15	4185.09	4176.08	-1	0.02489	3
1781263149	XAUUSD	M15	4174.07	4178.24	4179.97	4173.85	-1	0.30369	3
1781264049	XAUUSD	M15	4183.10	4174.12	4184.54	4170.27	1	0.46932	0
1781264949	XAUUSD	M15	4193.89	4183.04	4193.89	4173.81	1	0.77750	0
1781265849	XAUUSD	M15	4203.73	4194.46	4204.89	4191.90	1	0.52666	0
1781266749	XAUUSD	M15	4213.23	4203.82	4220.74	4199.54	1	0.54643	0
1781267649	XAUUSD	M15	4218.37	4213.92	4222.49	4211.71	1	0.25418	0
1781268549	XAUUSD	M15	4219.59	4218.66	4225.90	4214.60	1	0.82380	0
1781269449	XAUUSD	M15	4224.25	4219.64	4225.24	4217.47	1	0.22827	0
1781270349	XAUUSD	M15	4220.94	4224.19	4226.92	4219.14	-1	0.44883	3
1781271249	XAUUSD	M15	4225.36	4220.91	4227.86	4219.25	1	0.25529	0
1781272149	XAUUSD	M15	4221.95	4225.35	4227.90	4221.45	-1	0.42205	3
1781273049	XAUUSD	M15	4221.64	4221.88	4225.55	4218.98	-1	0.93370	3
1781273949	XAUUSD	M15	4206.87	4221.42	4222.14	4202.77	-1	1.38656	3
1781274849	XAUUSD	M15	4215.40	4206.87	4218.64	4206.60	1	0.40685	0
1781275749	XAUUSD	M15	4210.97	4215.40	4218.69	4209.42	-1	0.26069	3
1781276649	XAUUSD	M15	4207.46	4211.40	4212.05	4205.09	-1	0.33641	3
1781277549	XAUUSD	M15	4202.51	4207.25	4210.24	4202.14	-1	0.20643	3
1781278449	XAUUSD	M15	4209.66	4202.50	4210.56	4197.57	1	0.18905	0
1781279349	XAUUSD	M15	4206.94	4209.64	4215.33	4206.52	-1	0.53880	3
1781280249	XAUUSD	M15	4214.26	4206.87	4214.26	4202.87	1	0.22721	0
1781281149	XAUUSD	M15	4201.12	4214.13	4215.40	4200.40	-1	1.14185	3
1781282049	XAUUSD	M15	4196.81	4201.15	4201.86	4191.37	-1	0.27197	3
1781282949	XAUUSD	M15	4191.72	4196.77	4200.65	4188.55	-1	0.15822	3
1781283849	XAUUSD	M15	4198.43	4191.70	4201.19	4186.60	1	0.11466	0
1781284749	XAUUSD	M15	4202.97	4198.45	4206.73	4197.36	1	0.24545	0
1781285649	XAUUSD	M15	4190.97	4202.83	4210.20	4182.93	-1	0.94890	3
1781286549	XAUUSD	M15	4186.13	4190.69	4194.11	4183.50	-1	0.24272	3
1781287449	XAUUSD	M15	4193.28	4186.93	4198.34	4184.87	1	0.04794	0
1781288349	XAUUSD	M15	4188.55	4193.12	4199.48	4182.71	-1	0.23979	3
1781289249	XAUUSD	M15	4184.57	4188.69	4193.26	4181.22	-1	0.31144	3
1781290149	XAUUSD	M15	4203.99	4184.47	4208.51	4177.33	1	2.19242	1
1781291049	XAUUSD	M15	4214.07	4204.36	4215.15	4200.41	1	0.59801	0
1781291949	XAUUSD	M15	4225.83	4214.15	4235.46	4212.71	1	0.91514	0
1781292849	XAUUSD	M15	4211.13	4225.84	4228.22	4210.54	-1	1.40166	3
1781293749	XAUUSD	M15	4212.13	4211.03	4218.90	4207.17	1	0.80734	0
1781294649	XAUUSD	M15	4221.70	4211.87	4224.66	4208.11	1	0.60670	0
1781295549	XAUUSD	M15	4216.99	4221.70	4232.81	4215.74	-1	0.22382	3
1781296449	XAUUSD	M15	4213.31	4216.99	4220.38	4211.72	-1	0.39017	3
1781297349	XAUUSD	M15	4216.46	4213.45	4218.17	4211.40	1	0.49905	0
1781298249	XAUUSD	M15	4218.42	4216.08	4225.96	4215.18	1	0.60432	0
1781299149	XAUUSD	M15	4218.86	4218.45	4223.71	4213.92	1	0.91415	0
1781300049	XAUUSD	M15	4222.36	4219.23	4223.51	4214.03	1	0.46855	0
1781300949	XAUUSD	M15	4221.31	4222.41	4225.08	4219.77	-1	0.79946	3
1781301849	XAUUSD	M15	4227.04	4221.36	4228.48	4218.27	1	0.05216	0
1781302749	XAUUSD	M15	4226.53	4227.02	4235.34	4224.48	-1	0.89710	3
1781303649	XAUUSD	M15	4229.29	4226.49	4230.04	4224.39	1	0.52179	0
1781304549	XAUUSD	M15	4215.52	4229.27	4229.27	4214.16	-1	1.25726	3
1781305449	XAUUSD	M15	4217.59	4215.54	4219.02	4214.24	1	0.64426	0
1781306349	XAUUSD	M15	4208.53	4217.59	4217.59	4207.86	-1	0.49308	3
1781307249	XAUUSD	M15	4205.22	4208.53	4210.17	4201.87	-1	0.44223	3
1781308149	XAUUSD	M15	4210.77	4205.22	4211.24	4203.74	1	0.07739	0
1781309049	XAUUSD	M15	4212.56	4210.68	4213.64	4209.53	1	0.67432	0
1781309949	XAUUSD	M15	4214.43	4212.64	4216.92	4212.36	1	0.68925	0
1781310849	XAUUSD	M15	4213.73	4214.48	4214.48	4212.54	-1	0.85439	3
1781311749	XAUUSD	M15	4218.91	4213.89	4219.13	4212.59	1	0.15962	0
