ohlcv_timestamp	ohlcv_symbol	ohlcv_timeframe	ohlcv_close	ohlcv_open	ohlcv_high	ohlcv_low	ohlcv_volume
1781009101	XAUUSD	M5	4341.28000	4340.87000	4344.37000	4339.98000	550
1781009401	XAUUSD	M5	4337.55000	4341.33000	4343.76000	4337.24000	550
1781009701	XAUUSD	M5	4341.42000	4337.39000	4342.03000	4336.75000	551
1781010001	XAUUSD	M5	4339.49000	4341.61000	4345.53000	4338.14000	831
1781010301	XAUUSD	M5	4341.28000	4339.55000	4344.33000	4338.77000	752
1781010601	XAUUSD	M5	4340.98000	4341.48000	4342.41000	4339.87000	632
1781010901	XAUUSD	M5	4334.13000	4340.99000	4342.07000	4334.13000	681
1781011201	XAUUSD	M5	4333.35000	4334.03000	4336.26000	4331.62000	699
1781011501	XAUUSD	M5	4330.90000	4333.74000	4335.45000	4330.32000	725
1781011801	XAUUSD	M5	4329.88000	4330.90000	4333.99000	4328.87000	874
1781012101	XAUUSD	M5	4331.95000	4329.93000	4334.46000	4329.59000	845
1781012401	XAUUSD	M5	4330.37000	4332.13000	4332.15000	4325.24000	833
1781012701	XAUUSD	M5	4351.36000	4330.36000	4363.43000	4329.27000	912
1781013001	XAUUSD	M5	4334.10000	4352.08000	4352.61000	4333.58000	928
1781013301	XAUUSD	M5	4328.66000	4334.23000	4334.68000	4326.63000	900
1781013601	XAUUSD	M5	4329.39000	4328.95000	4336.00000	4326.55000	931
1781013901	XAUUSD	M5	4328.53000	4329.54000	4332.12000	4324.93000	910
1781014201	XAUUSD	M5	4321.28000	4328.48000	4328.79000	4319.79000	912
1781014501	XAUUSD	M5	4311.45000	4321.14000	4323.03000	4306.09000	965
1781014801	XAUUSD	M5	4318.53000	4311.49000	4320.32000	4309.42000	947
1781015101	XAUUSD	M5	4318.71000	4318.76000	4323.76000	4315.88000	948
1781015401	XAUUSD	M5	4315.01000	4318.36000	4320.78000	4310.08000	956
1781015701	XAUUSD	M5	4305.34000	4314.87000	4314.95000	4302.81000	949
1781016001	XAUUSD	M5	4285.29000	4305.43000	4307.61000	4285.13000	926
1781016301	XAUUSD	M5	4284.21000	4284.98000	4290.05000	4278.65000	971
1781016601	XAUUSD	M5	4298.21000	4284.07000	4298.28000	4281.75000	961
1781016901	XAUUSD	M5	4300.76000	4298.24000	4300.90000	4292.73000	946
1781017201	XAUUSD	M5	4293.26000	4300.56000	4302.16000	4291.38000	944
1781017501	XAUUSD	M5	4295.65000	4293.25000	4296.79000	4290.03000	948
1781017801	XAUUSD	M5	4294.92000	4296.01000	4299.15000	4289.68000	906
1781018101	XAUUSD	M5	4291.97000	4294.87000	4296.96000	4291.26000	886
1781018401	XAUUSD	M5	4285.55000	4291.90000	4294.39000	4285.00000	902
1781018701	XAUUSD	M5	4278.85000	4285.55000	4288.73000	4277.24000	956
1781019001	XAUUSD	M5	4274.54000	4278.73000	4282.02000	4263.62000	972
1781019301	XAUUSD	M5	4270.25000	4274.56000	4274.66000	4263.14000	967
1781019601	XAUUSD	M5	4279.82000	4270.13000	4280.00000	4269.26000	949
1781019901	XAUUSD	M5	4280.97000	4279.75000	4285.81000	4278.53000	927
1781020201	XAUUSD	M5	4279.93000	4280.96000	4284.05000	4276.43000	918
1781020501	XAUUSD	M5	4272.90000	4279.91000	4285.07000	4272.90000	948
1781020801	XAUUSD	M5	4273.90000	4272.38000	4281.07000	4271.01000	948
1781021101	XAUUSD	M5	4263.62000	4273.85000	4274.46000	4260.76000	948
1781021401	XAUUSD	M5	4259.63000	4263.58000	4266.88000	4258.46000	959
1781021701	XAUUSD	M5	4254.57000	4259.77000	4263.31000	4253.19000	953
1781022001	XAUUSD	M5	4261.99000	4254.43000	4263.38000	4253.38000	962
1781022301	XAUUSD	M5	4263.49000	4262.01000	4266.15000	4261.16000	950
1781022601	XAUUSD	M5	4262.13000	4263.18000	4264.70000	4260.00000	911
1781022901	XAUUSD	M5	4241.26000	4262.00000	4267.62000	4237.23000	940
1781023201	XAUUSD	M5	4244.94000	4241.23000	4248.14000	4236.62000	984
1781023501	XAUUSD	M5	4249.87000	4245.05000	4254.13000	4244.21000	964
1781023801	XAUUSD	M5	4240.07000	4249.73000	4251.31000	4238.91000	963
1781024101	XAUUSD	M5	4252.18000	4239.95000	4252.32000	4239.78000	946
1781024401	XAUUSD	M5	4262.43000	4252.37000	4263.59000	4251.36000	941
1781024701	XAUUSD	M5	4262.93000	4262.45000	4263.89000	4258.77000	950
1781025001	XAUUSD	M5	4261.19000	4262.73000	4264.36000	4257.70000	924
1781025301	XAUUSD	M5	4263.95000	4260.83000	4265.75000	4258.52000	906
1781025601	XAUUSD	M5	4266.48000	4263.86000	4267.86000	4262.51000	938
1781025901	XAUUSD	M5	4263.12000	4266.42000	4266.81000	4260.84000	883
1781026201	XAUUSD	M5	4265.58000	4263.09000	4266.10000	4261.02000	856
1781026501	XAUUSD	M5	4262.89000	4265.73000	4266.31000	4261.91000	859
1781026801	XAUUSD	M5	4264.84000	4262.82000	4268.11000	4262.13000	818
1781027101	XAUUSD	M5	4257.15000	4264.83000	4266.85000	4256.53000	891
1781027401	XAUUSD	M5	4258.42000	4257.15000	4260.16000	4256.05000	843
1781027701	XAUUSD	M5	4263.12000	4258.44000	4264.73000	4258.18000	835
1781028001	XAUUSD	M5	4262.50000	4263.09000	4265.66000	4259.57000	833
1781028301	XAUUSD	M5	4266.77000	4262.35000	4266.94000	4260.79000	828
1781028601	XAUUSD	M5	4265.37000	4266.73000	4266.85000	4262.68000	839
1781028901	XAUUSD	M5	4269.31000	4265.34000	4270.08000	4262.99000	855
1781029201	XAUUSD	M5	4273.44000	4269.25000	4274.20000	4267.34000	831
1781029501	XAUUSD	M5	4270.90000	4273.42000	4273.61000	4267.96000	824
1781029801	XAUUSD	M5	4270.71000	4270.90000	4273.98000	4268.90000	828
1781030101	XAUUSD	M5	4269.20000	4270.74000	4270.98000	4268.39000	743
1781030401	XAUUSD	M5	4264.35000	4269.14000	4269.99000	4263.65000	791
1781030701	XAUUSD	M5	4265.26000	4264.36000	4265.34000	4262.33000	681
1781031001	XAUUSD	M5	4265.91000	4265.22000	4268.21000	4264.07000	703
1781031301	XAUUSD	M5	4269.92000	4265.99000	4271.50000	4265.50000	716
1781031601	XAUUSD	M5	4269.71000	4270.09000	4270.64000	4266.38000	764
1781031901	XAUUSD	M5	4265.17000	4269.72000	4271.67000	4264.92000	736
1781032201	XAUUSD	M5	4258.70000	4265.04000	4265.05000	4258.02000	727
1781032501	XAUUSD	M5	4255.35000	4258.69000	4258.75000	4254.82000	848
1781032801	XAUUSD	M5	4255.71000	4255.40000	4256.47000	4252.84000	843
1781033101	XAUUSD	M5	4257.39000	4255.69000	4257.90000	4254.10000	807
1781033401	XAUUSD	M5	4259.52000	4257.27000	4260.29000	4256.44000	830
1781033701	XAUUSD	M5	4253.68000	4259.50000	4259.90000	4252.75000	812
1781034001	XAUUSD	M5	4250.97000	4253.64000	4253.64000	4250.15000	840
1781034301	XAUUSD	M5	4250.98000	4251.11000	4252.50000	4250.02000	812
1781034601	XAUUSD	M5	4258.91000	4251.65000	4258.99000	4251.65000	874
1781034901	XAUUSD	M5	4258.48000	4259.15000	4259.74000	4256.40000	786
1781035201	XAUUSD	M5	4260.77000	4258.83000	4261.08000	4255.60000	657
1781035501	XAUUSD	M5	4257.61000	4260.77000	4260.77000	4257.27000	494
1781035801	XAUUSD	M5	4258.45000	4257.64000	4259.38000	4256.70000	454
1781036101	XAUUSD	M5	4258.71000	4258.46000	4260.47000	4258.10000	419
1781036401	XAUUSD	M5	4258.31000	4258.71000	4259.75000	4257.90000	319
1781036701	XAUUSD	M5	4259.10000	4258.29000	4259.99000	4258.09000	276
1781037001	XAUUSD	M5	4257.94000	4259.02000	4259.20000	4257.74000	273
1781037301	XAUUSD	M5	4260.44000	4257.93000	4260.94000	4257.91000	292
1781037601	XAUUSD	M5	4261.38000	4260.44000	4261.98000	4260.27000	331
1781037901	XAUUSD	M5	4261.83000	4261.49000	4262.11000	4260.48000	295
1781038201	XAUUSD	M5	4260.26000	4261.73000	4261.79000	4259.65000	235
1781038501	XAUUSD	M5	4259.44000	4260.22000	4260.64000	4259.35000	215
1781042401	XAUUSD	M5	4256.02000	4256.01000	4257.24000	4250.75000	403
1781042701	XAUUSD	M5	4253.49000	4255.11000	4256.65000	4251.13000	302
1781043001	XAUUSD	M5	4255.44000	4253.49000	4256.62000	4253.22000	273
1781043301	XAUUSD	M5	4253.66000	4255.44000	4256.23000	4253.03000	296
1781043601	XAUUSD	M5	4254.71000	4253.66000	4256.49000	4253.48000	338
1781043901	XAUUSD	M5	4256.82000	4254.56000	4256.82000	4253.30000	286
1781044201	XAUUSD	M5	4252.83000	4256.78000	4257.39000	4252.59000	357
1781044501	XAUUSD	M5	4253.13000	4253.54000	4254.75000	4250.52000	400
1781044801	XAUUSD	M5	4248.97000	4253.12000	4255.16000	4247.68000	554
1781045101	XAUUSD	M5	4239.08000	4248.98000	4249.81000	4237.42000	633
1781045401	XAUUSD	M5	4235.11000	4239.08000	4240.84000	4232.40000	603
1781045701	XAUUSD	M5	4237.31000	4235.11000	4238.08000	4234.03000	403
1781046001	XAUUSD	M5	4246.34000	4237.24000	4246.65000	4235.59000	485
1781046301	XAUUSD	M5	4241.68000	4246.30000	4247.42000	4241.68000	416
1781046601	XAUUSD	M5	4235.90000	4241.73000	4242.87000	4235.80000	501
1781046901	XAUUSD	M5	4233.21000	4236.20000	4236.68000	4227.84000	645
1781047201	XAUUSD	M5	4227.64000	4233.19000	4234.51000	4225.66000	447
1781047501	XAUUSD	M5	4224.19000	4227.55000	4228.22000	4222.98000	480
1781047801	XAUUSD	M5	4225.70000	4224.19000	4229.73000	4221.77000	530
1781048101	XAUUSD	M5	4221.92000	4225.65000	4226.24000	4221.53000	462
1781048401	XAUUSD	M5	4218.63000	4221.99000	4224.36000	4216.61000	532
1781048701	XAUUSD	M5	4213.05000	4218.54000	4218.54000	4211.25000	719
1781049001	XAUUSD	M5	4220.72000	4213.35000	4221.11000	4210.38000	683
1781049301	XAUUSD	M5	4222.03000	4220.75000	4224.57000	4217.80000	638
1781049601	XAUUSD	M5	4220.58000	4222.01000	4223.85000	4218.42000	822
1781049901	XAUUSD	M5	4225.57000	4220.34000	4226.61000	4219.79000	793
1781050201	XAUUSD	M5	4225.12000	4225.29000	4225.65000	4216.66000	739
1781050501	XAUUSD	M5	4226.93000	4225.12000	4228.25000	4218.51000	725
1781050801	XAUUSD	M5	4225.23000	4227.57000	4228.28000	4223.64000	704
1781051101	XAUUSD	M5	4217.94000	4225.23000	4225.57000	4217.94000	681
1781051401	XAUUSD	M5	4206.52000	4218.25000	4218.93000	4206.07000	821
1781051701	XAUUSD	M5	4207.77000	4206.53000	4209.52000	4201.74000	847
1781052001	XAUUSD	M5	4204.49000	4207.87000	4208.21000	4199.03000	776
1781052301	XAUUSD	M5	4203.72000	4204.28000	4206.01000	4199.80000	815
1781052601	XAUUSD	M5	4207.39000	4203.63000	4208.63000	4200.54000	838
1781052901	XAUUSD	M5	4218.23000	4207.39000	4220.95000	4207.39000	840
1781053201	XAUUSD	M5	4194.50000	4218.28000	4218.55000	4194.50000	944
1781053501	XAUUSD	M5	4195.15000	4194.41000	4199.60000	4187.19000	876
1781053801	XAUUSD	M5	4203.39000	4195.52000	4206.66000	4194.06000	787
1781054101	XAUUSD	M5	4213.33000	4203.29000	4216.69000	4200.67000	854
1781054401	XAUUSD	M5	4200.92000	4213.28000	4213.29000	4199.08000	813
1781054701	XAUUSD	M5	4201.81000	4200.72000	4204.49000	4197.43000	755
1781055001	XAUUSD	M5	4202.58000	4201.92000	4204.57000	4196.35000	888
1781055301	XAUUSD	M5	4200.71000	4202.43000	4207.04000	4197.80000	830
1781055601	XAUUSD	M5	4187.41000	4200.70000	4202.17000	4184.65000	868
1781055901	XAUUSD	M5	4192.94000	4187.30000	4193.73000	4184.73000	870
1781056201	XAUUSD	M5	4192.05000	4193.00000	4195.64000	4183.88000	851
1781056501	XAUUSD	M5	4188.63000	4192.05000	4192.76000	4187.44000	765
1781056801	XAUUSD	M5	4187.00000	4188.63000	4191.70000	4183.73000	716
1781057101	XAUUSD	M5	4181.14000	4187.14000	4187.14000	4179.70000	749
1781057401	XAUUSD	M5	4182.77000	4181.14000	4186.39000	4179.83000	697
1781057701	XAUUSD	M5	4180.91000	4182.83000	4186.36000	4179.88000	682
1781058001	XAUUSD	M5	4183.35000	4180.91000	4187.16000	4180.06000	677
1781058301	XAUUSD	M5	4187.98000	4183.34000	4188.35000	4178.24000	743
1781058601	XAUUSD	M5	4179.39000	4187.95000	4192.63000	4174.32000	864
1781058901	XAUUSD	M5	4184.54000	4179.41000	4189.60000	4179.01000	784
1781059201	XAUUSD	M5	4184.51000	4184.67000	4189.35000	4180.25000	802
1781059501	XAUUSD	M5	4187.62000	4184.35000	4190.53000	4183.52000	806
1781059801	XAUUSD	M5	4175.03000	4187.60000	4188.47000	4174.12000	850
1781060101	XAUUSD	M5	4174.01000	4174.91000	4176.65000	4173.18000	721
1781060401	XAUUSD	M5	4176.78000	4173.96000	4176.99000	4172.93000	748
1781060701	XAUUSD	M5	4175.32000	4176.78000	4180.68000	4174.22000	760
1781061001	XAUUSD	M5	4178.09000	4175.32000	4178.54000	4174.07000	667
1781061301	XAUUSD	M5	4175.94000	4178.19000	4181.11000	4175.47000	654
1781061601	XAUUSD	M5	4175.18000	4175.94000	4176.37000	4173.84000	601
1781061901	XAUUSD	M5	4177.22000	4175.16000	4180.29000	4174.94000	665
1781062201	XAUUSD	M5	4180.51000	4177.22000	4180.83000	4176.34000	646
1781062501	XAUUSD	M5	4180.41000	4180.56000	4183.05000	4176.75000	615
1781062801	XAUUSD	M5	4179.92000	4180.41000	4182.64000	4178.23000	577
1781063101	XAUUSD	M5	4185.44000	4179.90000	4186.50000	4179.71000	656
1781063401	XAUUSD	M5	4184.95000	4185.44000	4186.07000	4182.34000	576
1781063701	XAUUSD	M5	4184.81000	4184.83000	4185.05000	4181.89000	590
1781064001	XAUUSD	M5	4186.35000	4184.83000	4187.29000	4182.15000	571
1781064301	XAUUSD	M5	4184.40000	4186.35000	4186.65000	4182.07000	494
1781064601	XAUUSD	M5	4181.37000	4184.21000	4184.49000	4180.72000	448
1781064901	XAUUSD	M5	4181.64000	4181.28000	4182.29000	4178.87000	533
1781065201	XAUUSD	M5	4178.24000	4181.65000	4183.05000	4176.59000	601
1781065501	XAUUSD	M5	4174.56000	4178.48000	4180.51000	4173.70000	585
1781065801	XAUUSD	M5	4174.39000	4174.49000	4175.24000	4172.93000	638
1781066101	XAUUSD	M5	4174.83000	4174.38000	4175.26000	4172.99000	558
1781066401	XAUUSD	M5	4173.55000	4174.86000	4175.26000	4173.04000	513
1781066701	XAUUSD	M5	4173.81000	4173.55000	4175.12000	4172.55000	488
1781067001	XAUUSD	M5	4175.06000	4173.83000	4175.80000	4173.59000	547
1781067301	XAUUSD	M5	4174.82000	4175.05000	4175.85000	4173.73000	494
1781067601	XAUUSD	M5	4174.58000	4175.04000	4178.28000	4173.39000	656
1781067901	XAUUSD	M5	4176.57000	4174.61000	4179.02000	4173.67000	657
1781068201	XAUUSD	M5	4179.77000	4176.67000	4180.44000	4175.53000	529
1781068501	XAUUSD	M5	4176.80000	4179.85000	4180.39000	4175.62000	596
1781068801	XAUUSD	M5	4180.53000	4176.70000	4183.14000	4176.08000	590
1781069101	XAUUSD	M5	4187.25000	4180.53000	4187.25000	4179.55000	676
1781069401	XAUUSD	M5	4191.09000	4187.33000	4193.25000	4181.79000	896
1781069701	XAUUSD	M5	4194.32000	4190.54000	4194.68000	4188.15000	817
1781070001	XAUUSD	M5	4198.25000	4194.32000	4199.02000	4193.47000	821
1781070301	XAUUSD	M5	4202.72000	4198.14000	4205.52000	4197.53000	760
1781070601	XAUUSD	M5	4203.72000	4202.78000	4206.41000	4200.49000	790
1781070901	XAUUSD	M5	4205.15000	4203.74000	4208.97000	4203.67000	827
1781071201	XAUUSD	M5	4211.17000	4205.17000	4212.61000	4205.16000	802
1781071501	XAUUSD	M5	4213.99000	4211.11000	4221.80000	4209.31000	858
1781071801	XAUUSD	M5	4212.90000	4214.29000	4216.10000	4209.26000	788
1781072101	XAUUSD	M5	4214.42000	4212.94000	4215.50000	4211.17000	689
1781072401	XAUUSD	M5	4209.10000	4214.41000	4216.71000	4208.32000	702
1781072701	XAUUSD	M5	4211.94000	4209.40000	4215.98000	4209.29000	681
1781073001	XAUUSD	M5	4210.60000	4211.80000	4213.46000	4208.17000	645
1781073301	XAUUSD	M5	4209.10000	4210.49000	4212.12000	4207.78000	667
1781073601	XAUUSD	M5	4207.75000	4209.08000	4209.40000	4205.01000	663
1781073901	XAUUSD	M5	4203.22000	4207.48000	4209.81000	4203.20000	680
1781074201	XAUUSD	M5	4202.31000	4203.27000	4206.63000	4201.87000	655
1781074501	XAUUSD	M5	4203.96000	4202.12000	4205.95000	4201.80000	688
1781074801	XAUUSD	M5	4203.70000	4203.94000	4205.84000	4201.33000	729
1781075101	XAUUSD	M5	4207.16000	4203.69000	4207.75000	4202.01000	634
1781075401	XAUUSD	M5	4200.31000	4206.48000	4207.84000	4197.31000	637
1781075701	XAUUSD	M5	4198.74000	4200.31000	4202.97000	4198.02000	585
1781076001	XAUUSD	M5	4199.24000	4198.71000	4203.79000	4198.16000	578
1781076301	XAUUSD	M5	4194.92000	4199.24000	4199.24000	4193.58000	653
1781076601	XAUUSD	M5	4194.78000	4194.95000	4197.15000	4191.80000	657
1781076901	XAUUSD	M5	4190.73000	4194.78000	4195.63000	4190.27000	610
1781077201	XAUUSD	M5	4189.69000	4190.26000	4193.57000	4188.00000	632
1781077501	XAUUSD	M5	4190.46000	4189.76000	4192.97000	4189.30000	677
1781077801	XAUUSD	M5	4182.11000	4190.20000	4190.20000	4181.58000	714
1781078101	XAUUSD	M5	4186.47000	4182.11000	4187.73000	4181.62000	651
1781078401	XAUUSD	M5	4164.31000	4186.12000	4187.46000	4161.46000	873
1781078701	XAUUSD	M5	4167.38000	4164.30000	4171.50000	4161.94000	812
1781079001	XAUUSD	M5	4166.47000	4167.39000	4172.33000	4161.41000	778
1781079301	XAUUSD	M5	4173.53000	4166.85000	4178.98000	4166.25000	782
1781079601	XAUUSD	M5	4171.20000	4173.52000	4174.65000	4168.18000	728
1781079901	XAUUSD	M5	4172.22000	4171.13000	4173.75000	4169.25000	742
1781080201	XAUUSD	M5	4168.10000	4172.14000	4172.20000	4166.47000	700
1781080501	XAUUSD	M5	4172.85000	4168.35000	4175.83000	4168.20000	686
1781080801	XAUUSD	M5	4170.55000	4172.91000	4179.29000	4170.04000	669
1781081101	XAUUSD	M5	4174.29000	4170.57000	4174.59000	4166.46000	776
1781081401	XAUUSD	M5	4171.18000	4174.46000	4176.47000	4171.11000	718
1781081701	XAUUSD	M5	4168.57000	4171.13000	4172.84000	4167.69000	723
1781082001	XAUUSD	M5	4167.03000	4168.98000	4169.64000	4165.36000	693
1781082301	XAUUSD	M5	4170.47000	4167.22000	4171.75000	4166.46000	671
1781082601	XAUUSD	M5	4165.07000	4170.47000	4174.07000	4164.78000	659
1781082901	XAUUSD	M5	4171.07000	4164.99000	4175.01000	4164.41000	707
1781083201	XAUUSD	M5	4168.52000	4171.20000	4171.20000	4166.38000	670
1781083501	XAUUSD	M5	4166.26000	4168.42000	4172.05000	4164.44000	697
1781083801	XAUUSD	M5	4176.86000	4166.23000	4177.46000	4165.79000	763
1781084101	XAUUSD	M5	4172.48000	4176.87000	4179.53000	4171.31000	697
1781084401	XAUUSD	M5	4171.29000	4172.48000	4172.82000	4167.89000	701
1781084701	XAUUSD	M5	4168.47000	4171.37000	4174.96000	4166.00000	674
1781085001	XAUUSD	M5	4166.17000	4168.25000	4168.73000	4163.09000	675
1781085301	XAUUSD	M5	4168.74000	4166.03000	4169.24000	4165.32000	583
1781085601	XAUUSD	M5	4169.30000	4168.75000	4171.14000	4167.38000	620
1781085901	XAUUSD	M5	4159.67000	4169.30000	4169.65000	4155.68000	658
1781086201	XAUUSD	M5	4161.01000	4159.67000	4162.30000	4155.84000	621
1781086501	XAUUSD	M5	4164.46000	4161.01000	4164.84000	4159.54000	609
1781086801	XAUUSD	M5	4166.71000	4164.50000	4169.78000	4163.79000	673
1781087101	XAUUSD	M5	4165.16000	4166.72000	4169.35000	4162.69000	611
1781087401	XAUUSD	M5	4165.19000	4164.88000	4168.91000	4164.08000	668
1781087701	XAUUSD	M5	4166.72000	4165.14000	4169.14000	4164.66000	639
1781088001	XAUUSD	M5	4171.40000	4167.46000	4171.40000	4164.19000	637
1781088301	XAUUSD	M5	4177.27000	4171.45000	4177.27000	4169.80000	611
1781088601	XAUUSD	M5	4171.88000	4177.58000	4178.70000	4171.59000	618
1781088901	XAUUSD	M5	4174.51000	4171.77000	4178.26000	4171.69000	673
1781089201	XAUUSD	M5	4161.48000	4174.69000	4176.12000	4160.19000	766
1781089501	XAUUSD	M5	4161.33000	4161.15000	4164.56000	4153.72000	934
1781089801	XAUUSD	M5	4168.83000	4161.36000	4169.05000	4161.21000	842
1781090101	XAUUSD	M5	4164.92000	4168.62000	4171.69000	4164.82000	753
1781090401	XAUUSD	M5	4163.74000	4164.86000	4170.76000	4163.71000	790
1781090701	XAUUSD	M5	4166.32000	4163.40000	4166.78000	4156.74000	911
1781091001	XAUUSD	M5	4164.92000	4166.46000	4168.01000	4161.21000	831
1781091301	XAUUSD	M5	4156.49000	4164.92000	4165.70000	4156.38000	816
1781091601	XAUUSD	M5	4154.43000	4156.48000	4160.12000	4154.38000	783
1781091901	XAUUSD	M5	4155.78000	4154.43000	4155.92000	4152.50000	765
1781092201	XAUUSD	M5	4154.21000	4155.79000	4163.41000	4153.74000	801
1781092501	XAUUSD	M5	4147.65000	4154.71000	4155.81000	4145.79000	853
1781092801	XAUUSD	M5	4146.96000	4147.48000	4152.53000	4145.67000	819
1781093101	XAUUSD	M5	4145.04000	4147.10000	4150.77000	4144.68000	798
1781093401	XAUUSD	M5	4136.27000	4145.04000	4145.11000	4134.68000	859
1781093701	XAUUSD	M5	4136.51000	4136.06000	4142.87000	4135.54000	812
1781094001	XAUUSD	M5	4134.72000	4136.49000	4137.46000	4133.94000	820
1781094301	XAUUSD	M5	4141.11000	4134.71000	4142.08000	4130.66000	796
1781094601	XAUUSD	M5	4162.44000	4141.52000	4173.72000	4139.91000	980
1781094901	XAUUSD	M5	4160.87000	4162.73000	4173.01000	4156.05000	947
1781095201	XAUUSD	M5	4160.44000	4160.98000	4166.50000	4155.27000	929
1781095501	XAUUSD	M5	4157.68000	4160.45000	4169.53000	4156.29000	946
1781095801	XAUUSD	M5	4151.86000	4157.87000	4158.38000	4149.03000	944
1781096101	XAUUSD	M5	4147.02000	4152.03000	4152.85000	4142.28000	912
1781096401	XAUUSD	M5	4153.16000	4147.05000	4156.41000	4144.99000	945
1781096701	XAUUSD	M5	4154.07000	4153.33000	4157.91000	4148.51000	909
1781097001	XAUUSD	M5	4151.43000	4154.58000	4157.28000	4148.79000	885
1781097301	XAUUSD	M5	4135.67000	4151.38000	4151.38000	4134.27000	924
1781097601	XAUUSD	M5	4144.25000	4135.69000	4146.23000	4132.95000	891
1781097901	XAUUSD	M5	4150.11000	4144.25000	4151.06000	4143.35000	867
1781098201	XAUUSD	M5	4142.97000	4149.20000	4153.59000	4142.87000	968
1781098501	XAUUSD	M5	4166.17000	4143.06000	4168.79000	4142.06000	973
1781098801	XAUUSD	M5	4178.11000	4166.18000	4178.11000	4163.55000	945
1781099101	XAUUSD	M5	4185.58000	4179.26000	4185.58000	4174.04000	969
1781099401	XAUUSD	M5	4180.09000	4185.74000	4186.31000	4176.34000	967
1781099701	XAUUSD	M5	4179.64000	4180.44000	4183.95000	4175.45000	956
1781100001	XAUUSD	M5	4171.61000	4179.63000	4180.78000	4170.84000	969
1781100301	XAUUSD	M5	4173.49000	4171.59000	4176.57000	4170.31000	928
1781100601	XAUUSD	M5	4174.19000	4173.48000	4179.91000	4170.69000	926
1781100901	XAUUSD	M5	4168.59000	4174.23000	4175.53000	4167.47000	937
1781101201	XAUUSD	M5	4170.71000	4168.35000	4172.90000	4162.79000	915
1781101501	XAUUSD	M5	4161.02000	4169.87000	4171.58000	4159.68000	946
1781101801	XAUUSD	M5	4160.28000	4161.18000	4163.33000	4155.50000	943
1781102101	XAUUSD	M5	4158.02000	4160.24000	4162.56000	4153.05000	929
1781102401	XAUUSD	M5	4150.06000	4157.64000	4161.42000	4149.94000	915
1781102701	XAUUSD	M5	4140.72000	4150.02000	4151.77000	4138.19000	954
1781103001	XAUUSD	M5	4138.16000	4140.76000	4142.84000	4137.54000	932
1781103301	XAUUSD	M5	4124.86000	4138.07000	4138.50000	4118.01000	971
1781103601	XAUUSD	M5	4129.11000	4124.94000	4136.48000	4123.08000	961
1781103901	XAUUSD	M5	4126.63000	4129.11000	4129.32000	4122.01000	938
1781104201	XAUUSD	M5	4123.79000	4126.59000	4127.38000	4119.22000	960
1781104501	XAUUSD	M5	4115.89000	4123.36000	4124.03000	4113.17000	950
1781104801	XAUUSD	M5	4130.25000	4115.55000	4133.87000	4115.42000	951
1781105101	XAUUSD	M5	4127.72000	4130.24000	4136.87000	4127.72000	960
1781105401	XAUUSD	M5	4128.18000	4128.12000	4131.22000	4123.81000	945
1781105701	XAUUSD	M5	4124.65000	4128.30000	4130.81000	4122.64000	921
1781106001	XAUUSD	M5	4128.75000	4124.50000	4129.92000	4122.09000	929
1781106301	XAUUSD	M5	4118.32000	4128.65000	4131.13000	4108.45000	954
1781106601	XAUUSD	M5	4120.30000	4118.27000	4125.77000	4106.86000	979
1781106901	XAUUSD	M5	4128.99000	4120.32000	4128.99000	4115.46000	942
1781107201	XAUUSD	M5	4126.73000	4128.90000	4131.69000	4122.92000	949
1781107501	XAUUSD	M5	4130.25000	4126.79000	4131.31000	4124.33000	911
1781107801	XAUUSD	M5	4129.23000	4130.14000	4132.82000	4125.39000	916
1781108101	XAUUSD	M5	4132.52000	4129.26000	4133.89000	4127.96000	897
1781108401	XAUUSD	M5	4129.82000	4132.92000	4134.71000	4128.47000	880
1781108701	XAUUSD	M5	4127.54000	4129.77000	4132.40000	4126.03000	852
1781109001	XAUUSD	M5	4129.31000	4127.54000	4130.06000	4121.10000	897
1781109301	XAUUSD	M5	4127.92000	4129.40000	4132.10000	4126.01000	908
1781109601	XAUUSD	M5	4122.36000	4127.92000	4128.19000	4120.50000	878
1781109901	XAUUSD	M5	4120.51000	4122.20000	4122.85000	4115.93000	898
1781110201	XAUUSD	M5	4120.31000	4120.46000	4123.11000	4118.05000	853
1781110501	XAUUSD	M5	4121.98000	4120.29000	4122.21000	4117.30000	868
1781110801	XAUUSD	M5	4132.17000	4122.10000	4134.97000	4121.41000	844
1781111101	XAUUSD	M5	4120.20000	4132.15000	4132.36000	4119.15000	868
1781111401	XAUUSD	M5	4118.08000	4120.18000	4120.33000	4114.91000	883
1781111701	XAUUSD	M5	4113.91000	4118.07000	4120.22000	4113.44000	796
1781112001	XAUUSD	M5	4111.84000	4113.98000	4116.39000	4110.20000	825
1781112301	XAUUSD	M5	4110.89000	4111.86000	4115.18000	4109.21000	820
1781112601	XAUUSD	M5	4111.19000	4111.03000	4112.51000	4105.78000	831
1781112901	XAUUSD	M5	4105.31000	4111.19000	4111.98000	4105.13000	777
1781113201	XAUUSD	M5	4102.34000	4105.35000	4106.34000	4101.93000	757
1781113501	XAUUSD	M5	4111.41000	4102.39000	4112.56000	4100.84000	929
1781113801	XAUUSD	M5	4109.83000	4111.31000	4113.26000	4104.88000	917
1781114101	XAUUSD	M5	4111.66000	4109.83000	4113.51000	4109.31000	859
1781114401	XAUUSD	M5	4119.80000	4111.84000	4120.45000	4111.84000	882
1781114701	XAUUSD	M5	4114.49000	4119.80000	4120.45000	4114.48000	821
1781115001	XAUUSD	M5	4115.96000	4114.51000	4117.85000	4114.51000	747
1781115301	XAUUSD	M5	4112.66000	4115.74000	4118.12000	4110.36000	759
1781115601	XAUUSD	M5	4112.79000	4112.54000	4115.16000	4111.16000	781
1781115901	XAUUSD	M5	4112.47000	4112.90000	4115.00000	4109.66000	811
1781116201	XAUUSD	M5	4109.23000	4112.44000	4112.66000	4109.07000	812
1781116501	XAUUSD	M5	4107.46000	4109.28000	4109.97000	4106.65000	828
1781116801	XAUUSD	M5	4104.98000	4107.51000	4109.93000	4104.67000	767
1781117101	XAUUSD	M5	4104.41000	4105.00000	4107.76000	4104.22000	715
1781117401	XAUUSD	M5	4101.49000	4104.41000	4104.48000	4097.01000	830
1781117701	XAUUSD	M5	4101.23000	4101.39000	4103.20000	4099.35000	793
1781118001	XAUUSD	M5	4096.25000	4101.62000	4102.16000	4095.88000	806
1781118301	XAUUSD	M5	4095.13000	4096.21000	4099.31000	4094.92000	775
1781118601	XAUUSD	M5	4089.00000	4094.91000	4094.94000	4087.31000	779
1781118901	XAUUSD	M5	4089.85000	4089.00000	4092.08000	4087.50000	782
1781119201	XAUUSD	M5	4084.95000	4089.81000	4090.10000	4082.56000	817
1781119501	XAUUSD	M5	4084.73000	4084.94000	4086.01000	4081.63000	799
1781119801	XAUUSD	M5	4086.30000	4084.73000	4089.10000	4083.78000	878
1781120101	XAUUSD	M5	4086.38000	4086.32000	4087.14000	4082.24000	835
1781120401	XAUUSD	M5	4091.63000	4086.26000	4091.89000	4086.19000	795
1781120701	XAUUSD	M5	4088.42000	4091.52000	4092.61000	4085.67000	814
1781121001	XAUUSD	M5	4087.29000	4088.46000	4091.57000	4085.76000	834
1781121301	XAUUSD	M5	4082.84000	4087.22000	4087.22000	4081.69000	813
1781121601	XAUUSD	M5	4077.59000	4082.66000	4083.08000	4075.09000	666
1781121901	XAUUSD	M5	4071.12000	4077.76000	4078.01000	4070.03000	699
1781122201	XAUUSD	M5	4072.13000	4071.08000	4073.56000	4069.27000	567
1781122501	XAUUSD	M5	4073.98000	4072.13000	4074.73000	4071.24000	554
1781122801	XAUUSD	M5	4076.46000	4073.98000	4077.00000	4073.13000	390
1781123101	XAUUSD	M5	4078.46000	4076.46000	4080.07000	4076.14000	381
1781123401	XAUUSD	M5	4076.13000	4078.40000	4078.40000	4074.62000	429
1781123701	XAUUSD	M5	4076.47000	4076.16000	4078.24000	4074.04000	304
1781124001	XAUUSD	M5	4072.83000	4076.47000	4076.47000	4071.47000	388
1781124301	XAUUSD	M5	4067.94000	4072.64000	4072.79000	4067.52000	541
1781124601	XAUUSD	M5	4069.09000	4067.98000	4069.29000	4067.18000	445
1781124901	XAUUSD	M5	4071.24000	4069.09000	4072.12000	4069.09000	350
1781128801	XAUUSD	M5	4063.41000	4071.28000	4072.75000	4058.58000	622
1781129101	XAUUSD	M5	4050.98000	4063.37000	4063.50000	4050.65000	517
1781129401	XAUUSD	M5	4056.10000	4050.99000	4057.15000	4050.22000	577
1781129701	XAUUSD	M5	4047.61000	4056.10000	4057.05000	4043.11000	680
1781130001	XAUUSD	M5	4038.36000	4047.58000	4047.64000	4036.02000	665
1781130301	XAUUSD	M5	4044.93000	4038.38000	4044.95000	4036.13000	566
1781130601	XAUUSD	M5	4050.73000	4044.75000	4054.48000	4044.69000	575
1781130901	XAUUSD	M5	4065.45000	4050.66000	4066.34000	4050.46000	569
1781131201	XAUUSD	M5	4062.93000	4065.45000	4069.18000	4060.37000	583
1781131501	XAUUSD	M5	4062.10000	4062.87000	4066.82000	4058.07000	591
1781131801	XAUUSD	M5	4053.82000	4062.10000	4064.26000	4052.29000	551
1781132101	XAUUSD	M5	4046.54000	4054.40000	4054.40000	4045.71000	621
1781132401	XAUUSD	M5	4049.66000	4046.68000	4053.88000	4044.74000	599
1781132701	XAUUSD	M5	4040.57000	4049.66000	4050.06000	4039.00000	564
1781133001	XAUUSD	M5	4030.16000	4040.55000	4042.60000	4023.88000	694
1781133301	XAUUSD	M5	4039.13000	4029.87000	4041.73000	4025.13000	764
1781133601	XAUUSD	M5	4043.53000	4039.56000	4047.41000	4037.01000	813
1781133901	XAUUSD	M5	4061.60000	4043.57000	4064.53000	4041.94000	809
1781134201	XAUUSD	M5	4058.03000	4061.60000	4063.99000	4056.42000	685
1781134501	XAUUSD	M5	4060.76000	4058.03000	4063.63000	4057.10000	513
1781134801	XAUUSD	M5	4056.24000	4060.74000	4064.44000	4055.05000	580
1781135101	XAUUSD	M5	4050.19000	4056.24000	4057.39000	4049.08000	747
1781135401	XAUUSD	M5	4051.02000	4050.19000	4052.36000	4049.06000	564
1781135701	XAUUSD	M5	4047.12000	4051.02000	4052.25000	4044.60000	695
1781136001	XAUUSD	M5	4043.72000	4047.89000	4059.55000	4041.07000	918
1781136301	XAUUSD	M5	4043.09000	4043.76000	4049.77000	4039.82000	914
1781136601	XAUUSD	M5	4052.25000	4043.06000	4055.93000	4036.18000	912
1781136901	XAUUSD	M5	4065.20000	4052.21000	4072.63000	4049.78000	960
1781137201	XAUUSD	M5	4061.46000	4065.13000	4070.45000	4061.13000	895
1781137501	XAUUSD	M5	4067.63000	4061.57000	4071.08000	4057.38000	872
1781137801	XAUUSD	M5	4064.22000	4067.21000	4076.76000	4061.66000	855
1781138101	XAUUSD	M5	4063.45000	4064.27000	4068.98000	4059.26000	844
1781138401	XAUUSD	M5	4063.41000	4063.45000	4074.46000	4062.50000	739
1781138701	XAUUSD	M5	4071.43000	4063.40000	4071.56000	4063.33000	779
1781139001	XAUUSD	M5	4069.26000	4071.41000	4075.17000	4068.74000	723
1781139301	XAUUSD	M5	4075.79000	4069.27000	4077.94000	4068.96000	791
1781139601	XAUUSD	M5	4079.27000	4075.72000	4089.88000	4072.70000	966
1781139901	XAUUSD	M5	4078.72000	4078.82000	4082.09000	4066.43000	938
1781140201	XAUUSD	M5	4086.85000	4078.72000	4089.38000	4078.66000	938
1781140501	XAUUSD	M5	4094.24000	4086.88000	4099.49000	4085.73000	927
1781140801	XAUUSD	M5	4102.65000	4093.49000	4103.05000	4092.25000	901
1781141101	XAUUSD	M5	4104.59000	4102.65000	4108.77000	4102.05000	924
1781141401	XAUUSD	M5	4111.11000	4104.60000	4112.88000	4104.21000	857
1781141701	XAUUSD	M5	4114.95000	4110.84000	4115.28000	4109.73000	830
1781142001	XAUUSD	M5	4113.80000	4114.87000	4118.22000	4110.30000	863
1781142301	XAUUSD	M5	4111.01000	4113.74000	4117.20000	4106.54000	823
1781142601	XAUUSD	M5	4103.99000	4110.77000	4111.49000	4103.54000	781
1781142901	XAUUSD	M5	4101.95000	4103.85000	4103.85000	4098.23000	850
1781143201	XAUUSD	M5	4100.85000	4101.99000	4102.61000	4094.57000	818
1781143501	XAUUSD	M5	4094.68000	4100.86000	4100.86000	4092.20000	813
1781143801	XAUUSD	M5	4089.56000	4094.73000	4097.59000	4089.21000	833
1781144101	XAUUSD	M5	4093.93000	4089.49000	4095.77000	4087.74000	743
1781144401	XAUUSD	M5	4090.07000	4093.93000	4094.41000	4088.87000	779
1781144701	XAUUSD	M5	4082.25000	4089.97000	4090.01000	4081.70000	796
1781145001	XAUUSD	M5	4073.00000	4082.38000	4085.03000	4071.31000	926
1781145301	XAUUSD	M5	4066.73000	4073.22000	4076.13000	4064.99000	881
1781145601	XAUUSD	M5	4059.48000	4066.93000	4067.77000	4055.16000	931
1781145901	XAUUSD	M5	4054.88000	4059.46000	4060.04000	4052.60000	860
1781146201	XAUUSD	M5	4062.64000	4054.89000	4063.95000	4054.89000	838
1781146501	XAUUSD	M5	4067.81000	4062.55000	4073.30000	4062.31000	834
1781146801	XAUUSD	M5	4075.02000	4067.86000	4075.60000	4067.72000	792
1781147101	XAUUSD	M5	4076.54000	4075.02000	4078.58000	4069.82000	827
1781147401	XAUUSD	M5	4065.66000	4076.60000	4076.60000	4064.56000	812
1781147701	XAUUSD	M5	4065.61000	4065.88000	4071.54000	4065.35000	777
1781148001	XAUUSD	M5	4062.83000	4065.69000	4065.78000	4060.08000	834
1781148301	XAUUSD	M5	4063.38000	4062.74000	4064.19000	4056.82000	822
1781148601	XAUUSD	M5	4067.28000	4063.09000	4068.06000	4062.57000	822
1781148901	XAUUSD	M5	4070.49000	4067.31000	4070.50000	4064.47000	643
1781149201	XAUUSD	M5	4067.40000	4070.43000	4071.88000	4066.12000	655
1781149501	XAUUSD	M5	4065.66000	4067.40000	4068.76000	4064.99000	576
1781149801	XAUUSD	M5	4073.08000	4065.66000	4075.50000	4064.88000	644
1781150101	XAUUSD	M5	4072.81000	4073.08000	4075.24000	4072.13000	454
1781150401	XAUUSD	M5	4072.71000	4072.84000	4075.83000	4071.55000	650
1781150701	XAUUSD	M5	4080.02000	4072.73000	4080.02000	4070.13000	648
1781151001	XAUUSD	M5	4082.89000	4080.10000	4083.28000	4078.20000	687
1781151301	XAUUSD	M5	4081.75000	4082.89000	4083.44000	4079.36000	632
1781151601	XAUUSD	M5	4081.29000	4081.69000	4085.49000	4080.33000	617
1781151901	XAUUSD	M5	4077.64000	4081.28000	4082.27000	4076.45000	620
1781152201	XAUUSD	M5	4077.79000	4077.64000	4083.67000	4077.64000	590
1781152501	XAUUSD	M5	4078.71000	4077.77000	4079.56000	4074.79000	490
1781152801	XAUUSD	M5	4082.01000	4078.65000	4083.92000	4078.36000	570
1781153101	XAUUSD	M5	4083.50000	4082.03000	4085.84000	4081.97000	561
1781153401	XAUUSD	M5	4083.79000	4083.54000	4085.34000	4079.70000	515
1781153701	XAUUSD	M5	4082.73000	4083.81000	4084.97000	4081.63000	533
1781154001	XAUUSD	M5	4077.83000	4082.73000	4083.20000	4075.56000	697
1781154301	XAUUSD	M5	4079.61000	4078.00000	4080.71000	4075.53000	638
1781154601	XAUUSD	M5	4077.44000	4079.49000	4079.71000	4076.71000	572
1781154901	XAUUSD	M5	4079.43000	4077.44000	4081.18000	4075.30000	627
1781155201	XAUUSD	M5	4077.06000	4079.41000	4081.18000	4076.42000	569
1781155501	XAUUSD	M5	4075.17000	4077.06000	4080.04000	4072.73000	681
1781155801	XAUUSD	M5	4095.02000	4075.44000	4095.92000	4075.15000	919
1781156101	XAUUSD	M5	4093.72000	4095.12000	4096.63000	4090.65000	824
1781156401	XAUUSD	M5	4099.58000	4093.72000	4099.67000	4093.72000	682
1781156701	XAUUSD	M5	4100.49000	4099.55000	4106.21000	4096.88000	709
1781157001	XAUUSD	M5	4094.02000	4100.23000	4101.11000	4093.52000	715
1781157301	XAUUSD	M5	4094.32000	4094.06000	4098.60000	4093.83000	767
1781157601	XAUUSD	M5	4084.67000	4094.28000	4094.81000	4084.67000	815
1781157901	XAUUSD	M5	4080.80000	4084.79000	4085.75000	4078.86000	846
1781158201	XAUUSD	M5	4084.48000	4080.93000	4084.67000	4076.39000	812
1781158501	XAUUSD	M5	4086.70000	4084.44000	4088.56000	4081.97000	763
1781158801	XAUUSD	M5	4091.27000	4086.71000	4091.30000	4086.71000	729
1781159101	XAUUSD	M5	4086.87000	4091.29000	4093.06000	4086.24000	725
1781159401	XAUUSD	M5	4084.24000	4086.94000	4088.16000	4083.91000	656
1781159701	XAUUSD	M5	4088.27000	4084.19000	4091.19000	4083.13000	666
1781160001	XAUUSD	M5	4092.79000	4088.27000	4092.90000	4087.07000	523
1781160301	XAUUSD	M5	4091.88000	4092.79000	4094.21000	4091.09000	635
1781160601	XAUUSD	M5	4097.56000	4091.85000	4097.56000	4091.23000	580
1781160901	XAUUSD	M5	4094.27000	4097.55000	4097.57000	4091.80000	623
1781161201	XAUUSD	M5	4094.94000	4094.79000	4097.93000	4092.76000	759
1781161501	XAUUSD	M5	4093.62000	4094.94000	4097.60000	4093.08000	730
1781161801	XAUUSD	M5	4096.84000	4093.65000	4098.44000	4091.84000	668
1781162101	XAUUSD	M5	4105.06000	4096.81000	4105.97000	4096.48000	766
1781162401	XAUUSD	M5	4107.76000	4105.05000	4108.07000	4102.98000	647
1781162701	XAUUSD	M5	4107.55000	4107.69000	4110.29000	4106.52000	611
1781163001	XAUUSD	M5	4107.16000	4107.53000	4110.59000	4106.15000	604
1781163301	XAUUSD	M5	4104.72000	4107.24000	4108.94000	4101.74000	587
1781163601	XAUUSD	M5	4107.62000	4104.72000	4109.51000	4103.07000	528
1781163901	XAUUSD	M5	4103.54000	4107.58000	4108.17000	4103.54000	532
1781164201	XAUUSD	M5	4103.11000	4102.90000	4104.25000	4099.08000	600
1781164501	XAUUSD	M5	4105.03000	4103.11000	4106.12000	4102.79000	451
1781164801	XAUUSD	M5	4106.14000	4105.03000	4112.09000	4104.20000	731
1781165101	XAUUSD	M5	4111.78000	4106.23000	4112.04000	4105.21000	666
1781165401	XAUUSD	M5	4106.28000	4111.50000	4112.70000	4105.43000	658
1781165701	XAUUSD	M5	4105.77000	4106.27000	4108.50000	4103.01000	668
1781166001	XAUUSD	M5	4101.83000	4105.80000	4105.80000	4100.61000	678
