Fractal_timestamp	Fractal_symbol	Fractal_timeframe	Fractal_close	Fractal_Best_FL	Fractal_UOEDT	Fractal_LOEDT
1780572003	XAUUSD	M5	4478.88			
1780572303	XAUUSD	M5	4489.58			
1780572603	XAUUSD	M5	4485.26			
1780572903	XAUUSD	M5	4487.90			
1780573203	XAUUSD	M5	4491.51			
1780573503	XAUUSD	M5	4501.28			
1780573803	XAUUSD	M5	4503.83			
1780574103	XAUUSD	M5	4511.65			
1780574403	XAUUSD	M5	4497.24			
1780574703	XAUUSD	M5	4498.29			
1780575003	XAUUSD	M5	4493.89			
1780575303	XAUUSD	M5	4492.47			
1780575603	XAUUSD	M5	4497.45			
1780575903	XAUUSD	M5	4498.87			
1780576203	XAUUSD	M5	4499.19			
1780576503	XAUUSD	M5	4498.94			
1780576803	XAUUSD	M5	4502.12			
1780577103	XAUUSD	M5	4505.07			
1780577403	XAUUSD	M5	4508.45			
1780577703	XAUUSD	M5	4504.15			
1780578003	XAUUSD	M5	4505.12			
1780578303	XAUUSD	M5	4504.82			
1780578603	XAUUSD	M5	4503.18			
1780578903	XAUUSD	M5	4507.86			
1780579203	XAUUSD	M5	4504.81			
1780579503	XAUUSD	M5	4504.66			
1780579803	XAUUSD	M5	4506.46			
1780580103	XAUUSD	M5	4509.28			
1780580403	XAUUSD	M5	4514.99			
1780580703	XAUUSD	M5	4510.02	4515.45000	4535.74290	4463.36339
1780581003	XAUUSD	M5	4498.64	4514.98435	4535.27726	4462.89774
1780581303	XAUUSD	M5	4495.70	4514.51871	4534.81161	4462.43210
1780581603	XAUUSD	M5	4495.51	4514.05306	4534.34597	4461.96645
1780581903	XAUUSD	M5	4490.05	4513.58742	4533.88032	4461.50081
1780582203	XAUUSD	M5	4487.79	4513.12177	4533.41468	4461.03516
1780582503	XAUUSD	M5	4487.57	4512.65613	4532.94903	4460.56952
1780582803	XAUUSD	M5	4485.20	4512.19048	4532.48339	4460.10387
1780583103	XAUUSD	M5	4486.14	4511.72484	4532.01774	4459.63823
1780583403	XAUUSD	M5	4484.21	4511.25919	4531.55210	4459.17258
1780583703	XAUUSD	M5	4480.22	4510.79355	4531.08645	4458.70694
1780584003	XAUUSD	M5	4474.55	4510.32790	4530.62081	4458.24129
1780584303	XAUUSD	M5	4466.53	4509.86226	4530.15516	4457.77565
1780584603	XAUUSD	M5	4464.08	4509.39661	4529.68952	4457.31000
1780584903	XAUUSD	M5	4465.93	4508.93097	4529.22387	4456.84435
1780585203	XAUUSD	M5	4470.34	4508.46532	4528.75823	4456.37871
1780585503	XAUUSD	M5	4470.31	4507.99968	4528.29258	4455.91306
1780585803	XAUUSD	M5	4471.91	4507.53403	4527.82694	4455.44742
1780586103	XAUUSD	M5	4473.55	4507.06839	4527.36129	4454.98177
1780586403	XAUUSD	M5	4470.85	4506.60274	4526.89565	4454.51613
1780586703	XAUUSD	M5	4470.87	4506.13710	4526.43000	4454.05048
1780587003	XAUUSD	M5	4471.87	4505.67145	4525.96435	4453.58484
1780587303	XAUUSD	M5	4477.10	4505.20581	4525.49871	4453.11919
1780587603	XAUUSD	M5	4472.73	4504.74016	4525.03306	4452.65355
1780587903	XAUUSD	M5	4474.41	4504.27452	4524.56742	4452.18790
1780588203	XAUUSD	M5	4477.98	4503.80887	4524.10177	4451.72226
1780588503	XAUUSD	M5	4477.37	4503.34323	4523.63613	4451.25661
1780588803	XAUUSD	M5	4476.36	4502.87758	4523.17048	4450.79097
1780589103	XAUUSD	M5	4482.62	4502.41194	4522.70484	4450.32532
1780589403	XAUUSD	M5	4479.09	4501.94629	4522.23919	4449.85968
1780589703	XAUUSD	M5	4483.30	4501.48065	4521.77355	4449.39403
1780590003	XAUUSD	M5	4484.32	4501.01500	4521.30790	4448.92839
1780590303	XAUUSD	M5	4483.56	4500.54935	4520.84226	4448.46274
1780590603	XAUUSD	M5	4480.67	4500.08371	4520.37661	4447.99710
1780590903	XAUUSD	M5	4481.94	4499.61806	4519.91097	4447.53145
1780591203	XAUUSD	M5	4481.46	4499.15242	4519.44532	4447.06581
1780591503	XAUUSD	M5	4481.68	4498.68677	4518.97968	4446.60016
1780591803	XAUUSD	M5	4481.78	4498.22113	4518.51403	4446.13452
1780592103	XAUUSD	M5	4482.85	4497.75548	4518.04839	4445.66887
1780592403	XAUUSD	M5	4481.47	4497.28984	4517.58274	4445.20323
1780592703	XAUUSD	M5	4479.61	4496.82419	4517.11710	4444.73758
1780593003	XAUUSD	M5	4475.99	4496.35855	4516.65145	4444.27194
1780593303	XAUUSD	M5	4475.57	4495.89290	4516.18581	4443.80629
1780593603	XAUUSD	M5	4475.46	4495.42726	4515.72016	4443.34065
1780593903	XAUUSD	M5	4476.97	4494.96161	4515.25452	4442.87500
1780594203	XAUUSD	M5	4479.86	4494.49597	4514.78887	4442.40935
1780594503	XAUUSD	M5	4478.19	4494.03032	4514.32323	4441.94371
1780594803	XAUUSD	M5	4476.86	4493.56468	4513.85758	4441.47806
1780595103	XAUUSD	M5	4478.70	4493.09903	4513.39194	4441.01242
1780595403	XAUUSD	M5	4478.43	4492.63339	4512.92629	4440.54677
1780595703	XAUUSD	M5	4478.20	4492.16774	4512.46065	4440.08113
1780596003	XAUUSD	M5	4477.22	4491.70210	4511.99500	4439.61548
1780596303	XAUUSD	M5	4477.46	4491.23645	4511.52935	4439.14984
1780596603	XAUUSD	M5	4478.87	4490.77081	4511.06371	4438.68419
1780596903	XAUUSD	M5	4478.73	4490.30516	4510.59806	4438.21855
1780597203	XAUUSD	M5	4480.25	4489.83952	4510.13242	4437.75290
1780597503	XAUUSD	M5	4478.23	4489.37387	4509.66677	4437.28726
1780597803	XAUUSD	M5	4473.76	4488.90823	4509.20113	4436.82161
1780598103	XAUUSD	M5	4473.70	4488.44258	4508.73548	4436.35597
1780598403	XAUUSD	M5	4474.36	4487.97694	4508.26984	4435.89032
1780598703	XAUUSD	M5	4475.47	4487.51129	4507.80419	4435.42468
1780599003	XAUUSD	M5	4477.99	4487.04565	4507.33855	4434.95903
1780599303	XAUUSD	M5	4478.13	4486.58000	4506.87290	4434.49339
1780599603	XAUUSD	M5	4481.46	4486.11435	4506.40726	4434.02774
1780599903	XAUUSD	M5	4478.50	4485.64871	4505.94161	4433.56210
1780600203	XAUUSD	M5	4478.22	4485.18306	4505.47597	4433.09645
1780600503	XAUUSD	M5	4478.80	4484.71742	4505.01032	4432.63081
1780600803	XAUUSD	M5	4479.32	4484.25177	4504.54468	4432.16516
1780601103	XAUUSD	M5	4480.20	4483.78613	4504.07903	4431.69952
1780601403	XAUUSD	M5	4478.78	4483.32048	4503.61339	4431.23387
1780601703	XAUUSD	M5	4479.14	4482.85484	4503.14774	4430.76823
1780602003	XAUUSD	M5	4478.07	4482.38919	4502.68210	4430.30258
1780602303	XAUUSD	M5	4478.48	4481.92355	4502.21645	4429.83694
1780602603	XAUUSD	M5	4478.48	4481.45790	4501.75081	4429.37129
1780602903	XAUUSD	M5	4480.73	4480.99226	4501.28516	4428.90565
1780603203	XAUUSD	M5	4479.76	4480.52661	4500.81952	4428.44000
1780603503	XAUUSD	M5	4479.50	4480.06097	4500.35387	4427.97435
1780603803	XAUUSD	M5	4477.97	4479.59532	4499.88823	4427.50871
1780604103	XAUUSD	M5	4477.76	4479.12968	4499.42258	4427.04306
1780604403	XAUUSD	M5	4477.75	4478.66403	4498.95694	4426.57742
1780604703	XAUUSD	M5	4477.75	4478.19839	4498.49129	4426.11177
1780605003	XAUUSD	M5	4475.97	4477.73274	4498.02565	4425.64613
1780605303	XAUUSD	M5	4476.20	4477.26710	4497.56000	4425.18048
1780605603	XAUUSD	M5	4475.15	4476.80145	4497.09435	4424.71484
1780605903	XAUUSD	M5	4474.79	4476.33581	4496.62871	4424.24919
1780606203	XAUUSD	M5	4475.81	4475.87016	4496.16306	4423.78355
1780606503	XAUUSD	M5	4475.40	4475.40452	4495.69742	4423.31790
1780610403	XAUUSD	M5	4473.89	4474.93887	4495.23177	4422.85226
1780610703	XAUUSD	M5	4474.90	4474.47323	4494.76613	4422.38661
1780611003	XAUUSD	M5	4475.38	4474.00758	4494.30048	4421.92097
1780611303	XAUUSD	M5	4477.89	4473.54194	4493.83484	4421.45532
1780611603	XAUUSD	M5	4479.46	4473.07629	4493.36919	4420.98968
1780611903	XAUUSD	M5	4478.96	4472.61065	4492.90355	4420.52403
1780612203	XAUUSD	M5	4478.22	4472.14500	4492.43790	4420.05839
1780612503	XAUUSD	M5	4479.09	4471.67935	4491.97226	4419.59274
1780612803	XAUUSD	M5	4475.18	4471.21371	4491.50661	4419.12710
1780613103	XAUUSD	M5	4473.55	4470.74806	4491.04097	4418.66145
1780613403	XAUUSD	M5	4469.73	4470.28242	4490.57532	4418.19581
1780613703	XAUUSD	M5	4469.48	4469.81677	4490.10968	4417.73016
1780614003	XAUUSD	M5	4470.09	4469.35113	4489.64403	4417.26452
1780614303	XAUUSD	M5	4471.77	4468.88548	4489.17839	4416.79887
1780614603	XAUUSD	M5	4471.12	4468.41984	4488.71274	4416.33323
1780614903	XAUUSD	M5	4470.00	4467.95419	4488.24710	4415.86758
1780615203	XAUUSD	M5	4471.61	4467.48855	4487.78145	4415.40194
1780615503	XAUUSD	M5	4469.39	4467.02290	4487.31581	4414.93629
1780615803	XAUUSD	M5	4465.76	4466.55726	4486.85016	4414.47065
1780616103	XAUUSD	M5	4463.75	4466.09161	4486.38452	4414.00500
1780616403	XAUUSD	M5	4463.41	4465.62597	4485.91887	4413.53935
1780616703	XAUUSD	M5	4464.04	4465.16032	4485.45323	4413.07371
1780617003	XAUUSD	M5	4464.38	4464.69468	4484.98758	4412.60806
1780617303	XAUUSD	M5	4461.82	4464.22903	4484.52194	4412.14242
1780617603	XAUUSD	M5	4462.22	4463.76339	4484.05629	4411.67677
1780617903	XAUUSD	M5	4461.45	4463.29774	4483.59065	4411.21113
1780618203	XAUUSD	M5	4455.32	4462.83210	4483.12500	4410.74548
1780618503	XAUUSD	M5	4452.31	4462.36645	4482.65935	4410.27984
1780618803	XAUUSD	M5	4454.52	4461.90081	4482.19371	4409.81419
1780619103	XAUUSD	M5	4457.64	4461.43516	4481.72806	4409.34855
1780619403	XAUUSD	M5	4460.48	4460.96952	4481.26242	4408.88290
1780619703	XAUUSD	M5	4464.33	4460.50387	4480.79677	4408.41726
1780620003	XAUUSD	M5	4463.09	4460.03823	4480.33113	4407.95161
1780620303	XAUUSD	M5	4461.51	4459.57258	4479.86548	4407.48597
1780620603	XAUUSD	M5	4465.17	4459.10694	4479.39984	4407.02032
1780620903	XAUUSD	M5	4459.64	4458.64129	4478.93419	4406.55468
1780621203	XAUUSD	M5	4466.08	4458.17565	4478.46855	4406.08903
1780621503	XAUUSD	M5	4464.37	4457.71000	4478.00290	4405.62339
1780621803	XAUUSD	M5	4460.44	4457.24435	4477.53726	4405.15774
1780622103	XAUUSD	M5	4462.94	4456.77871	4477.07161	4404.69210
1780622403	XAUUSD	M5	4455.37	4456.31306	4476.60597	4404.22645
1780622703	XAUUSD	M5	4458.50	4455.84742	4476.14032	4403.76081
1780623003	XAUUSD	M5	4453.99	4455.38177	4475.67468	4403.29516
1780623303	XAUUSD	M5	4449.70	4454.91613	4475.20903	4402.82952
1780623603	XAUUSD	M5	4446.01	4454.45048	4474.74339	4402.36387
1780623903	XAUUSD	M5	4446.61	4453.98484	4474.27774	4401.89823
1780624203	XAUUSD	M5	4450.60	4453.51919	4473.81210	4401.43258
1780624503	XAUUSD	M5	4446.96	4453.05355	4473.34645	4400.96694
1780624803	XAUUSD	M5	4449.43	4452.58790	4472.88081	4400.50129
1780625103	XAUUSD	M5	4447.48	4452.12226	4472.41516	4400.03565
1780625403	XAUUSD	M5	4449.51	4451.65661	4471.94952	4399.57000
1780625703	XAUUSD	M5	4447.57	4451.19097	4471.48387	4399.10435
1780626003	XAUUSD	M5	4452.98	4450.72532	4471.01823	4398.63871
1780626303	XAUUSD	M5	4451.28	4450.25968	4470.55258	4398.17306
1780626603	XAUUSD	M5	4445.03	4449.79403	4470.08694	4397.70742
1780626903	XAUUSD	M5	4445.12	4449.32839	4469.62129	4397.24177
1780627203	XAUUSD	M5	4442.98	4448.86274	4469.15565	4396.77613
1780627503	XAUUSD	M5	4445.66	4448.39710	4468.69000	4396.31048
1780627803	XAUUSD	M5	4443.25	4447.93145	4468.22435	4395.84484
1780628103	XAUUSD	M5	4440.55	4447.46581	4467.75871	4395.37919
1780628403	XAUUSD	M5	4438.40	4447.00016	4467.29306	4394.91355
1780628703	XAUUSD	M5	4439.94	4446.53452	4466.82742	4394.44790
1780629003	XAUUSD	M5	4441.01	4446.06887	4466.36177	4393.98226
1780629303	XAUUSD	M5	4438.58	4445.60323	4465.89613	4393.51661
1780629603	XAUUSD	M5	4437.45	4445.13758	4465.43048	4393.05097
1780629903	XAUUSD	M5	4436.76	4444.67194	4464.96484	4392.58532
1780630203	XAUUSD	M5	4439.81	4444.20629	4464.49919	4392.11968
1780630503	XAUUSD	M5	4440.49	4443.74065	4464.03355	4391.65403
1780630803	XAUUSD	M5	4441.06	4443.27500	4463.56790	4391.18839
1780631103	XAUUSD	M5	4441.27	4442.80935	4463.10226	4390.72274
1780631403	XAUUSD	M5	4440.77	4442.34371	4462.63661	4390.25710
1780631703	XAUUSD	M5	4442.45	4441.87806	4462.17097	4389.79145
1780632003	XAUUSD	M5	4442.57	4441.41242	4461.70532	4389.32581
1780632303	XAUUSD	M5	4440.59	4440.94677	4461.23968	4388.86016
1780632603	XAUUSD	M5	4441.65	4440.48113	4460.77403	4388.39452
1780632903	XAUUSD	M5	4439.35	4440.01548	4460.30839	4387.92887
1780633203	XAUUSD	M5	4439.71	4439.54984	4459.84274	4387.46323
1780633503	XAUUSD	M5	4439.71	4439.08419	4459.37710	4386.99758
1780633803	XAUUSD	M5	4439.53	4438.61855	4458.91145	4386.53194
1780634103	XAUUSD	M5	4441.69	4438.15290	4458.44581	4386.06629
1780634403	XAUUSD	M5	4440.74	4437.68726	4457.98016	4385.60065
1780634703	XAUUSD	M5	4441.21	4437.22161	4457.51452	4385.13500
1780635003	XAUUSD	M5	4444.19	4436.75597	4457.04887	4384.66935
1780635303	XAUUSD	M5	4444.93	4436.29032	4456.58323	4384.20371
1780635603	XAUUSD	M5	4447.66	4435.82468	4456.11758	4383.73806
1780635903	XAUUSD	M5	4447.39	4435.35903	4455.65194	4383.27242
1780636203	XAUUSD	M5	4449.05	4434.89339	4455.18629	4382.80677
1780636503	XAUUSD	M5	4445.49	4434.42774	4454.72065	4382.34113
1780636803	XAUUSD	M5	4445.01	4433.96210	4454.25500	4381.87548
1780637103	XAUUSD	M5	4444.76	4433.49645	4453.78935	4381.40984
1780637403	XAUUSD	M5	4442.76	4433.03081	4453.32371	4380.94419
1780637703	XAUUSD	M5	4445.49	4432.56516	4452.85806	4380.47855
1780638003	XAUUSD	M5	4443.53	4432.09952	4452.39242	4380.01290
1780638303	XAUUSD	M5	4447.53	4431.63387	4451.92677	4379.54726
1780638603	XAUUSD	M5	4443.57	4431.16823	4451.46113	4379.08161
1780638903	XAUUSD	M5	4440.00	4430.70258	4450.99548	4378.61597
1780639203	XAUUSD	M5	4437.56	4430.23694	4450.52984	4378.15032
1780639503	XAUUSD	M5	4440.30	4429.77129	4450.06419	4377.68468
1780639803	XAUUSD	M5	4436.64	4429.30565	4449.59855	4377.21903
1780640103	XAUUSD	M5	4436.70	4428.84000	4449.13290	4376.75339
1780640403	XAUUSD	M5	4444.14	4428.37435	4448.66726	4376.28774
1780640703	XAUUSD	M5	4442.37	4427.90871	4448.20161	4375.82210
1780641003	XAUUSD	M5	4446.67	4427.44306	4447.73597	4375.35645
1780641303	XAUUSD	M5	4448.40	4426.97742	4447.27032	4374.89081
1780641603	XAUUSD	M5	4448.41	4426.51177	4446.80468	4374.42516
1780641903	XAUUSD	M5	4453.60	4426.04613	4446.33903	4373.95952
1780642203	XAUUSD	M5	4451.17	4425.58048	4445.87339	4373.49387
1780642503	XAUUSD	M5	4452.81	4425.11484	4445.40774	4373.02823
1780642803	XAUUSD	M5	4454.69	4424.64919	4444.94210	4372.56258
1780643103	XAUUSD	M5	4457.38	4424.18355	4444.47645	4372.09694
1780643403	XAUUSD	M5	4458.50	4423.71790	4444.01081	4371.63129
1780643703	XAUUSD	M5	4461.71	4423.25226	4443.54516	4371.16565
1780644003	XAUUSD	M5	4464.13	4422.78661	4443.07952	4370.70000
1780644303	XAUUSD	M5	4467.11	4422.32097	4442.61387	4370.23435
1780644603	XAUUSD	M5	4466.12	4421.85532	4442.14823	4369.76871
1780644903	XAUUSD	M5	4461.99	4421.38968	4441.68258	4369.30306
1780645203	XAUUSD	M5	4462.10	4420.92403	4441.21694	4368.83742
1780645503	XAUUSD	M5	4462.71	4420.45839	4440.75129	4368.37177
1780645803	XAUUSD	M5	4461.81	4419.99274	4440.28565	4367.90613
1780646103	XAUUSD	M5	4460.88	4419.52710	4439.82000	4367.44048
1780646403	XAUUSD	M5	4461.56	4419.06145	4439.35435	4366.97484
1780646703	XAUUSD	M5	4460.75	4418.59581	4438.88871	4366.50919
1780647003	XAUUSD	M5	4461.10	4418.13016	4438.42306	4366.04355
1780647303	XAUUSD	M5	4463.00	4417.66452	4437.95742	4365.57790
1780647603	XAUUSD	M5	4463.73	4417.19887	4437.49177	4365.11226
1780647903	XAUUSD	M5	4466.82	4416.73323	4437.02613	4364.64661
1780648203	XAUUSD	M5	4463.42	4416.26758	4436.56048	4364.18097
1780648503	XAUUSD	M5	4461.94	4415.80194	4436.09484	4363.71532
1780648803	XAUUSD	M5	4461.88	4415.33629	4435.62919	4363.24968
1780649103	XAUUSD	M5	4463.55	4414.87065	4435.16355	4362.78403
1780649403	XAUUSD	M5	4463.84	4414.40500	4434.69790	4362.31839
1780649703	XAUUSD	M5	4462.68	4413.93935	4434.23226	4361.85274
1780650003	XAUUSD	M5	4461.01	4413.47371	4433.76661	4361.38710
1780650303	XAUUSD	M5	4460.79	4413.00806	4433.30097	4360.92145
1780650603	XAUUSD	M5	4466.03	4412.54242	4432.83532	4360.45581
1780650903	XAUUSD	M5	4467.68	4412.07677	4432.36968	4359.99016
1780651203	XAUUSD	M5	4466.70	4411.61113	4431.90403	4359.52452
1780651503	XAUUSD	M5	4462.94	4411.14548	4431.43839	4359.05887
1780651803	XAUUSD	M5	4463.74	4410.67984	4430.97274	4358.59323
1780652103	XAUUSD	M5	4463.36	4410.21419	4430.50710	4358.12758
1780652403	XAUUSD	M5	4465.96	4409.74855	4430.04145	4357.66194
1780652703	XAUUSD	M5	4465.32	4409.28290	4429.57581	4357.19629
1780653003	XAUUSD	M5	4465.55	4408.81726	4429.11016	4356.73065
1780653303	XAUUSD	M5	4464.90	4408.35161	4428.64452	4356.26500
1780653603	XAUUSD	M5	4463.51	4407.88597	4428.17887	4355.79935
1780653903	XAUUSD	M5	4464.84	4407.42032	4427.71323	4355.33371
1780654203	XAUUSD	M5	4465.18	4406.95468	4427.24758	4354.86806
1780654503	XAUUSD	M5	4465.41	4406.48903	4426.78194	4354.40242
1780654803	XAUUSD	M5	4467.20	4406.02339	4426.31629	4353.93677
1780655103	XAUUSD	M5	4465.99	4405.55774	4425.85065	4353.47113
1780655403	XAUUSD	M5	4462.95	4405.09210	4425.38500	4353.00548
1780655703	XAUUSD	M5	4463.25	4404.62645	4424.91935	4352.53984
1780656003	XAUUSD	M5	4464.56	4404.16081	4424.45371	4352.07419
1780656303	XAUUSD	M5	4466.78	4403.69516	4423.98806	4351.60855
1780656603	XAUUSD	M5	4466.26	4403.22952	4423.52242	4351.14290
1780656903	XAUUSD	M5	4467.02	4402.76387	4423.05677	4350.67726
1780657203	XAUUSD	M5	4463.90	4402.29823	4422.59113	4350.21161
1780657503	XAUUSD	M5	4466.84	4401.83258	4422.12548	4349.74597
1780657803	XAUUSD	M5	4461.42	4401.36694	4421.65984	4349.28032
1780658103	XAUUSD	M5	4461.79	4400.90129	4421.19419	4348.81468
1780658403	XAUUSD	M5	4461.59	4400.43565	4420.72855	4348.34903
1780658703	XAUUSD	M5	4466.09	4399.97000	4420.26290	4347.88339
1780659003	XAUUSD	M5	4465.32	4399.50435	4419.79726	4347.41774
1780659303	XAUUSD	M5	4463.40	4399.03871	4419.33161	4346.95210
1780659603	XAUUSD	M5	4464.95	4398.57306	4418.86597	4346.48645
1780659903	XAUUSD	M5	4466.95	4398.10742	4418.40032	4346.02081
1780660203	XAUUSD	M5	4471.96	4397.64177	4417.93468	4345.55516
1780660503	XAUUSD	M5	4470.13	4397.17613	4417.46903	4345.08952
1780660803	XAUUSD	M5	4465.28	4396.71048	4417.00339	4344.62387
1780661103	XAUUSD	M5	4467.73	4396.24484	4416.53774	4344.15823
1780661403	XAUUSD	M5	4469.28	4395.77919	4416.07210	4343.69258
1780661703	XAUUSD	M5	4472.87	4395.31355	4415.60645	4343.22694
1780662003	XAUUSD	M5	4468.57	4394.84790	4415.14081	4342.76129
1780662303	XAUUSD	M5	4465.15	4394.38226	4414.67516	4342.29565
1780662603	XAUUSD	M5	4453.22	4393.91661	4414.20952	4341.83000
1780662903	XAUUSD	M5	4443.95	4393.45097	4413.74387	4341.36435
1780663203	XAUUSD	M5	4445.81	4392.98532	4413.27823	4340.89871
1780663503	XAUUSD	M5	4440.16	4392.51968	4412.81258	4340.43306
1780663803	XAUUSD	M5	4417.00	4392.05403	4412.34694	4339.96742
1780664103	XAUUSD	M5	4406.35	4391.58839	4411.88129	4339.50177
1780664403	XAUUSD	M5	4411.96	4391.12274	4411.41565	4339.03613
1780664703	XAUUSD	M5	4416.50	4390.65710	4410.95000	4338.57048
1780665003	XAUUSD	M5	4418.53	4390.19145	4410.48435	4338.10484
1780665303	XAUUSD	M5	4417.53	4389.72581	4410.01871	4337.63919
1780665603	XAUUSD	M5	4409.93	4389.26016	4409.55306	4337.17355
1780665903	XAUUSD	M5	4405.16	4388.79452	4409.08742	4336.70790
1780666203	XAUUSD	M5	4404.97	4388.32887	4408.62177	4336.24226
1780666503	XAUUSD	M5	4392.30	4387.86323	4408.15613	4335.77661
1780666803	XAUUSD	M5	4389.52	4387.39758	4407.69048	4335.31097
1780667103	XAUUSD	M5	4383.77	4386.93194	4407.22484	4334.84532
1780667403	XAUUSD	M5	4385.08	4386.46629	4406.75919	4334.37968
1780667703	XAUUSD	M5	4365.81	4386.00065	4406.29355	4333.91403
1780668003	XAUUSD	M5	4372.32	4385.53500	4405.82790	4333.44839
1780668303	XAUUSD	M5	4374.74	4385.06935	4405.36226	4332.98274
1780668603	XAUUSD	M5	4366.17	4384.60371	4404.89661	4332.51710
1780668903	XAUUSD	M5	4369.46	4384.13806	4404.43097	4332.05145
1780669203	XAUUSD	M5	4357.52	4383.67242	4403.96532	4331.58581
1780669503	XAUUSD	M5	4361.01	4383.20677	4403.49968	4331.12016
1780669803	XAUUSD	M5	4353.06	4382.74113	4403.03403	4330.65452
1780670103	XAUUSD	M5	4348.61	4382.27548	4402.56839	4330.18887
1780670403	XAUUSD	M5	4349.26	4381.80984	4402.10274	4329.72323
1780670703	XAUUSD	M5	4356.58	4381.34419	4401.63710	4329.25758
1780671003	XAUUSD	M5	4362.96	4380.87855	4401.17145	4328.79194
1780671303	XAUUSD	M5	4369.70	4380.41290	4400.70581	4328.32629
1780671603	XAUUSD	M5	4368.46	4379.94726	4400.24016	4327.86065
1780671903	XAUUSD	M5	4362.16	4379.48161	4399.77452	4327.39500
1780672203	XAUUSD	M5	4353.29	4379.01597	4399.30887	4326.92935
1780672503	XAUUSD	M5	4355.34	4378.55032	4398.84323	4326.46371
1780672803	XAUUSD	M5	4352.82	4378.08468	4398.37758	4325.99806
1780673103	XAUUSD	M5	4351.89	4377.61903	4397.91194	4325.53242
1780673403	XAUUSD	M5	4346.92	4377.15339	4397.44629	4325.06677
1780673703	XAUUSD	M5	4340.15	4376.68774	4396.98065	4324.60113
1780674003	XAUUSD	M5	4338.81	4376.22210	4396.51500	4324.13548
1780674303	XAUUSD	M5	4339.23	4375.75645	4396.04935	4323.66984
1780674603	XAUUSD	M5	4340.99	4375.29081	4395.58371	4323.20419
1780674903	XAUUSD	M5	4335.51	4374.82516	4395.11806	4322.73855
1780675203	XAUUSD	M5	4334.14	4374.35952	4394.65242	4322.27290
1780675503	XAUUSD	M5	4332.83	4373.89387	4394.18677	4321.80726
1780675803	XAUUSD	M5	4333.58	4373.42823	4393.72113	4321.34161
1780676103	XAUUSD	M5	4330.50	4372.96258	4393.25548	4320.87597
1780676403	XAUUSD	M5	4328.59	4372.49694	4392.78984	4320.41032
1780676703	XAUUSD	M5	4329.73	4372.03129	4392.32419	4319.94468
1780677003	XAUUSD	M5	4328.76	4371.56565	4391.85855	4319.47903
1780677303	XAUUSD	M5	4331.87	4371.10000	4391.39290	4319.01339
1780677603	XAUUSD	M5	4327.87	4370.63435	4390.92726	4318.54774
1780677903	XAUUSD	M5	4333.99	4370.16871	4390.46161	4318.08210
1780678203	XAUUSD	M5	4338.16	4369.70306	4389.99597	4317.61645
1780678503	XAUUSD	M5	4344.61	4369.23742	4389.53032	4317.15081
1780678803	XAUUSD	M5	4344.23	4368.77177	4389.06468	4316.68516
1780679103	XAUUSD	M5	4339.10	4368.30613	4388.59903	4316.21952
1780679403	XAUUSD	M5	4339.56	4367.84048	4388.13339	4315.75387
1780679703	XAUUSD	M5	4338.42	4367.37484	4387.66774	4315.28823
1780680003	XAUUSD	M5	4339.17	4366.90919	4387.20210	4314.82258
1780680303	XAUUSD	M5	4342.45	4366.44355	4386.73645	4314.35694
1780680603	XAUUSD	M5	4343.12	4365.97790	4386.27081	4313.89129
1780680903	XAUUSD	M5	4345.12	4365.51226	4385.80516	4313.42565
1780681203	XAUUSD	M5	4341.28	4365.04661	4385.33952	4312.96000
1780681503	XAUUSD	M5	4339.94	4364.58097	4384.87387	4312.49435
1780681803	XAUUSD	M5	4343.45	4364.11532	4384.40823	4312.02871
1780682103	XAUUSD	M5	4341.68	4363.64968	4383.94258	4311.56306
1780682403	XAUUSD	M5	4333.58	4363.18403	4383.47694	4311.09742
1780682703	XAUUSD	M5	4329.99	4362.71839	4383.01129	4310.63177
1780683003	XAUUSD	M5	4323.31	4362.25274	4382.54565	4310.16613
1780683303	XAUUSD	M5	4326.24	4361.78710	4382.08000	4309.70048
1780683603	XAUUSD	M5	4327.31	4361.32145	4381.61435	4309.23484
1780683903	XAUUSD	M5	4325.94	4360.85581	4381.14871	4308.76919
1780684203	XAUUSD	M5	4325.10	4360.39016	4380.68306	4308.30355
1780684503	XAUUSD	M5	4320.38	4359.92452	4380.21742	4307.83790
1780684803	XAUUSD	M5	4318.16	4359.45887	4379.75177	4307.37226
1780685103	XAUUSD	M5	4321.70	4358.99323	4379.28613	4306.90661
1780685403	XAUUSD	M5	4320.66	4358.52758	4378.82048	4306.44097
1780685703	XAUUSD	M5	4322.37	4358.06194	4378.35484	4305.97532
1780686003	XAUUSD	M5	4320.86	4357.59629	4377.88919	4305.50968
1780686303	XAUUSD	M5	4319.85	4357.13065	4377.42355	4305.04403
1780686603	XAUUSD	M5	4315.37	4356.66500	4376.95790	4304.57839
1780686903	XAUUSD	M5	4318.53	4356.19935	4376.49226	4304.11274
1780687203	XAUUSD	M5	4319.19	4355.73371	4376.02661	4303.64710
1780687503	XAUUSD	M5	4323.85	4355.26806	4375.56097	4303.18145
1780687803	XAUUSD	M5	4322.93	4354.80242	4375.09532	4302.71581
1780688103	XAUUSD	M5	4322.24	4354.33677	4374.62968	4302.25016
1780688403	XAUUSD	M5	4318.85	4353.87113	4374.16403	4301.78452
1780688703	XAUUSD	M5	4320.78	4353.40548	4373.69839	4301.31887
1780689003	XAUUSD	M5	4318.33	4352.93984	4373.23274	4300.85323
1780689303	XAUUSD	M5	4318.75	4352.47419	4372.76710	4300.38758
1780689603	XAUUSD	M5	4313.73	4352.00855	4372.30145	4299.92194
1780689903	XAUUSD	M5	4314.04	4351.54290	4371.83581	4299.45629
1780690203	XAUUSD	M5	4315.59	4351.07726	4371.37016	4298.99065
1780690503	XAUUSD	M5	4315.45	4350.61161	4370.90452	4298.52500
1780690803	XAUUSD	M5	4319.86	4350.14597	4370.43887	4298.05935
1780691103	XAUUSD	M5	4322.47	4349.68032	4369.97323	4297.59371
1780691403	XAUUSD	M5	4322.48	4349.21468	4369.50758	4297.12806
1780691703	XAUUSD	M5	4323.10	4348.74903	4369.04194	4296.66242
1780692003	XAUUSD	M5	4324.13	4348.28339	4368.57629	4296.19677
1780692303	XAUUSD	M5	4327.47	4347.81774	4368.11065	4295.73113
1780692603	XAUUSD	M5	4327.66	4347.35210	4367.64500	4295.26548
1780692903	XAUUSD	M5	4328.74	4346.88645	4367.17935	4294.79984
1780869603	XAUUSD	M5	4320.90	4346.42081	4366.71371	4294.33419
1780869903	XAUUSD	M5	4319.03	4345.95516	4366.24806	4293.86855
1780870203	XAUUSD	M5	4330.05	4345.48952	4365.78242	4293.40290
1780870503	XAUUSD	M5	4327.66	4345.02387	4365.31677	4292.93726
1780870803	XAUUSD	M5	4323.06	4344.55823	4364.85113	4292.47161
1780871103	XAUUSD	M5	4316.74	4344.09258	4364.38548	4292.00597
1780871403	XAUUSD	M5	4323.38	4343.62694	4363.91984	4291.54032
1780871703	XAUUSD	M5	4325.88	4343.16129	4363.45419	4291.07468
1780872003	XAUUSD	M5	4326.26	4342.69565	4362.98855	4290.60903
1780872303	XAUUSD	M5	4322.59	4342.23000	4362.52290	4290.14339
1780872603	XAUUSD	M5	4323.37	4341.76435	4362.05726	4289.67774
1780872903	XAUUSD	M5	4317.47	4341.29871	4361.59161	4289.21210
1780873203	XAUUSD	M5	4325.96	4340.83306	4361.12597	4288.74645
1780873503	XAUUSD	M5	4326.78	4340.36742	4360.66032	4288.28081
1780873803	XAUUSD	M5	4330.85	4339.90177	4360.19468	4287.81516
1780874103	XAUUSD	M5	4331.38	4339.43613	4359.72903	4287.34952
1780874403	XAUUSD	M5	4330.21	4338.97048	4359.26339	4286.88387
1780874703	XAUUSD	M5	4334.02	4338.50484	4358.79774	4286.41823
1780875003	XAUUSD	M5	4333.84	4338.03919	4358.33210	4285.95258
1780875303	XAUUSD	M5	4336.73	4337.57355	4357.86645	4285.48694
1780875603	XAUUSD	M5	4338.96	4337.10790	4357.40081	4285.02129
1780875903	XAUUSD	M5	4341.97	4336.64226	4356.93516	4284.55565
1780876203	XAUUSD	M5	4343.42	4336.17661	4356.46952	4284.09000
1780876503	XAUUSD	M5	4343.96	4335.71097	4356.00387	4283.62435
1780876803	XAUUSD	M5	4344.88	4335.24532	4355.53823	4283.15871
1780877103	XAUUSD	M5	4345.37	4334.77968	4355.07258	4282.69306
1780877403	XAUUSD	M5	4343.65	4334.31403	4354.60694	4282.22742
1780877703	XAUUSD	M5	4347.71	4333.84839	4354.14129	4281.76177
1780878003	XAUUSD	M5	4351.27	4333.38274	4353.67565	4281.29613
1780878303	XAUUSD	M5	4351.37	4332.91710	4353.21000	4280.83048
1780878603	XAUUSD	M5	4349.14	4332.45145	4352.74435	4280.36484
1780878903	XAUUSD	M5	4347.66	4331.98581	4352.27871	4279.89919
1780879203	XAUUSD	M5	4345.29	4331.52016	4351.81306	4279.43355
1780879503	XAUUSD	M5	4342.42	4331.05452	4351.34742	4278.96790
1780879803	XAUUSD	M5	4341.58	4330.58887	4350.88177	4278.50226
1780880103	XAUUSD	M5	4342.43	4330.12323	4350.41613	4278.03661
1780880403	XAUUSD	M5	4339.22	4329.65758	4349.95048	4277.57097
1780880703	XAUUSD	M5	4336.65	4329.19194	4349.48484	4277.10532
1780881003	XAUUSD	M5	4327.14	4328.72629	4349.01919	4276.63968
1780881303	XAUUSD	M5	4318.23	4328.26065	4348.55355	4276.17403
1780881603	XAUUSD	M5	4321.86	4327.79500	4348.08790	4275.70839
1780881903	XAUUSD	M5	4314.77	4327.32935	4347.62226	4275.24274
1780882203	XAUUSD	M5	4315.21	4326.86371	4347.15661	4274.77710
1780882503	XAUUSD	M5	4317.13	4326.39806	4346.69097	4274.31145
1780882803	XAUUSD	M5	4326.20	4325.93242	4346.22532	4273.84581
1780883103	XAUUSD	M5	4323.55	4325.46677	4345.75968	4273.38016
1780883403	XAUUSD	M5	4324.37	4325.00113	4345.29403	4272.91452
1780883703	XAUUSD	M5	4325.44	4324.53548	4344.82839	4272.44887
1780884003	XAUUSD	M5	4322.83	4324.06984	4344.36274	4271.98323
1780884303	XAUUSD	M5	4319.05	4323.60419	4343.89710	4271.51758
1780884603	XAUUSD	M5	4316.75	4323.13855	4343.43145	4271.05194
1780884903	XAUUSD	M5	4312.15	4322.67290	4342.96581	4270.58629
1780885203	XAUUSD	M5	4316.43	4322.20726	4342.50016	4270.12065
1780885503	XAUUSD	M5	4315.09	4321.74161	4342.03452	4269.65500
1780885803	XAUUSD	M5	4309.55	4321.27597	4341.56887	4269.18935
1780886103	XAUUSD	M5	4311.83	4320.81032	4341.10323	4268.72371
1780886403	XAUUSD	M5	4315.99	4320.34468	4340.63758	4268.25806
1780886703	XAUUSD	M5	4317.38	4319.87903	4340.17194	4267.79242
1780887003	XAUUSD	M5	4312.04	4319.41339	4339.70629	4267.32677
1780887303	XAUUSD	M5	4310.65	4318.94774	4339.24065	4266.86113
1780887603	XAUUSD	M5	4311.21	4318.48210	4338.77500	4266.39548
1780887903	XAUUSD	M5	4308.35	4318.01645	4338.30935	4265.92984
1780888203	XAUUSD	M5	4304.81	4317.55081	4337.84371	4265.46419
1780888503	XAUUSD	M5	4307.51	4317.08516	4337.37806	4264.99855
1780888803	XAUUSD	M5	4310.42	4316.61952	4336.91242	4264.53290
1780889103	XAUUSD	M5	4307.23	4316.15387	4336.44677	4264.06726
1780889403	XAUUSD	M5	4307.04	4315.68823	4335.98113	4263.60161
1780889703	XAUUSD	M5	4307.62	4315.22258	4335.51548	4263.13597
1780890003	XAUUSD	M5	4309.95	4314.75694	4335.04984	4262.67032
1780890303	XAUUSD	M5	4312.35	4314.29129	4334.58419	4262.20468
1780890603	XAUUSD	M5	4314.95	4313.82565	4334.11855	4261.73903
1780890903	XAUUSD	M5	4316.92	4313.36000	4333.65290	4261.27339
1780891203	XAUUSD	M5	4315.19	4312.89435	4333.18726	4260.80774
1780891503	XAUUSD	M5	4318.09	4312.42871	4332.72161	4260.34210
1780891803	XAUUSD	M5	4318.68	4311.96306	4332.25597	4259.87645
1780892103	XAUUSD	M5	4318.62	4311.49742	4331.79032	4259.41081
1780892403	XAUUSD	M5	4317.90	4311.03177	4331.32468	4258.94516
1780892703	XAUUSD	M5	4319.96	4310.56613	4330.85903	4258.47952
1780893003	XAUUSD	M5	4313.46	4310.10048	4330.39339	4258.01387
1780893303	XAUUSD	M5	4311.12	4309.63484	4329.92774	4257.54823
1780893603	XAUUSD	M5	4307.82	4309.16919	4329.46210	4257.08258
1780893903	XAUUSD	M5	4310.11	4308.70355	4328.99645	4256.61694
1780894203	XAUUSD	M5	4311.65	4308.23790	4328.53081	4256.15129
1780894503	XAUUSD	M5	4312.80	4307.77226	4328.06516	4255.68565
1780894803	XAUUSD	M5	4315.21	4307.30661	4327.59952	4255.22000
1780895103	XAUUSD	M5	4310.36	4306.84097	4327.13387	4254.75435
1780895403	XAUUSD	M5	4305.19	4306.37532	4326.66823	4254.28871
1780895703	XAUUSD	M5	4309.41	4305.90968	4326.20258	4253.82306
1780896003	XAUUSD	M5	4311.31	4305.44403	4325.73694	4253.35742
1780896303	XAUUSD	M5	4311.93	4304.97839	4325.27129	4252.89177
1780896603	XAUUSD	M5	4287.02	4304.51274	4324.80565	4252.42613
1780896903	XAUUSD	M5	4291.39	4304.04710	4324.34000	4251.96048
1780897203	XAUUSD	M5	4287.87	4303.58145	4323.87435	4251.49484
1780897503	XAUUSD	M5	4286.72	4303.11581	4323.40871	4251.02919
1780897803	XAUUSD	M5	4289.61	4302.65016	4322.94306	4250.56355
1780898103	XAUUSD	M5	4291.94	4302.18452	4322.47742	4250.09790
1780898403	XAUUSD	M5	4303.65	4301.71887	4322.01177	4249.63226
1780898703	XAUUSD	M5	4302.48	4301.25323	4321.54613	4249.16661
1780899003	XAUUSD	M5	4303.37	4300.78758	4321.08048	4248.70097
1780899303	XAUUSD	M5	4303.18	4300.32194	4320.61484	4248.23532
1780899603	XAUUSD	M5	4308.41	4299.85629	4320.14919	4247.76968
1780899903	XAUUSD	M5	4305.75	4299.39065	4319.68355	4247.30403
1780900203	XAUUSD	M5	4299.29	4298.92500	4319.21790	4246.83839
1780900503	XAUUSD	M5	4296.56	4298.45935	4318.75226	4246.37274
1780900803	XAUUSD	M5	4298.41	4297.99371	4318.28661	4245.90710
1780901103	XAUUSD	M5	4297.44	4297.52806	4317.82097	4245.44145
1780901403	XAUUSD	M5	4297.89	4297.06242	4317.35532	4244.97581
1780901703	XAUUSD	M5	4300.07	4296.59677	4316.88968	4244.51016
1780902003	XAUUSD	M5	4299.24	4296.13113	4316.42403	4244.04452
1780902303	XAUUSD	M5	4300.61	4295.66548	4315.95839	4243.57887
1780902603	XAUUSD	M5	4305.33	4295.19984	4315.49274	4243.11323
1780902903	XAUUSD	M5	4306.26	4294.73419	4315.02710	4242.64758
1780903203	XAUUSD	M5	4314.11	4294.26855	4314.56145	4242.18194
1780903503	XAUUSD	M5	4306.16	4293.80290	4314.09581	4241.71629
1780903803	XAUUSD	M5	4308.17	4293.33726	4313.63016	4241.25065
1780904103	XAUUSD	M5	4307.81	4292.87161	4313.16452	4240.78500
1780904403	XAUUSD	M5	4301.77	4292.40597	4312.69887	4240.31935
1780904703	XAUUSD	M5	4298.57	4291.94032	4312.23323	4239.85371
1780905003	XAUUSD	M5	4296.56	4291.47468	4311.76758	4239.38806
1780905303	XAUUSD	M5	4294.50	4291.00903	4311.30194	4238.92242
1780905603	XAUUSD	M5	4293.29	4290.54339	4310.83629	4238.45677
1780905903	XAUUSD	M5	4294.65	4290.07774	4310.37065	4237.99113
1780906203	XAUUSD	M5	4291.84	4289.61210	4309.90500	4237.52548
1780906503	XAUUSD	M5	4292.80	4289.14645	4309.43935	4237.05984
1780906803	XAUUSD	M5	4288.89	4288.68081	4308.97371	4236.59419
1780907103	XAUUSD	M5	4288.16	4288.21516	4308.50806	4236.12855
1780907403	XAUUSD	M5	4291.37	4287.74952	4308.04242	4235.66290
1780907703	XAUUSD	M5	4287.55	4287.28387	4307.57677	4235.19726
1780908003	XAUUSD	M5	4290.79	4286.81823	4307.11113	4234.73161
1780908303	XAUUSD	M5	4291.17	4286.35258	4306.64548	4234.26597
1780908603	XAUUSD	M5	4288.45	4285.88694	4306.17984	4233.80032
1780908903	XAUUSD	M5	4288.78	4285.42129	4305.71419	4233.33468
1780909203	XAUUSD	M5	4290.83	4284.95565	4305.24855	4232.86903
1780909503	XAUUSD	M5	4285.28	4284.49000	4304.78290	4232.40339
1780909803	XAUUSD	M5	4289.02	4284.02435	4304.31726	4231.93774
1780910103	XAUUSD	M5	4287.97	4283.55871	4303.85161	4231.47210
1780910403	XAUUSD	M5	4286.53	4283.09306	4303.38597	4231.00645
1780910703	XAUUSD	M5	4279.87	4282.62742	4302.92032	4230.54081
1780911003	XAUUSD	M5	4273.98	4282.16177	4302.45468	4230.07516
1780911303	XAUUSD	M5	4293.84	4281.69613	4301.98903	4229.60952
1780911603	XAUUSD	M5	4293.68	4281.23048	4301.52339	4229.14387
1780911903	XAUUSD	M5	4301.13	4280.76484	4301.05774	4228.67823
1780912203	XAUUSD	M5	4293.67	4280.29919	4300.59210	4228.21258
1780912503	XAUUSD	M5	4294.31	4279.83355	4300.12645	4227.74694
1780912803	XAUUSD	M5	4290.57	4279.36790	4299.66081	4227.28129
1780913103	XAUUSD	M5	4294.92	4278.90226	4299.19516	4226.81565
1780913403	XAUUSD	M5	4294.59	4278.43661	4298.72952	4226.35000
1780913703	XAUUSD	M5	4290.16	4277.97097	4298.26387	4225.88435
1780914003	XAUUSD	M5	4291.39	4277.50532	4297.79823	4225.41871
1780914303	XAUUSD	M5	4293.83	4277.03968	4297.33258	4224.95306
1780914603	XAUUSD	M5	4304.01	4276.57403	4296.86694	4224.48742
1780914903	XAUUSD	M5	4299.93	4276.10839	4296.40129	4224.02177
1780915203	XAUUSD	M5	4304.93	4275.64274	4295.93565	4223.55613
1780915503	XAUUSD	M5	4300.61	4275.17710	4295.47000	4223.09048
1780915803	XAUUSD	M5	4298.55	4274.71145	4295.00435	4222.62484
1780916103	XAUUSD	M5	4302.06	4274.24581	4294.53871	4222.15919
1780916403	XAUUSD	M5	4300.05	4273.78016	4294.07306	4221.69355
1780916703	XAUUSD	M5	4306.20	4273.31452	4293.60742	4221.22790
1780917003	XAUUSD	M5	4318.58	4272.84887	4293.14177	4220.76226
1780917303	XAUUSD	M5	4326.93	4272.38323	4292.67613	4220.29661
1780917603	XAUUSD	M5	4324.92	4271.91758	4292.21048	4219.83097
1780917903	XAUUSD	M5	4325.31	4271.45194	4291.74484	4219.36532
1780918203	XAUUSD	M5	4330.01	4270.98629	4291.27919	4218.89968
1780918503	XAUUSD	M5	4325.51	4270.52065	4290.81355	4218.43403
1780918803	XAUUSD	M5	4324.05	4270.05500	4290.34790	4217.96839
1780919103	XAUUSD	M5	4323.95	4269.58935	4289.88226	4217.50274
1780919403	XAUUSD	M5	4326.76	4269.12371	4289.41661	4217.03710
1780919703	XAUUSD	M5	4331.28	4268.65806	4288.95097	4216.57145
1780920003	XAUUSD	M5	4330.85	4268.19242	4288.48532	4216.10581
1780920303	XAUUSD	M5	4330.66	4267.72677	4288.01968	4215.64016
1780920603	XAUUSD	M5	4322.88	4267.26113	4287.55403	4215.17452
1780920903	XAUUSD	M5	4325.20	4266.79548	4287.08839	4214.70887
1780921203	XAUUSD	M5	4329.15	4266.32984	4286.62274	4214.24323
1780921503	XAUUSD	M5	4330.13	4265.86419	4286.15710	4213.77758
1780921803	XAUUSD	M5	4328.27	4265.39855	4285.69145	4213.31194
1780922103	XAUUSD	M5	4330.10	4264.93290	4285.22581	4212.84629
1780922403	XAUUSD	M5	4335.74	4264.46726	4284.76016	4212.38065
1780922703	XAUUSD	M5	4332.68	4264.00161	4284.29452	4211.91500
1780923003	XAUUSD	M5	4330.01	4263.53597	4283.82887	4211.44935
1780923303	XAUUSD	M5	4333.10	4263.07032	4283.36323	4210.98371
1780923603	XAUUSD	M5	4328.74	4262.60468	4282.89758	4210.51806
1780923903	XAUUSD	M5	4324.46	4262.13903	4282.43194	4210.05242
1780924203	XAUUSD	M5	4323.84	4261.67339	4281.96629	4209.58677
1780924503	XAUUSD	M5	4325.41	4261.20774	4281.50065	4209.12113
1780924803	XAUUSD	M5	4331.79	4260.74210	4281.03500	4208.65548
1780925103	XAUUSD	M5	4331.33	4260.27645	4280.56935	4208.18984
1780925403	XAUUSD	M5	4333.45	4259.81081	4280.10371	4207.72419
1780925703	XAUUSD	M5	4341.20	4259.34516	4279.63806	4207.25855
1780926003	XAUUSD	M5	4336.42	4258.87952	4279.17242	4206.79290
1780926303	XAUUSD	M5	4332.54	4258.41387	4278.70677	4206.32726
1780926603	XAUUSD	M5	4334.15	4257.94823	4278.24113	4205.86161
1780926903	XAUUSD	M5	4326.79	4257.48258	4277.77548	4205.39597
1780927203	XAUUSD	M5	4322.59	4257.01694	4277.30984	4204.93032
1780927503	XAUUSD	M5	4320.64	4256.55129	4276.84419	4204.46468
1780927803	XAUUSD	M5	4319.56	4256.08565	4276.37855	4203.99903
1780928103	XAUUSD	M5	4321.81	4255.62000	4275.91290	4203.53339
1780928403	XAUUSD	M5	4318.69	4255.15435	4275.44726	4203.06774
1780928703	XAUUSD	M5	4320.06	4254.68871	4274.98161	4202.60210
1780929003	XAUUSD	M5	4322.14	4254.22306	4274.51597	4202.13645
1780929303	XAUUSD	M5	4319.87	4253.75742	4274.05032	4201.67081
1780929603	XAUUSD	M5	4322.57	4253.29177	4273.58468	4201.20516
1780929903	XAUUSD	M5	4317.76	4252.82613	4273.11903	4200.73952
1780930203	XAUUSD	M5	4326.33	4252.36048	4272.65339	4200.27387
1780930503	XAUUSD	M5	4331.06	4251.89484	4272.18774	4199.80823
1780930803	XAUUSD	M5	4329.00	4251.42919	4271.72210	4199.34258
1780931103	XAUUSD	M5	4328.58	4250.96355	4271.25645	4198.87694
1780931403	XAUUSD	M5	4325.45	4250.49790	4270.79081	4198.41129
1780931703	XAUUSD	M5	4331.78	4250.03226	4270.32516	4197.94565
1780932003	XAUUSD	M5	4335.38	4249.56661	4269.85952	4197.48000
1780932303	XAUUSD	M5	4330.68	4249.10097	4269.39387	4197.01435
1780932603	XAUUSD	M5	4332.26	4248.63532	4268.92823	4196.54871
1780932903	XAUUSD	M5	4336.68	4248.16968	4268.46258	4196.08306
1780933203	XAUUSD	M5	4339.41	4247.70403	4267.99694	4195.61742
1780933503	XAUUSD	M5	4335.43	4247.23839	4267.53129	4195.15177
1780933803	XAUUSD	M5	4342.82	4246.77274	4267.06565	4194.68613
1780934103	XAUUSD	M5	4341.94	4246.30710	4266.60000	4194.22048
1780934403	XAUUSD	M5	4341.30	4245.84145	4266.13435	4193.75484
1780934703	XAUUSD	M5	4339.79	4245.37581	4265.66871	4193.28919
1780935003	XAUUSD	M5	4340.96	4244.91016	4265.20306	4192.82355
1780935303	XAUUSD	M5	4342.79	4244.44452	4264.73742	4192.35790
1780935603	XAUUSD	M5	4341.13	4243.97887	4264.27177	4191.89226
1780935903	XAUUSD	M5	4340.95	4243.51323	4263.80613	4191.42661
1780936203	XAUUSD	M5	4342.62	4243.04758	4263.34048	4190.96097
1780936503	XAUUSD	M5	4341.23	4242.58194	4262.87484	4190.49532
1780936803	XAUUSD	M5	4343.94	4242.11629	4262.40919	4190.02968
1780937103	XAUUSD	M5	4345.20	4241.65065	4261.94355	4189.56403
1780937403	XAUUSD	M5	4338.13	4241.18500	4261.47790	4189.09839
1780937703	XAUUSD	M5	4340.75	4240.71935	4261.01226	4188.63274
1780938003	XAUUSD	M5	4337.90	4240.25371	4260.54661	4188.16710
1780938303	XAUUSD	M5	4338.51	4239.78806	4260.08097	4187.70145
1780938603	XAUUSD	M5	4338.82	4239.32242	4259.61532	4187.23581
1780938903	XAUUSD	M5	4338.32	4238.85677	4259.14968	4186.77016
1780939203	XAUUSD	M5	4335.62	4238.39113	4258.68403	4186.30452
1780939503	XAUUSD	M5	4339.15	4237.92548	4258.21839	4185.83887
1780939803	XAUUSD	M5	4335.57	4237.45984	4257.75274	4185.37323
1780940103	XAUUSD	M5	4335.02	4236.99419	4257.28710	4184.90758
1780940403	XAUUSD	M5	4334.10	4236.52855	4256.82145	4184.44194
1780940703	XAUUSD	M5	4337.05	4236.06290	4256.35581	4183.97629
1780941003	XAUUSD	M5	4336.76	4235.59726	4255.89016	4183.51065
1780941303	XAUUSD	M5	4339.26	4235.13161	4255.42452	4183.04500
1780941603	XAUUSD	M5	4343.87	4234.66597	4254.95887	4182.57935
1780941903	XAUUSD	M5	4343.53	4234.20032	4254.49323	4182.11371
1780942203	XAUUSD	M5	4341.33	4233.73468	4254.02758	4181.64806
1780942503	XAUUSD	M5	4342.33	4233.26903	4253.56194	4181.18242
1780942803	XAUUSD	M5	4343.89	4232.80339	4253.09629	4180.71677
1780943103	XAUUSD	M5	4342.66	4232.33774	4252.63065	4180.25113
1780943403	XAUUSD	M5	4340.71	4231.87210	4252.16500	4179.78548
1780943703	XAUUSD	M5	4337.20	4231.40645	4251.69935	4179.31984
1780944003	XAUUSD	M5	4336.74	4230.94081	4251.23371	4178.85419
1780944303	XAUUSD	M5	4334.57	4230.47516	4250.76806	4178.38855
1780944603	XAUUSD	M5	4334.32	4230.00952	4250.30242	4177.92290
1780944903	XAUUSD	M5	4334.61	4229.54387	4249.83677	4177.45726
1780945203	XAUUSD	M5	4337.00	4229.07823	4249.37113	4176.99161
1780945503	XAUUSD	M5	4332.50	4228.61258	4248.90548	4176.52597
1780945803	XAUUSD	M5	4329.87	4228.14694	4248.43984	4176.06032
1780946103	XAUUSD	M5	4328.82	4227.68129	4247.97419	4175.59468
1780946403	XAUUSD	M5	4326.76	4227.21565	4247.50855	4175.12903
1780946703	XAUUSD	M5	4327.76	4226.75000	4247.04290	4174.66339
1780947003	XAUUSD	M5	4327.32	4226.28435	4246.57726	4174.19774
1780947303	XAUUSD	M5	4325.92	4225.81871	4246.11161	4173.73210
1780947603	XAUUSD	M5	4325.18	4225.35306	4245.64597	4173.26645
1780947903	XAUUSD	M5	4327.19	4224.88742	4245.18032	4172.80081
1780948203	XAUUSD	M5	4328.39	4224.42177	4244.71468	4172.33516
1780948503	XAUUSD	M5	4326.76	4223.95613	4244.24903	4171.86952
1780948803	XAUUSD	M5	4329.64	4223.49048	4243.78339	4171.40387
1780949103	XAUUSD	M5	4327.83	4223.02484	4243.31774	4170.93823
1780949403	XAUUSD	M5	4328.24	4222.55919	4242.85210	4170.47258
1780949703	XAUUSD	M5	4325.89	4222.09355	4242.38645	4170.00694
1780950003	XAUUSD	M5	4326.99	4221.62790	4241.92081	4169.54129
1780950303	XAUUSD	M5	4326.52	4221.16226	4241.45516	4169.07565
1780950603	XAUUSD	M5	4327.86	4220.69661	4240.98952	4168.61000
1780950903	XAUUSD	M5	4327.63	4220.23097	4240.52387	4168.14435
1780951203	XAUUSD	M5	4326.28	4219.76532	4240.05823	4167.67871
1780951503	XAUUSD	M5	4327.40	4219.29968	4239.59258	4167.21306
1780951803	XAUUSD	M5	4329.21	4218.83403	4239.12694	4166.74742
1780952103	XAUUSD	M5	4329.82	4218.36839	4238.66129	4166.28177
1780956003	XAUUSD	M5	4326.71	4217.90274	4238.19565	4165.81613
1780956303	XAUUSD	M5	4326.95	4217.43710	4237.73000	4165.35048
1780956603	XAUUSD	M5	4325.29	4216.97145	4237.26435	4164.88484
1780956903	XAUUSD	M5	4324.60	4216.50581	4236.79871	4164.41919
1780957203	XAUUSD	M5	4326.06	4216.04016	4236.33306	4163.95355
1780957503	XAUUSD	M5	4325.13	4215.57452	4235.86742	4163.48790
1780957803	XAUUSD	M5	4325.58	4215.10887	4235.40177	4163.02226
1780958103	XAUUSD	M5	4325.84	4214.64323	4234.93613	4162.55661
1780958403	XAUUSD	M5	4327.42	4214.17758	4234.47048	4162.09097
1780958703	XAUUSD	M5	4326.94	4213.71194	4234.00484	4161.62532
1780959003	XAUUSD	M5	4328.08	4213.24629	4233.53919	4161.15968
1780959303	XAUUSD	M5	4327.79	4212.78065	4233.07355	4160.69403
1780959603	XAUUSD	M5	4327.61	4212.31500	4232.60790	4160.22839
1780959903	XAUUSD	M5	4326.60	4211.84935	4232.14226	4159.76274
1780960203	XAUUSD	M5	4327.63	4211.38371	4231.67661	4159.29710
1780960503	XAUUSD	M5	4327.40	4210.91806	4231.21097	4158.83145
1780960803	XAUUSD	M5	4325.15	4210.45242	4230.74532	4158.36581
1780961103	XAUUSD	M5	4320.46	4209.98677	4230.27968	4157.90016
1780961403	XAUUSD	M5	4317.98	4209.52113	4229.81403	4157.43452
1780961703	XAUUSD	M5	4321.80	4209.05548	4229.34839	4156.96887
1780962003	XAUUSD	M5	4319.60	4208.58984	4228.88274	4156.50323
1780962303	XAUUSD	M5	4313.69	4208.12419	4228.41710	4156.03758
1780962603	XAUUSD	M5	4317.07	4207.65855	4227.95145	4155.57194
1780962903	XAUUSD	M5	4317.91	4207.19290	4227.48581	4155.10629
1780963203	XAUUSD	M5	4317.39	4206.72726	4227.02016	4154.64065
1780963503	XAUUSD	M5	4318.58	4206.26161	4226.55452	4154.17500
1780963803	XAUUSD	M5	4322.74	4205.79597	4226.08887	4153.70935
1780964103	XAUUSD	M5	4320.18	4205.33032	4225.62323	4153.24371
1780964403	XAUUSD	M5	4318.80	4204.86468	4225.15758	4152.77806
1780964703	XAUUSD	M5	4316.82	4204.39903	4224.69194	4152.31242
1780965003	XAUUSD	M5	4318.92	4203.93339	4224.22629	4151.84677
1780965303	XAUUSD	M5	4319.03	4203.46774	4223.76065	4151.38113
1780965603	XAUUSD	M5	4318.44	4203.00210	4223.29500	4150.91548
1780965903	XAUUSD	M5	4317.00	4202.53645	4222.82935	4150.44984
1780966203	XAUUSD	M5	4315.79	4202.07081	4222.36371	4149.98419
1780966503	XAUUSD	M5	4319.86	4201.60516	4221.89806	4149.51855
1780966803	XAUUSD	M5	4321.26	4201.13952	4221.43242	4149.05290
1780967103	XAUUSD	M5	4325.19	4200.67387	4220.96677	4148.58726
1780967403	XAUUSD	M5	4324.10	4200.20823	4220.50113	4148.12161
1780967703	XAUUSD	M5	4324.04	4199.74258	4220.03548	4147.65597
1780968003	XAUUSD	M5	4327.56	4199.27694	4219.56984	4147.19032
1780968303	XAUUSD	M5	4335.33	4198.81129	4219.10419	4146.72468
1780968603	XAUUSD	M5	4337.31	4198.34565	4218.63855	4146.25903
1780968903	XAUUSD	M5	4335.61	4197.88000	4218.17290	4145.79339
1780969203	XAUUSD	M5	4335.74	4197.41435	4217.70726	4145.32774
1780969503	XAUUSD	M5	4334.08	4196.94871	4217.24161	4144.86210
1780969803	XAUUSD	M5	4336.70	4196.48306	4216.77597	4144.39645
1780970103	XAUUSD	M5	4336.53	4196.01742	4216.31032	4143.93081
1780970403	XAUUSD	M5	4332.86	4195.55177	4215.84468	4143.46516
1780970703	XAUUSD	M5	4331.07	4195.08613	4215.37903	4142.99952
1780971003	XAUUSD	M5	4332.91	4194.62048	4214.91339	4142.53387
1780971303	XAUUSD	M5	4332.68	4194.15484	4214.44774	4142.06823
1780971603	XAUUSD	M5	4334.61	4193.68919	4213.98210	4141.60258
1780971903	XAUUSD	M5	4335.60	4193.22355	4213.51645	4141.13694
1780972203	XAUUSD	M5	4335.53	4192.75790	4213.05081	4140.67129
1780972503	XAUUSD	M5	4335.22	4192.29226	4212.58516	4140.20565
1780972803	XAUUSD	M5	4338.43	4191.82661	4212.11952	4139.74000
1780973103	XAUUSD	M5	4337.70	4191.36097	4211.65387	4139.27435
1780973403	XAUUSD	M5	4338.75	4190.89532	4211.18823	4138.80871
1780973703	XAUUSD	M5	4336.03	4190.42968	4210.72258	4138.34306
1780974003	XAUUSD	M5	4331.95	4189.96403	4210.25694	4137.87742
1780974303	XAUUSD	M5	4338.41	4189.49839	4209.79129	4137.41177
1780974603	XAUUSD	M5	4338.71	4189.03274	4209.32565	4136.94613
1780974903	XAUUSD	M5	4339.72	4188.56710	4208.86000	4136.48048
1780975203	XAUUSD	M5	4334.90	4188.10145	4208.39435	4136.01484
1780975503	XAUUSD	M5	4336.80	4187.63581	4207.92871	4135.54919
1780975803	XAUUSD	M5	4333.67	4187.17016	4207.46306	4135.08355
1780976103	XAUUSD	M5	4335.36	4186.70452	4206.99742	4134.61790
1780976403	XAUUSD	M5	4337.55	4186.23887	4206.53177	4134.15226
1780976703	XAUUSD	M5	4338.62	4185.77323	4206.06613	4133.68661
1780977003	XAUUSD	M5	4339.51	4185.30758	4205.60048	4133.22097
1780977303	XAUUSD	M5	4336.61	4184.84194	4205.13484	4132.75532
1780977603	XAUUSD	M5	4335.52	4184.37629	4204.66919	4132.28968
1780977903	XAUUSD	M5	4337.36	4183.91065	4204.20355	4131.82403
1780978203	XAUUSD	M5	4332.25	4183.44500	4203.73790	4131.35839
1780978503	XAUUSD	M5	4329.97	4182.97935	4203.27226	4130.89274
1780978803	XAUUSD	M5	4331.23	4182.51371	4202.80661	4130.42710
1780979103	XAUUSD	M5	4330.49	4182.04806	4202.34097	4129.96145
1780979403	XAUUSD	M5	4325.42	4181.58242	4201.87532	4129.49581
1780979703	XAUUSD	M5	4329.96	4181.11677	4201.40968	4129.03016
1780980003	XAUUSD	M5	4328.15	4180.65113	4200.94403	4128.56452
1780980303	XAUUSD	M5	4329.25	4180.18548	4200.47839	4128.09887
1780980603	XAUUSD	M5	4327.53	4179.71984	4200.01274	4127.63323
1780980903	XAUUSD	M5	4332.31	4179.25419	4199.54710	4127.16758
1780981203	XAUUSD	M5	4336.16	4178.78855	4199.08145	4126.70194
1780981503	XAUUSD	M5	4332.51	4178.32290	4198.61581	4126.23629
1780981803	XAUUSD	M5	4331.40	4177.85726	4198.15016	4125.77065
1780982103	XAUUSD	M5	4333.51	4177.39161	4197.68452	4125.30500
1780982403	XAUUSD	M5	4333.41	4176.92597	4197.21887	4124.83935
1780982703	XAUUSD	M5	4332.58	4176.46032	4196.75323	4124.37371
1780983003	XAUUSD	M5	4342.78	4175.99468	4196.28758	4123.90806
1780983303	XAUUSD	M5	4343.14	4175.52903	4195.82194	4123.44242
1780983603	XAUUSD	M5	4348.25	4175.06339	4195.35629	4122.97677
1780983903	XAUUSD	M5	4346.59	4174.59774	4194.89065	4122.51113
1780984203	XAUUSD	M5	4345.52	4174.13210	4194.42500	4122.04548
1780984503	XAUUSD	M5	4343.48	4173.66645	4193.95935	4121.57984
1780984803	XAUUSD	M5	4344.55	4173.20081	4193.49371	4121.11419
1780985103	XAUUSD	M5	4344.10	4172.73516	4193.02806	4120.64855
1780985403	XAUUSD	M5	4341.43	4172.26952	4192.56242	4120.18290
1780985703	XAUUSD	M5	4343.03	4171.80387	4192.09677	4119.71726
1780986003	XAUUSD	M5	4344.78	4171.33823	4191.63113	4119.25161
1780986303	XAUUSD	M5	4338.72	4170.87258	4191.16548	4118.78597
1780986603	XAUUSD	M5	4333.88	4170.40694	4190.69984	4118.32032
1780986903	XAUUSD	M5	4337.90	4169.94129	4190.23419	4117.85468
1780987203	XAUUSD	M5	4336.73	4169.47565	4189.76855	4117.38903
1780987503	XAUUSD	M5	4339.42	4169.01000	4189.30290	4116.92339
1780987803	XAUUSD	M5	4335.32	4168.54435	4188.83726	4116.45774
1780988103	XAUUSD	M5	4330.65	4168.07871	4188.37161	4115.99210
1780988403	XAUUSD	M5	4331.73	4167.61306	4187.90597	4115.52645
1780988703	XAUUSD	M5	4332.51	4167.14742	4187.44032	4115.06081
1780989003	XAUUSD	M5	4327.41	4166.68177	4186.97468	4114.59516
1780989303	XAUUSD	M5	4328.84	4166.21613	4186.50903	4114.12952
1780989603	XAUUSD	M5	4330.11	4165.75048	4186.04339	4113.66387
1780989903	XAUUSD	M5	4331.06	4165.28484	4185.57774	4113.19823
1780990203	XAUUSD	M5	4326.64	4164.81919	4185.11210	4112.73258
1780990503	XAUUSD	M5	4325.67	4164.35355	4184.64645	4112.26694
1780990803	XAUUSD	M5	4328.43	4163.88790	4184.18081	4111.80129
1780991103	XAUUSD	M5	4326.47	4163.42226	4183.71516	4111.33565
1780991403	XAUUSD	M5	4328.70	4162.95661	4183.24952	4110.87000
1780991703	XAUUSD	M5	4326.56	4162.49097	4182.78387	4110.40435
1780992003	XAUUSD	M5	4323.18	4162.02532	4182.31823	4109.93871
1780992303	XAUUSD	M5	4326.61	4161.55968	4181.85258	4109.47306
1780992603	XAUUSD	M5	4331.70	4161.09403	4181.38694	4109.00742
1780992903	XAUUSD	M5	4332.46	4160.62839	4180.92129	4108.54177
1780993203	XAUUSD	M5	4331.98	4160.16274	4180.45565	4108.07613
1780993503	XAUUSD	M5	4334.38	4159.69710	4179.99000	4107.61048
1780993803	XAUUSD	M5	4331.19	4159.23145	4179.52435	4107.14484
1780994103	XAUUSD	M5	4334.45	4158.76581	4179.05871	4106.67919
1780994403	XAUUSD	M5	4335.05	4158.30016	4178.59306	4106.21355
1780994703	XAUUSD	M5	4328.20	4157.83452	4178.12742	4105.74790
1780995003	XAUUSD	M5	4330.00	4157.36887	4177.66177	4105.28226
1780995303	XAUUSD	M5	4326.60	4156.90323	4177.19613	4104.81661
1780995603	XAUUSD	M5	4328.93	4156.43758	4176.73048	4104.35097
1780995903	XAUUSD	M5	4330.22	4155.97194	4176.26484	4103.88532
1780996203	XAUUSD	M5	4328.22	4155.50629	4175.79919	4103.41968
1780996503	XAUUSD	M5	4330.01	4155.04065	4175.33355	4102.95403
1780996803	XAUUSD	M5	4333.35	4154.57500	4174.86790	4102.48839
1780997103	XAUUSD	M5	4326.89	4154.10935	4174.40226	4102.02274
1780997403	XAUUSD	M5	4326.62	4153.64371	4173.93661	4101.55710
1780997703	XAUUSD	M5	4329.23	4153.17806	4173.47097	4101.09145
1780998003	XAUUSD	M5	4327.13	4152.71242	4173.00532	4100.62581
1780998303	XAUUSD	M5	4329.78	4152.24677	4172.53968	4100.16016
1780998603	XAUUSD	M5	4333.15	4151.78113	4172.07403	4099.69452
1780998903	XAUUSD	M5	4332.26	4151.31548	4171.60839	4099.22887
1780999203	XAUUSD	M5	4330.80	4150.84984	4171.14274	4098.76323
1780999503	XAUUSD	M5	4327.26	4150.38419	4170.67710	4098.29758
1780999803	XAUUSD	M5	4335.24	4149.91855	4170.21145	4097.83194
1781000103	XAUUSD	M5	4334.87	4149.45290	4169.74581	4097.36629
1781000403	XAUUSD	M5	4332.60	4148.98726	4169.28016	4096.90065
1781000703	XAUUSD	M5	4333.84	4148.52161	4168.81452	4096.43500
1781001003	XAUUSD	M5	4333.85	4148.05597	4168.34887	4095.96935
1781001303	XAUUSD	M5	4331.97	4147.59032	4167.88323	4095.50371
1781001603	XAUUSD	M5	4332.65	4147.12468	4167.41758	4095.03806
1781001903	XAUUSD	M5	4330.74	4146.65903	4166.95194	4094.57242
1781002203	XAUUSD	M5	4335.14	4146.19339	4166.48629	4094.10677
1781002503	XAUUSD	M5	4339.15	4145.72774	4166.02065	4093.64113
1781002803	XAUUSD	M5	4335.92	4145.26210	4165.55500	4093.17548
1781003103	XAUUSD	M5	4337.21	4144.79645	4165.08935	4092.70984
1781003403	XAUUSD	M5	4337.83	4144.33081	4164.62371	4092.24419
1781003703	XAUUSD	M5	4339.31	4143.86516	4164.15806	4091.77855
1781004003	XAUUSD	M5	4337.27	4143.39952	4163.69242	4091.31290
1781004303	XAUUSD	M5	4338.75	4142.93387	4163.22677	4090.84726
1781004603	XAUUSD	M5	4337.87	4142.46823	4162.76113	4090.38161
1781004903	XAUUSD	M5	4337.41	4142.00258	4162.29548	4089.91597
1781005203	XAUUSD	M5	4338.95	4141.53694	4161.82984	4089.45032
1781005503	XAUUSD	M5	4340.14	4141.07129	4161.36419	4088.98468
1781005803	XAUUSD	M5	4341.36	4140.60565	4160.89855	4088.51903
1781006103	XAUUSD	M5	4339.76	4140.14000	4160.43290	4088.05339
1781006403	XAUUSD	M5	4342.37	4139.67435	4159.96726	4087.58774
1781006703	XAUUSD	M5	4343.71	4139.20871	4159.50161	4087.12210
1781007003	XAUUSD	M5	4340.92	4138.74306	4159.03597	4086.65645
1781007303	XAUUSD	M5	4342.98	4138.27742	4158.57032	4086.19081
1781007603	XAUUSD	M5	4338.60	4137.81177	4158.10468	4085.72516
1781007903	XAUUSD	M5	4335.94	4137.34613	4157.63903	4085.25952
1781008203	XAUUSD	M5	4336.67	4136.88048	4157.17339	4084.79387
1781008503	XAUUSD	M5	4340.71	4136.41484	4156.70774	4084.32823
1781008803	XAUUSD	M5	4340.92	4135.94919	4156.24210	4083.86258
1781009103	XAUUSD	M5	4341.28	4135.48355	4155.77645	4083.39694
1781009403	XAUUSD	M5	4337.55	4135.01790	4155.31081	4082.93129
1781009703	XAUUSD	M5	4341.42	4134.55226	4154.84516	4082.46565
1781010003	XAUUSD	M5	4339.49	4134.08661	4154.37952	4082.00000
1781010303	XAUUSD	M5	4341.28	4133.62097	4153.91387	4081.53435
1781010603	XAUUSD	M5	4340.98	4133.15532	4153.44823	4081.06871
1781010903	XAUUSD	M5	4334.13	4132.68968	4152.98258	4080.60306
1781011203	XAUUSD	M5	4333.35	4132.22403	4152.51694	4080.13742
1781011503	XAUUSD	M5	4330.90	4131.75839	4152.05129	4079.67177
1781011803	XAUUSD	M5	4329.88	4131.29274	4151.58565	4079.20613
1781012103	XAUUSD	M5	4331.95	4130.82710	4151.12000	4078.74048
1781012403	XAUUSD	M5	4330.37	4130.36145	4150.65435	4078.27484
1781012703	XAUUSD	M5	4351.36	4129.89581	4150.18871	4077.80919
1781013003	XAUUSD	M5	4334.10	4129.43016	4149.72306	4077.34355
1781013303	XAUUSD	M5	4328.66	4128.96452	4149.25742	4076.87790
1781013603	XAUUSD	M5	4329.39	4128.49887	4148.79177	4076.41226
1781013903	XAUUSD	M5	4328.53	4128.03323	4148.32613	4075.94661
1781014203	XAUUSD	M5	4321.28	4127.56758	4147.86048	4075.48097
1781014503	XAUUSD	M5	4311.45	4127.10194	4147.39484	4075.01532
1781014803	XAUUSD	M5	4318.53	4126.63629	4146.92919	4074.54968
1781015103	XAUUSD	M5	4318.71	4126.17065	4146.46355	4074.08403
1781015403	XAUUSD	M5	4315.01	4125.70500	4145.99790	4073.61839
1781015703	XAUUSD	M5	4305.34	4125.23935	4145.53226	4073.15274
1781016003	XAUUSD	M5	4285.29	4124.77371	4145.06661	4072.68710
1781016303	XAUUSD	M5	4284.21	4124.30806	4144.60097	4072.22145
1781016603	XAUUSD	M5	4298.21	4123.84242	4144.13532	4071.75581
1781016903	XAUUSD	M5	4300.76	4123.37677	4143.66968	4071.29016
1781017203	XAUUSD	M5	4293.26	4122.91113	4143.20403	4070.82452
1781017503	XAUUSD	M5	4295.65	4122.44548	4142.73839	4070.35887
1781017803	XAUUSD	M5	4294.92	4121.97984	4142.27274	4069.89323
1781018103	XAUUSD	M5	4291.97	4121.51419	4141.80710	4069.42758
1781018403	XAUUSD	M5	4285.55	4121.04855	4141.34145	4068.96194
1781018703	XAUUSD	M5	4278.85	4120.58290	4140.87581	4068.49629
1781019003	XAUUSD	M5	4274.54	4120.11726	4140.41016	4068.03065
1781019303	XAUUSD	M5	4270.25	4119.65161	4139.94452	4067.56500
1781019603	XAUUSD	M5	4279.82	4119.18597	4139.47887	4067.09935
1781019903	XAUUSD	M5	4280.97	4118.72032	4139.01323	4066.63371
1781020203	XAUUSD	M5	4279.93	4118.25468	4138.54758	4066.16806
1781020503	XAUUSD	M5	4272.90	4117.78903	4138.08194	4065.70242
1781020803	XAUUSD	M5	4273.90	4117.32339	4137.61629	4065.23677
1781021103	XAUUSD	M5	4263.62	4116.85774	4137.15065	4064.77113
1781021403	XAUUSD	M5	4259.63	4116.39210	4136.68500	4064.30548
1781021703	XAUUSD	M5	4254.57	4115.92645	4136.21935	4063.83984
1781022003	XAUUSD	M5	4261.99	4115.46081	4135.75371	4063.37419
1781022303	XAUUSD	M5	4263.49	4114.99516	4135.28806	4062.90855
1781022603	XAUUSD	M5	4262.13	4114.52952	4134.82242	4062.44290
1781022903	XAUUSD	M5	4241.26	4114.06387	4134.35677	4061.97726
1781023203	XAUUSD	M5	4244.94	4113.59823	4133.89113	4061.51161
1781023503	XAUUSD	M5	4249.87	4113.13258	4133.42548	4061.04597
1781023803	XAUUSD	M5	4240.07	4112.66694	4132.95984	4060.58032
1781024103	XAUUSD	M5	4252.18	4112.20129	4132.49419	4060.11468
1781024403	XAUUSD	M5	4262.43	4111.73565	4132.02855	4059.64903
1781024703	XAUUSD	M5	4262.93	4111.27000	4131.56290	4059.18339
1781025003	XAUUSD	M5	4261.19	4110.80435	4131.09726	4058.71774
1781025303	XAUUSD	M5	4263.95	4110.33871	4130.63161	4058.25210
1781025603	XAUUSD	M5	4266.48	4109.87306	4130.16597	4057.78645
1781025903	XAUUSD	M5	4263.12	4109.40742	4129.70032	4057.32081
1781026203	XAUUSD	M5	4265.58	4108.94177	4129.23468	4056.85516
1781026503	XAUUSD	M5	4262.89	4108.47613	4128.76903	4056.38952
1781026803	XAUUSD	M5	4264.84	4108.01048	4128.30339	4055.92387
1781027103	XAUUSD	M5	4257.15	4107.54484	4127.83774	4055.45823
1781027403	XAUUSD	M5	4258.42	4107.07919	4127.37210	4054.99258
1781027703	XAUUSD	M5	4263.12	4106.61355	4126.90645	4054.52694
1781028003	XAUUSD	M5	4262.50	4106.14790	4126.44081	4054.06129
1781028303	XAUUSD	M5	4266.77	4105.68226	4125.97516	4053.59565
1781028603	XAUUSD	M5	4265.37	4105.21661	4125.50952	4053.13000
1781028903	XAUUSD	M5	4269.31	4104.75097	4125.04387	4052.66435
1781029203	XAUUSD	M5	4273.44	4104.28532	4124.57823	4052.19871
1781029503	XAUUSD	M5	4270.90	4103.81968	4124.11258	4051.73306
1781029803	XAUUSD	M5	4270.71	4103.35403	4123.64694	4051.26742
1781030103	XAUUSD	M5	4269.20	4102.88839	4123.18129	4050.80177
1781030403	XAUUSD	M5	4264.35	4102.42274	4122.71565	4050.33613
1781030703	XAUUSD	M5	4265.26	4101.95710	4122.25000	4049.87048
1781031003	XAUUSD	M5	4265.91	4101.49145	4121.78435	4049.40484
1781031303	XAUUSD	M5	4269.92	4101.02581	4121.31871	4048.93919
1781031603	XAUUSD	M5	4269.71	4100.56016	4120.85306	4048.47355
1781031903	XAUUSD	M5	4265.17	4100.09452	4120.38742	4048.00790
1781032203	XAUUSD	M5	4258.70	4099.62887	4119.92177	4047.54226
1781032503	XAUUSD	M5	4255.35	4099.16323	4119.45613	4047.07661
1781032803	XAUUSD	M5	4255.71	4098.69758	4118.99048	4046.61097
1781033103	XAUUSD	M5	4257.39	4098.23194	4118.52484	4046.14532
1781033403	XAUUSD	M5	4259.52	4097.76629	4118.05919	4045.67968
1781033703	XAUUSD	M5	4253.68	4097.30065	4117.59355	4045.21403
1781034003	XAUUSD	M5	4250.97	4096.83500	4117.12790	4044.74839
1781034303	XAUUSD	M5	4250.98	4096.36935	4116.66226	4044.28274
1781034603	XAUUSD	M5	4258.91	4095.90371	4116.19661	4043.81710
1781034903	XAUUSD	M5	4258.48	4095.43806	4115.73097	4043.35145
1781035203	XAUUSD	M5	4260.77	4094.97242	4115.26532	4042.88581
1781035503	XAUUSD	M5	4257.61	4094.50677	4114.79968	4042.42016
1781035803	XAUUSD	M5	4258.45	4094.04113	4114.33403	4041.95452
1781036103	XAUUSD	M5	4258.71	4093.57548	4113.86839	4041.48887
1781036403	XAUUSD	M5	4258.31	4093.10984	4113.40274	4041.02323
1781036703	XAUUSD	M5	4259.10	4092.64419	4112.93710	4040.55758
1781037003	XAUUSD	M5	4257.94	4092.17855	4112.47145	4040.09194
1781037303	XAUUSD	M5	4260.44	4091.71290	4112.00581	4039.62629
1781037603	XAUUSD	M5	4261.38	4091.24726	4111.54016	4039.16065
1781037903	XAUUSD	M5	4261.83	4090.78161	4111.07452	4038.69500
1781038203	XAUUSD	M5	4260.26	4090.31597	4110.60887	4038.22935
1781038503	XAUUSD	M5	4259.44	4089.85032	4110.14323	4037.76371
1781042403	XAUUSD	M5	4256.02	4089.38468	4109.67758	4037.29806
1781042703	XAUUSD	M5	4253.49	4088.91903	4109.21194	4036.83242
1781043003	XAUUSD	M5	4255.44	4088.45339	4108.74629	4036.36677
1781043303	XAUUSD	M5	4253.66	4087.98774	4108.28065	4035.90113
1781043603	XAUUSD	M5	4254.71	4087.52210	4107.81500	4035.43548
1781043903	XAUUSD	M5	4256.82	4087.05645	4107.34935	4034.96984
1781044203	XAUUSD	M5	4252.83	4086.59081	4106.88371	4034.50419
1781044503	XAUUSD	M5	4253.13	4086.12516	4106.41806	4034.03855
1781044803	XAUUSD	M5	4248.97	4085.65952	4105.95242	4033.57290
1781045103	XAUUSD	M5	4239.08	4085.19387	4105.48677	4033.10726
1781045403	XAUUSD	M5	4235.11	4084.72823	4105.02113	4032.64161
1781045703	XAUUSD	M5	4237.31	4084.26258	4104.55548	4032.17597
1781046003	XAUUSD	M5	4246.34	4083.79694	4104.08984	4031.71032
1781046303	XAUUSD	M5	4241.68	4083.33129	4103.62419	4031.24468
1781046603	XAUUSD	M5	4235.90	4082.86565	4103.15855	4030.77903
1781046903	XAUUSD	M5	4233.21	4082.40000	4102.69290	4030.31339
1781047203	XAUUSD	M5	4227.64	4081.93435	4102.22726	4029.84774
1781047503	XAUUSD	M5	4224.19	4081.46871	4101.76161	4029.38210
1781047803	XAUUSD	M5	4225.70	4081.00306	4101.29597	4028.91645
1781048103	XAUUSD	M5	4221.92	4080.53742	4100.83032	4028.45081
1781048403	XAUUSD	M5	4218.63	4080.07177	4100.36468	4027.98516
1781048703	XAUUSD	M5	4213.05	4079.60613	4099.89903	4027.51952
1781049003	XAUUSD	M5	4220.72	4079.14048	4099.43339	4027.05387
1781049303	XAUUSD	M5	4222.03	4078.67484	4098.96774	4026.58823
1781049603	XAUUSD	M5	4220.58	4078.20919	4098.50210	4026.12258
1781049903	XAUUSD	M5	4225.57	4077.74355	4098.03645	4025.65694
1781050203	XAUUSD	M5	4225.12	4077.27790	4097.57081	4025.19129
1781050503	XAUUSD	M5	4226.93	4076.81226	4097.10516	4024.72565
1781050803	XAUUSD	M5	4225.23	4076.34661	4096.63952	4024.26000
1781051103	XAUUSD	M5	4217.94	4075.88097	4096.17387	4023.79435
1781051403	XAUUSD	M5	4206.52	4075.41532	4095.70823	4023.32871
1781051703	XAUUSD	M5	4207.77	4074.94968	4095.24258	4022.86306
1781052003	XAUUSD	M5	4204.49	4074.48403	4094.77694	4022.39742
1781052303	XAUUSD	M5	4203.72	4074.01839	4094.31129	4021.93177
1781052603	XAUUSD	M5	4207.39	4073.55274	4093.84565	4021.46613
1781052903	XAUUSD	M5	4218.23	4073.08710	4093.38000	4021.00048
1781053203	XAUUSD	M5	4194.50	4072.62145	4092.91435	4020.53484
1781053503	XAUUSD	M5	4195.15	4072.15581	4092.44871	4020.06919
1781053803	XAUUSD	M5	4203.39	4071.69016	4091.98306	4019.60355
1781054103	XAUUSD	M5	4213.33	4071.22452	4091.51742	4019.13790
1781054403	XAUUSD	M5	4200.92	4070.75887	4091.05177	4018.67226
1781054703	XAUUSD	M5	4201.81	4070.29323	4090.58613	4018.20661
1781055003	XAUUSD	M5	4202.58	4069.82758	4090.12048	4017.74097
1781055303	XAUUSD	M5	4200.71	4069.36194	4089.65484	4017.27532
1781055603	XAUUSD	M5	4187.41	4068.89629	4089.18919	4016.80968
1781055903	XAUUSD	M5	4192.94	4068.43065	4088.72355	4016.34403
1781056203	XAUUSD	M5	4192.05	4067.96500	4088.25790	4015.87839
1781056503	XAUUSD	M5	4188.63	4067.49935	4087.79226	4015.41274
1781056803	XAUUSD	M5	4187.00	4067.03371	4087.32661	4014.94710
1781057103	XAUUSD	M5	4181.14	4066.56806	4086.86097	4014.48145
1781057403	XAUUSD	M5	4182.77	4066.10242	4086.39532	4014.01581
1781057703	XAUUSD	M5	4180.91	4065.63677	4085.92968	4013.55016
1781058003	XAUUSD	M5	4183.35	4065.17113	4085.46403	4013.08452
1781058303	XAUUSD	M5	4187.98	4064.70548	4084.99839	4012.61887
1781058603	XAUUSD	M5	4179.39	4064.23984	4084.53274	4012.15323
1781058903	XAUUSD	M5	4184.54	4063.77419	4084.06710	4011.68758
1781059203	XAUUSD	M5	4184.51	4063.30855	4083.60145	4011.22194
1781059503	XAUUSD	M5	4187.62	4062.84290	4083.13581	4010.75629
1781059803	XAUUSD	M5	4175.03	4062.37726	4082.67016	4010.29065
1781060103	XAUUSD	M5	4174.01	4061.91161	4082.20452	4009.82500
1781060403	XAUUSD	M5	4176.78	4061.44597	4081.73887	4009.35935
1781060703	XAUUSD	M5	4175.32	4060.98032	4081.27323	4008.89371
1781061003	XAUUSD	M5	4178.09	4060.51468	4080.80758	4008.42806
1781061303	XAUUSD	M5	4175.94	4060.04903	4080.34194	4007.96242
1781061603	XAUUSD	M5	4175.18	4059.58339	4079.87629	4007.49677
1781061903	XAUUSD	M5	4177.22	4059.11774	4079.41065	4007.03113
1781062203	XAUUSD	M5	4180.51	4058.65210	4078.94500	4006.56548
1781062503	XAUUSD	M5	4180.41	4058.18645	4078.47935	4006.09984
1781062803	XAUUSD	M5	4179.92	4057.72081	4078.01371	4005.63419
1781063103	XAUUSD	M5	4185.44	4057.25516	4077.54806	4005.16855
1781063403	XAUUSD	M5	4184.95	4056.78952	4077.08242	4004.70290
1781063703	XAUUSD	M5	4184.81	4056.32387	4076.61677	4004.23726
1781064003	XAUUSD	M5	4186.35	4055.85823	4076.15113	4003.77161
1781064303	XAUUSD	M5	4184.40	4055.39258	4075.68548	4003.30597
1781064603	XAUUSD	M5	4181.37	4054.92694	4075.21984	4002.84032
1781064903	XAUUSD	M5	4181.64	4054.46129	4074.75419	4002.37468
1781065203	XAUUSD	M5	4178.24	4053.99565	4074.28855	4001.90903
1781065503	XAUUSD	M5	4174.56	4053.53000	4073.82290	4001.44339
1781065803	XAUUSD	M5	4174.39	4053.06435	4073.35726	4000.97774
1781066103	XAUUSD	M5	4174.83	4052.59871	4072.89161	4000.51210
1781066403	XAUUSD	M5	4173.55	4052.13306	4072.42597	4000.04645
1781066703	XAUUSD	M5	4173.81	4051.66742	4071.96032	3999.58081
1781067003	XAUUSD	M5	4175.06	4051.20177	4071.49468	3999.11516
1781067303	XAUUSD	M5	4174.82	4050.73613	4071.02903	3998.64952
1781067603	XAUUSD	M5	4174.58	4050.27048	4070.56339	3998.18387
1781067903	XAUUSD	M5	4176.57	4049.80484	4070.09774	3997.71823
1781068203	XAUUSD	M5	4179.77	4049.33919	4069.63210	3997.25258
1781068503	XAUUSD	M5	4176.80	4048.87355	4069.16645	3996.78694
1781068803	XAUUSD	M5	4180.53	4048.40790	4068.70081	3996.32129
1781069103	XAUUSD	M5	4187.25	4047.94226	4068.23516	3995.85565
1781069403	XAUUSD	M5	4191.09	4047.47661	4067.76952	3995.39000
1781069703	XAUUSD	M5	4194.32	4047.01097	4067.30387	3994.92435
1781070003	XAUUSD	M5	4198.25	4046.54532	4066.83823	3994.45871
1781070303	XAUUSD	M5	4202.72	4046.07968	4066.37258	3993.99306
1781070603	XAUUSD	M5	4203.72	4045.61403	4065.90694	3993.52742
1781070903	XAUUSD	M5	4205.15	4045.14839	4065.44129	3993.06177
1781071203	XAUUSD	M5	4211.17	4044.68274	4064.97565	3992.59613
1781071503	XAUUSD	M5	4213.99	4044.21710	4064.51000	3992.13048
1781071803	XAUUSD	M5	4212.90	4043.75145	4064.04435	3991.66484
1781072103	XAUUSD	M5	4214.42	4043.28581	4063.57871	3991.19919
1781072403	XAUUSD	M5	4209.10	4042.82016	4063.11306	3990.73355
1781072703	XAUUSD	M5	4211.94	4042.35452	4062.64742	3990.26790
1781073003	XAUUSD	M5	4210.60	4041.88887	4062.18177	3989.80226
1781073303	XAUUSD	M5	4209.10	4041.42323	4061.71613	3989.33661
1781073603	XAUUSD	M5	4207.75	4040.95758	4061.25048	3988.87097
1781073903	XAUUSD	M5	4203.22	4040.49194	4060.78484	3988.40532
1781074203	XAUUSD	M5	4202.31	4040.02629	4060.31919	3987.93968
1781074503	XAUUSD	M5	4203.96	4039.56065	4059.85355	3987.47403
1781074803	XAUUSD	M5	4203.70	4039.09500	4059.38790	3987.00839
1781075103	XAUUSD	M5	4207.16	4038.62935	4058.92226	3986.54274
1781075403	XAUUSD	M5	4200.31	4038.16371	4058.45661	3986.07710
1781075703	XAUUSD	M5	4198.74	4037.69806	4057.99097	3985.61145
1781076003	XAUUSD	M5	4199.24	4037.23242	4057.52532	3985.14581
1781076303	XAUUSD	M5	4194.92	4036.76677	4057.05968	3984.68016
1781076603	XAUUSD	M5	4194.78	4036.30113	4056.59403	3984.21452
1781076903	XAUUSD	M5	4190.73	4035.83548	4056.12839	3983.74887
1781077203	XAUUSD	M5	4189.69	4035.36984	4055.66274	3983.28323
1781077503	XAUUSD	M5	4190.46	4034.90419	4055.19710	3982.81758
1781077803	XAUUSD	M5	4182.11	4034.43855	4054.73145	3982.35194
1781078103	XAUUSD	M5	4186.47	4033.97290	4054.26581	3981.88629
1781078403	XAUUSD	M5	4164.31	4033.50726	4053.80016	3981.42065
1781078703	XAUUSD	M5	4167.38	4033.04161	4053.33452	3980.95500
1781079003	XAUUSD	M5	4166.47	4032.57597	4052.86887	3980.48935
1781079303	XAUUSD	M5	4173.53	4032.11032	4052.40323	3980.02371
1781079603	XAUUSD	M5	4171.20	4031.64468	4051.93758	3979.55806
1781079903	XAUUSD	M5	4172.22	4031.17903	4051.47194	3979.09242
1781080203	XAUUSD	M5	4168.10	4030.71339	4051.00629	3978.62677
1781080503	XAUUSD	M5	4172.85	4030.24774	4050.54065	3978.16113
1781080803	XAUUSD	M5	4170.55	4029.78210	4050.07500	3977.69548
1781081103	XAUUSD	M5	4174.29	4029.31645	4049.60935	3977.22984
1781081403	XAUUSD	M5	4171.18	4028.85081	4049.14371	3976.76419
1781081703	XAUUSD	M5	4168.57	4028.38516	4048.67806	3976.29855
1781082003	XAUUSD	M5	4167.03	4027.91952	4048.21242	3975.83290
1781082303	XAUUSD	M5	4170.47	4027.45387	4047.74677	3975.36726
1781082603	XAUUSD	M5	4165.07	4026.98823	4047.28113	3974.90161
1781082903	XAUUSD	M5	4171.07	4026.52258	4046.81548	3974.43597
1781083203	XAUUSD	M5	4168.52	4026.05694	4046.34984	3973.97032
1781083503	XAUUSD	M5	4166.26	4025.59129	4045.88419	3973.50468
1781083803	XAUUSD	M5	4176.86	4025.12565	4045.41855	3973.03903
1781084103	XAUUSD	M5	4172.48	4024.66000	4044.95290	3972.57339
1781084403	XAUUSD	M5	4171.29	4024.19435	4044.48726	3972.10774
1781084703	XAUUSD	M5	4168.47	4023.72871	4044.02161	3971.64210
1781085003	XAUUSD	M5	4166.17	4023.26306	4043.55597	3971.17645
1781085303	XAUUSD	M5	4168.74	4022.79742	4043.09032	3970.71081
1781085603	XAUUSD	M5	4169.30	4022.33177	4042.62468	3970.24516
1781085903	XAUUSD	M5	4159.67	4021.86613	4042.15903	3969.77952
1781086203	XAUUSD	M5	4161.01	4021.40048	4041.69339	3969.31387
1781086503	XAUUSD	M5	4164.46	4020.93484	4041.22774	3968.84823
1781086803	XAUUSD	M5	4166.71	4020.46919	4040.76210	3968.38258
1781087103	XAUUSD	M5	4165.16	4020.00355	4040.29645	3967.91694
1781087403	XAUUSD	M5	4165.19	4019.53790	4039.83081	3967.45129
1781087703	XAUUSD	M5	4166.72	4019.07226	4039.36516	3966.98565
1781088003	XAUUSD	M5	4171.40	4018.60661	4038.89952	3966.52000
1781088303	XAUUSD	M5	4177.27	4018.14097	4038.43387	3966.05435
1781088603	XAUUSD	M5	4171.88	4017.67532	4037.96823	3965.58871
1781088903	XAUUSD	M5	4174.51	4017.20968	4037.50258	3965.12306
1781089203	XAUUSD	M5	4161.48	4016.74403	4037.03694	3964.65742
1781089503	XAUUSD	M5	4161.33	4016.27839	4036.57129	3964.19177
1781089803	XAUUSD	M5	4168.83	4015.81274	4036.10565	3963.72613
1781090103	XAUUSD	M5	4164.92	4015.34710	4035.64000	3963.26048
1781090403	XAUUSD	M5	4163.74	4014.88145	4035.17435	3962.79484
1781090703	XAUUSD	M5	4166.32	4014.41581	4034.70871	3962.32919
1781091003	XAUUSD	M5	4164.92	4013.95016	4034.24306	3961.86355
1781091303	XAUUSD	M5	4156.49	4013.48452	4033.77742	3961.39790
1781091603	XAUUSD	M5	4154.43	4013.01887	4033.31177	3960.93226
1781091903	XAUUSD	M5	4155.78	4012.55323	4032.84613	3960.46661
1781092203	XAUUSD	M5	4154.21	4012.08758	4032.38048	3960.00097
1781092503	XAUUSD	M5	4147.65	4011.62194	4031.91484	3959.53532
1781092803	XAUUSD	M5	4146.96	4011.15629	4031.44919	3959.06968
1781093103	XAUUSD	M5	4145.04	4010.69065	4030.98355	3958.60403
1781093403	XAUUSD	M5	4136.27	4010.22500	4030.51790	3958.13839
1781093703	XAUUSD	M5	4136.51	4009.75935	4030.05226	3957.67274
1781094003	XAUUSD	M5	4134.72	4009.29371	4029.58661	3957.20710
1781094303	XAUUSD	M5	4141.11	4008.82806	4029.12097	3956.74145
1781094603	XAUUSD	M5	4162.44	4008.36242	4028.65532	3956.27581
1781094903	XAUUSD	M5	4160.87	4007.89677	4028.18968	3955.81016
1781095203	XAUUSD	M5	4160.44	4007.43113	4027.72403	3955.34452
1781095503	XAUUSD	M5	4157.68	4006.96548	4027.25839	3954.87887
1781095803	XAUUSD	M5	4151.86	4006.49984	4026.79274	3954.41323
1781096103	XAUUSD	M5	4147.02	4006.03419	4026.32710	3953.94758
1781096403	XAUUSD	M5	4153.16	4005.56855	4025.86145	3953.48194
1781096703	XAUUSD	M5	4154.07	4005.10290	4025.39581	3953.01629
1781097003	XAUUSD	M5	4151.43	4004.63726	4024.93016	3952.55065
1781097303	XAUUSD	M5	4135.67	4004.17161	4024.46452	3952.08500
1781097603	XAUUSD	M5	4144.25	4003.70597	4023.99887	3951.61935
1781097903	XAUUSD	M5	4150.11	4003.24032	4023.53323	3951.15371
1781098203	XAUUSD	M5	4142.97	4002.77468	4023.06758	3950.68806
1781098503	XAUUSD	M5	4166.17	4002.30903	4022.60194	3950.22242
1781098803	XAUUSD	M5	4178.11	4001.84339	4022.13629	3949.75677
1781099103	XAUUSD	M5	4185.58	4001.37774	4021.67065	3949.29113
1781099403	XAUUSD	M5	4180.09	4000.91210	4021.20500	3948.82548
1781099703	XAUUSD	M5	4179.64	4000.44645	4020.73935	3948.35984
1781100003	XAUUSD	M5	4171.61	3999.98081	4020.27371	3947.89419
1781100303	XAUUSD	M5	4173.49	3999.51516	4019.80806	3947.42855
1781100603	XAUUSD	M5	4174.19	3999.04952	4019.34242	3946.96290
1781100903	XAUUSD	M5	4168.59	3998.58387	4018.87677	3946.49726
1781101203	XAUUSD	M5	4170.71	3998.11823	4018.41113	3946.03161
1781101503	XAUUSD	M5	4161.02	3997.65258	4017.94548	3945.56597
1781101803	XAUUSD	M5	4160.28	3997.18694	4017.47984	3945.10032
1781102103	XAUUSD	M5	4158.02	3996.72129	4017.01419	3944.63468
1781102403	XAUUSD	M5	4150.06	3996.25565	4016.54855	3944.16903
1781102703	XAUUSD	M5	4140.72	3995.79000	4016.08290	3943.70339
1781103003	XAUUSD	M5	4138.16	3995.32435	4015.61726	3943.23774
1781103303	XAUUSD	M5	4124.86	3994.85871	4015.15161	3942.77210
1781103603	XAUUSD	M5	4129.11	3994.39306	4014.68597	3942.30645
1781103903	XAUUSD	M5	4126.63	3993.92742	4014.22032	3941.84081
1781104203	XAUUSD	M5	4123.79	3993.46177	4013.75468	3941.37516
1781104503	XAUUSD	M5	4115.89	3992.99613	4013.28903	3940.90952
1781104803	XAUUSD	M5	4130.25	3992.53048	4012.82339	3940.44387
1781105103	XAUUSD	M5	4127.72	3992.06484	4012.35774	3939.97823
1781105403	XAUUSD	M5	4128.18	3991.59919	4011.89210	3939.51258
1781105703	XAUUSD	M5	4124.65	3991.13355	4011.42645	3939.04694
1781106003	XAUUSD	M5	4128.75	3990.66790	4010.96081	3938.58129
1781106303	XAUUSD	M5	4118.32	3990.20226	4010.49516	3938.11565
1781106603	XAUUSD	M5	4120.30	3989.73661	4010.02952	3937.65000
1781106903	XAUUSD	M5	4128.99	3989.27097	4009.56387	3937.18435
1781107203	XAUUSD	M5	4126.73	3988.80532	4009.09823	3936.71871
1781107503	XAUUSD	M5	4130.25	3988.33968	4008.63258	3936.25306
1781107803	XAUUSD	M5	4129.23	3987.87403	4008.16694	3935.78742
1781108103	XAUUSD	M5	4132.52	3987.40839	4007.70129	3935.32177
1781108403	XAUUSD	M5	4129.82	3986.94274	4007.23565	3934.85613
1781108703	XAUUSD	M5	4127.54	3986.47710	4006.77000	3934.39048
1781109003	XAUUSD	M5	4129.31	3986.01145	4006.30435	3933.92484
1781109303	XAUUSD	M5	4127.92	3985.54581	4005.83871	3933.45919
1781109603	XAUUSD	M5	4122.36	3985.08016	4005.37306	3932.99355
1781109903	XAUUSD	M5	4120.51	3984.61452	4004.90742	3932.52790
1781110203	XAUUSD	M5	4120.31	3984.14887	4004.44177	3932.06226
1781110503	XAUUSD	M5	4121.98	3983.68323	4003.97613	3931.59661
1781110803	XAUUSD	M5	4132.17	3983.21758	4003.51048	3931.13097
1781111103	XAUUSD	M5	4120.20	3982.75194	4003.04484	3930.66532
1781111403	XAUUSD	M5	4118.08	3982.28629	4002.57919	3930.19968
1781111703	XAUUSD	M5	4113.91	3981.82065	4002.11355	3929.73403
1781112003	XAUUSD	M5	4111.84	3981.35500	4001.64790	3929.26839
1781112303	XAUUSD	M5	4110.89	3980.88935	4001.18226	3928.80274
1781112603	XAUUSD	M5	4111.19	3980.42371	4000.71661	3928.33710
1781112903	XAUUSD	M5	4105.31	3979.95806	4000.25097	3927.87145
1781113203	XAUUSD	M5	4102.34	3979.49242	3999.78532	3927.40581
1781113503	XAUUSD	M5	4111.41	3979.02677	3999.31968	3926.94016
1781113803	XAUUSD	M5	4109.83	3978.56113	3998.85403	3926.47452
1781114103	XAUUSD	M5	4111.66	3978.09548	3998.38839	3926.00887
1781114403	XAUUSD	M5	4119.80	3977.62984	3997.92274	3925.54323
1781114703	XAUUSD	M5	4114.49	3977.16419	3997.45710	3925.07758
1781115003	XAUUSD	M5	4115.96	3976.69855	3996.99145	3924.61194
1781115303	XAUUSD	M5	4112.66	3976.23290	3996.52581	3924.14629
1781115603	XAUUSD	M5	4112.79	3975.76726	3996.06016	3923.68065
1781115903	XAUUSD	M5	4112.47	3975.30161	3995.59452	3923.21500
1781116203	XAUUSD	M5	4109.23	3974.83597	3995.12887	3922.74935
1781116503	XAUUSD	M5	4107.46	3974.37032	3994.66323	3922.28371
1781116803	XAUUSD	M5	4104.98	3973.90468	3994.19758	3921.81806
1781117103	XAUUSD	M5	4104.41	3973.43903	3993.73194	3921.35242
1781117403	XAUUSD	M5	4101.49	3972.97339	3993.26629	3920.88677
1781117703	XAUUSD	M5	4101.23	3972.50774	3992.80065	3920.42113
1781118003	XAUUSD	M5	4096.25	3972.04210	3992.33500	3919.95548
1781118303	XAUUSD	M5	4095.13	3971.57645	3991.86935	3919.48984
1781118603	XAUUSD	M5	4089.00	3971.11081	3991.40371	3919.02419
1781118903	XAUUSD	M5	4089.85	3970.64516	3990.93806	3918.55855
1781119203	XAUUSD	M5	4084.95	3970.17952	3990.47242	3918.09290
1781119503	XAUUSD	M5	4084.73	3969.71387	3990.00677	3917.62726
1781119803	XAUUSD	M5	4086.30	3969.24823	3989.54113	3917.16161
1781120103	XAUUSD	M5	4086.38	3968.78258	3989.07548	3916.69597
1781120403	XAUUSD	M5	4091.63	3968.31694	3988.60984	3916.23032
1781120703	XAUUSD	M5	4088.42	3967.85129	3988.14419	3915.76468
1781121003	XAUUSD	M5	4087.29	3967.38565	3987.67855	3915.29903
1781121303	XAUUSD	M5	4082.84	3966.92000	3987.21290	3914.83339
1781121603	XAUUSD	M5	4077.59	3966.45435	3986.74726	3914.36774
1781121903	XAUUSD	M5	4071.12	3965.98871	3986.28161	3913.90210
1781122203	XAUUSD	M5	4072.13	3965.52306	3985.81597	3913.43645
1781122503	XAUUSD	M5	4073.98	3965.05742	3985.35032	3912.97081
1781122803	XAUUSD	M5	4076.46	3964.59177	3984.88468	3912.50516
1781123103	XAUUSD	M5	4078.46	3964.12613	3984.41903	3912.03952
1781123403	XAUUSD	M5	4076.13	3963.66048	3983.95339	3911.57387
1781123703	XAUUSD	M5	4076.47	3963.19484	3983.48774	3911.10823
1781124003	XAUUSD	M5	4072.83	3962.72919	3983.02210	3910.64258
1781124303	XAUUSD	M5	4067.94	3962.26355	3982.55645	3910.17694
1781124603	XAUUSD	M5	4069.09	3961.79790	3982.09081	3909.71129
1781124903	XAUUSD	M5	4071.24	3961.33226	3981.62516	3909.24565
1781128803	XAUUSD	M5	4063.41	3960.86661	3981.15952	3908.78000
1781129103	XAUUSD	M5	4050.98	3960.40097	3980.69387	3908.31435
1781129403	XAUUSD	M5	4056.10	3959.93532	3980.22823	3907.84871
1781129703	XAUUSD	M5	4047.61	3959.46968	3979.76258	3907.38306
1781130003	XAUUSD	M5	4038.36	3959.00403	3979.29694	3906.91742
1781130303	XAUUSD	M5	4044.93	3958.53839	3978.83129	3906.45177
1781130603	XAUUSD	M5	4050.73	3958.07274	3978.36565	3905.98613
1781130903	XAUUSD	M5	4065.45	3957.60710	3977.90000	3905.52048
1781131203	XAUUSD	M5	4062.93	3957.14145	3977.43435	3905.05484
1781131503	XAUUSD	M5	4062.10	3956.67581	3976.96871	3904.58919
1781131803	XAUUSD	M5	4053.82	3956.21016	3976.50306	3904.12355
1781132103	XAUUSD	M5	4046.54	3955.74452	3976.03742	3903.65790
1781132403	XAUUSD	M5	4049.66	3955.27887	3975.57177	3903.19226
1781132703	XAUUSD	M5	4040.57	3954.81323	3975.10613	3902.72661
1781133003	XAUUSD	M5	4030.16	3954.34758	3974.64048	3902.26097
1781133303	XAUUSD	M5	4039.13	3953.88194	3974.17484	3901.79532
1781133603	XAUUSD	M5	4043.53	3953.41629	3973.70919	3901.32968
1781133903	XAUUSD	M5	4061.60	3952.95065	3973.24355	3900.86403
1781134203	XAUUSD	M5	4058.03	3952.48500	3972.77790	3900.39839
1781134503	XAUUSD	M5	4060.76	3952.01935	3972.31226	3899.93274
1781134803	XAUUSD	M5	4056.24	3951.55371	3971.84661	3899.46710
1781135103	XAUUSD	M5	4050.19	3951.08806	3971.38097	3899.00145
1781135403	XAUUSD	M5	4051.02	3950.62242	3970.91532	3898.53581
1781135703	XAUUSD	M5	4047.12	3950.15677	3970.44968	3898.07016
1781136003	XAUUSD	M5	4043.72	3949.69113	3969.98403	3897.60452
1781136303	XAUUSD	M5	4043.09	3949.22548	3969.51839	3897.13887
1781136603	XAUUSD	M5	4052.25	3948.75984	3969.05274	3896.67323
1781136903	XAUUSD	M5	4065.20	3948.29419	3968.58710	3896.20758
1781137203	XAUUSD	M5	4061.46	3947.82855	3968.12145	3895.74194
1781137503	XAUUSD	M5	4067.63	3947.36290	3967.65581	3895.27629
1781137803	XAUUSD	M5	4064.22	3946.89726	3967.19016	3894.81065
1781138103	XAUUSD	M5	4063.45	3946.43161	3966.72452	3894.34500
1781138403	XAUUSD	M5	4063.41	3945.96597	3966.25887	3893.87935
1781138703	XAUUSD	M5	4071.43	3945.50032	3965.79323	3893.41371
1781139003	XAUUSD	M5	4069.26	3945.03468	3965.32758	3892.94806
1781139303	XAUUSD	M5	4075.79	3944.56903	3964.86194	3892.48242
1781139603	XAUUSD	M5	4079.27	3944.10339	3964.39629	3892.01677
1781139903	XAUUSD	M5	4078.72	3943.63774	3963.93065	3891.55113
1781140203	XAUUSD	M5	4086.85	3943.17210	3963.46500	3891.08548
1781140503	XAUUSD	M5	4094.24	3942.70645	3962.99935	3890.61984
1781140803	XAUUSD	M5	4102.65	3942.24081	3962.53371	3890.15419
1781141103	XAUUSD	M5	4104.59	3941.77516	3962.06806	3889.68855
1781141403	XAUUSD	M5	4111.11	3941.30952	3961.60242	3889.22290
1781141703	XAUUSD	M5	4114.95	3940.84387	3961.13677	3888.75726
1781142003	XAUUSD	M5	4113.80	3940.37823	3960.67113	3888.29161
1781142303	XAUUSD	M5	4111.01	3939.91258	3960.20548	3887.82597
1781142603	XAUUSD	M5	4103.99	3939.44694	3959.73984	3887.36032
1781142903	XAUUSD	M5	4101.95	3938.98129	3959.27419	3886.89468
1781143203	XAUUSD	M5	4100.85	3938.51565	3958.80855	3886.42903
1781143503	XAUUSD	M5	4094.68	3938.05000	3958.34290	3885.96339
1781143803	XAUUSD	M5	4089.56	3937.58435	3957.87726	3885.49774
1781144103	XAUUSD	M5	4093.93	3937.11871	3957.41161	3885.03210
1781144403	XAUUSD	M5	4090.07	3936.65306	3956.94597	3884.56645
1781144703	XAUUSD	M5	4082.25	3936.18742	3956.48032	3884.10081
1781145003	XAUUSD	M5	4073.00	3935.72177	3956.01468	3883.63516
1781145303	XAUUSD	M5	4066.73	3935.25613	3955.54903	3883.16952
1781145603	XAUUSD	M5	4059.48	3934.79048	3955.08339	3882.70387
1781145903	XAUUSD	M5	4054.88	3934.32484	3954.61774	3882.23823
1781146203	XAUUSD	M5	4062.64	3933.85919	3954.15210	3881.77258
1781146503	XAUUSD	M5	4067.81	3933.39355	3953.68645	3881.30694
1781146803	XAUUSD	M5	4075.02	3932.92790	3953.22081	3880.84129
1781147103	XAUUSD	M5	4076.54	3932.46226	3952.75516	3880.37565
1781147403	XAUUSD	M5	4065.66	3931.99661	3952.28952	3879.91000
1781147703	XAUUSD	M5	4065.61	3931.53097	3951.82387	3879.44435
1781148003	XAUUSD	M5	4062.83	3931.06532	3951.35823	3878.97871
1781148303	XAUUSD	M5	4063.38	3930.59968	3950.89258	3878.51306
1781148603	XAUUSD	M5	4067.28	3930.13403	3950.42694	3878.04742
1781148903	XAUUSD	M5	4070.49	3929.66839	3949.96129	3877.58177
1781149203	XAUUSD	M5	4067.40	3929.20274	3949.49565	3877.11613
1781149503	XAUUSD	M5	4065.66	3928.73710	3949.03000	3876.65048
1781149803	XAUUSD	M5	4073.08	3928.27145	3948.56435	3876.18484
1781150103	XAUUSD	M5	4072.81	3927.80581	3948.09871	3875.71919
1781150403	XAUUSD	M5	4072.71	3927.34016	3947.63306	3875.25355
1781150703	XAUUSD	M5	4080.02	3926.87452	3947.16742	3874.78790
1781151003	XAUUSD	M5	4082.89	3926.40887	3946.70177	3874.32226
1781151303	XAUUSD	M5	4081.75	3925.94323	3946.23613	3873.85661
1781151603	XAUUSD	M5	4081.29	3925.47758	3945.77048	3873.39097
1781151903	XAUUSD	M5	4077.64	3925.01194	3945.30484	3872.92532
1781152203	XAUUSD	M5	4077.79	3924.54629	3944.83919	3872.45968
1781152503	XAUUSD	M5	4078.71	3924.08065	3944.37355	3871.99403
1781152803	XAUUSD	M5	4082.01	3923.61500	3943.90790	3871.52839
1781153103	XAUUSD	M5	4083.50	3923.14935	3943.44226	3871.06274
1781153403	XAUUSD	M5	4083.79	3922.68371	3942.97661	3870.59710
1781153703	XAUUSD	M5	4082.73	3922.21806	3942.51097	3870.13145
1781154003	XAUUSD	M5	4077.83	3921.75242	3942.04532	3869.66581
1781154303	XAUUSD	M5	4079.61	3921.28677	3941.57968	3869.20016
1781154603	XAUUSD	M5	4077.44	3920.82113	3941.11403	3868.73452
1781154903	XAUUSD	M5	4077.09	3920.35548	3940.64839	3868.26887
