timestamp	symbol	timeframe	close	open	high	low	body_direction	body_size	body_classification
1780998002	XAUUSD	M5	4327.13	4329.24	4329.76	4325.06	-1	0.23335	3
1780998302	XAUUSD	M5	4329.78	4327.02	4330.19	4326.65	1	0.01802	0
1780998602	XAUUSD	M5	4333.15	4329.81	4333.62	4329.68	1	0.24234	0
1780998902	XAUUSD	M5	4332.26	4333.24	4333.45	4330.69	-1	0.67401	3
1780999202	XAUUSD	M5	4330.80	4332.27	4333.18	4330.25	-1	0.48112	3
1780999502	XAUUSD	M5	4327.26	4330.80	4331.22	4325.63	-1	0.31991	3
1780999802	XAUUSD	M5	4335.24	4327.07	4335.69	4326.57	1	2.10277	1
1781000102	XAUUSD	M5	4334.87	4335.41	4336.35	4334.07	-1	0.84775	3
1781000402	XAUUSD	M5	4332.60	4334.89	4334.91	4331.35	-1	0.16920	3
1781000702	XAUUSD	M5	4333.84	4332.60	4336.52	4331.80	1	0.57398	0
1781001002	XAUUSD	M5	4333.85	4333.91	4335.12	4332.37	-1	1.03013	3
1781001302	XAUUSD	M5	4331.97	4333.85	4334.00	4331.75	-1	0.32768	3
1781001602	XAUUSD	M5	4332.65	4331.97	4332.82	4329.79	1	0.79143	0
1781001902	XAUUSD	M5	4330.74	4332.65	4333.13	4330.57	-1	0.31431	3
1781002202	XAUUSD	M5	4335.14	4330.75	4336.65	4330.36	1	0.64162	0
1781002502	XAUUSD	M5	4339.15	4335.16	4340.76	4334.72	1	0.48426	0
1781002802	XAUUSD	M5	4335.92	4339.08	4340.34	4335.68	-1	0.17249	3
1781003102	XAUUSD	M5	4337.21	4335.93	4339.04	4335.65	1	0.56437	0
1781003402	XAUUSD	M5	4337.83	4337.45	4338.16	4336.08	1	0.91817	0
1781003702	XAUUSD	M5	4339.31	4337.84	4339.45	4336.14	1	0.48461	0
1781004002	XAUUSD	M5	4337.27	4339.27	4340.46	4337.22	-1	0.27240	3
1781004302	XAUUSD	M5	4338.75	4337.25	4338.89	4336.30	1	0.46738	0
1781004602	XAUUSD	M5	4337.87	4338.77	4338.91	4336.97	-1	0.70231	3
1781004902	XAUUSD	M5	4337.41	4337.88	4338.32	4336.89	-1	0.87101	3
1781005202	XAUUSD	M5	4338.95	4337.22	4340.08	4337.13	1	0.37093	0
1781005502	XAUUSD	M5	4340.14	4338.90	4340.55	4337.38	1	0.56392	0
1781005802	XAUUSD	M5	4341.36	4340.20	4343.86	4340.18	1	0.59623	0
1781006102	XAUUSD	M5	4339.76	4341.32	4343.35	4339.57	-1	0.43355	3
1781006402	XAUUSD	M5	4342.37	4339.84	4343.48	4339.70	1	0.04105	0
1781006702	XAUUSD	M5	4343.71	4342.37	4344.03	4341.64	1	0.51987	0
1781007002	XAUUSD	M5	4340.92	4343.75	4344.06	4340.88	-1	0.08019	3
1781007302	XAUUSD	M5	4342.98	4341.08	4342.98	4338.97	1	0.29518	0
1781007602	XAUUSD	M5	4338.60	4342.91	4342.91	4337.19	-1	0.67147	3
1781007902	XAUUSD	M5	4335.94	4338.58	4339.86	4335.43	-1	0.00071	3
1781008202	XAUUSD	M5	4336.67	4335.94	4339.97	4334.97	1	0.76875	0
1781008502	XAUUSD	M5	4340.71	4336.64	4341.42	4336.09	1	0.57454	0
1781008802	XAUUSD	M5	4340.92	4340.67	4342.10	4339.11	1	0.95993	0
1781009102	XAUUSD	M5	4341.28	4340.87	4344.37	4339.98	1	0.89239	0
1781009402	XAUUSD	M5	4337.55	4341.33	4343.76	4337.24	-1	0.45891	3
1781009702	XAUUSD	M5	4341.42	4337.39	4342.03	4336.75	1	0.55635	0
1781010002	XAUUSD	M5	4339.49	4341.61	4345.53	4338.14	-1	0.21264	3
1781010302	XAUUSD	M5	4341.28	4339.55	4344.33	4338.77	1	0.37089	0
1781010602	XAUUSD	M5	4340.98	4341.48	4342.41	4339.87	-1	0.86386	3
1781010902	XAUUSD	M5	4334.13	4340.99	4342.07	4334.13	-1	1.68592	4
1781011202	XAUUSD	M5	4333.35	4334.03	4336.26	4331.62	-1	0.78865	3
1781011502	XAUUSD	M5	4330.90	4333.74	4335.45	4330.32	-1	0.07439	3
1781011802	XAUUSD	M5	4329.88	4330.90	4333.99	4328.87	-1	0.65436	3
1781012102	XAUUSD	M5	4331.95	4329.93	4334.46	4329.59	1	0.25376	0
1781012402	XAUUSD	M5	4330.37	4332.13	4332.15	4325.24	-1	0.35739	3
1781012702	XAUUSD	M5	4351.36	4330.36	4363.43	4329.27	1	6.92002	2
1781013002	XAUUSD	M5	4334.10	4352.08	4352.61	4333.58	-1	5.55538	5
1781013302	XAUUSD	M5	4328.66	4334.23	4334.68	4326.63	-1	1.02919	3
1781013602	XAUUSD	M5	4329.39	4328.95	4336.00	4326.55	1	0.83577	0
1781013902	XAUUSD	M5	4328.53	4329.54	4332.12	4324.93	-1	0.62696	3
1781014202	XAUUSD	M5	4321.28	4328.48	4328.79	4319.79	-1	1.63511	4
1781014502	XAUUSD	M5	4311.45	4321.14	4323.03	4306.09	-1	2.54054	5
1781014802	XAUUSD	M5	4318.53	4311.49	4320.32	4309.42	1	1.56625	1
1781015102	XAUUSD	M5	4318.71	4318.76	4323.76	4315.88	-1	0.97388	3
1781015402	XAUUSD	M5	4315.01	4318.36	4320.78	4310.08	-1	0.22715	3
1781015702	XAUUSD	M5	4305.34	4314.87	4314.95	4302.81	-1	2.45863	4
1781016002	XAUUSD	M5	4285.29	4305.43	4307.61	4285.13	-1	6.05552	5
1781016302	XAUUSD	M5	4284.21	4284.98	4290.05	4278.65	-1	0.69600	3
1781016602	XAUUSD	M5	4298.21	4284.07	4298.28	4281.75	1	3.88417	2
1781016902	XAUUSD	M5	4300.76	4298.24	4300.90	4292.73	1	0.09624	0
1781017202	XAUUSD	M5	4293.26	4300.56	4302.16	4291.38	-1	1.53340	4
1781017502	XAUUSD	M5	4295.65	4293.25	4296.79	4290.03	1	0.13950	0
1781017802	XAUUSD	M5	4294.92	4296.01	4299.15	4289.68	-1	0.58597	3
1781018102	XAUUSD	M5	4291.97	4294.87	4296.96	4291.26	-1	0.03359	3
1781018402	XAUUSD	M5	4285.55	4291.90	4294.39	4285.00	-1	1.20895	3
1781018702	XAUUSD	M5	4278.85	4285.55	4288.73	4277.24	-1	1.32183	3
1781019002	XAUUSD	M5	4274.54	4278.73	4282.02	4263.62	-1	0.46832	3
1781019302	XAUUSD	M5	4270.25	4274.56	4274.66	4263.14	-1	0.50757	3
1781019602	XAUUSD	M5	4279.82	4270.13	4280.00	4269.26	1	2.32261	1
1781019902	XAUUSD	M5	4280.97	4279.75	4285.81	4278.53	1	0.54617	0
1781020202	XAUUSD	M5	4279.93	4280.96	4284.05	4276.43	-1	0.60739	3
1781020502	XAUUSD	M5	4272.90	4279.91	4285.07	4272.90	-1	1.41155	3
1781020802	XAUUSD	M5	4273.90	4272.38	4281.07	4271.01	1	0.44575	0
1781021102	XAUUSD	M5	4263.62	4273.85	4274.46	4260.76	-1	2.47705	4
1781021402	XAUUSD	M5	4259.63	4263.58	4266.88	4258.46	-1	0.36746	3
1781021702	XAUUSD	M5	4254.57	4259.77	4263.31	4253.19	-1	0.78475	3
1781022002	XAUUSD	M5	4261.99	4254.43	4263.38	4253.38	1	1.56863	1
1781022302	XAUUSD	M5	4263.49	4262.01	4266.15	4261.16	1	0.46433	0
1781022602	XAUUSD	M5	4262.13	4263.18	4264.70	4260.00	-1	0.60912	3
1781022902	XAUUSD	M5	4241.26	4262.00	4267.62	4237.23	-1	5.73699	5
1781023202	XAUUSD	M5	4244.94	4241.23	4248.14	4236.62	1	0.25439	0
1781023502	XAUUSD	M5	4249.87	4245.05	4254.13	4244.21	1	0.60964	0
1781023802	XAUUSD	M5	4240.07	4249.73	4251.31	4238.91	-1	2.15004	4
1781024102	XAUUSD	M5	4252.18	4239.95	4252.32	4239.78	1	2.93532	2
1781024402	XAUUSD	M5	4262.43	4252.37	4263.59	4251.36	1	2.22913	1
1781024702	XAUUSD	M5	4262.93	4262.45	4263.89	4258.77	1	0.78642	0
1781025002	XAUUSD	M5	4261.19	4262.73	4264.36	4257.70	-1	0.45357	3
1781025302	XAUUSD	M5	4263.95	4260.83	4265.75	4258.52	1	0.04184	0
1781025602	XAUUSD	M5	4266.48	4263.86	4267.86	4262.51	1	0.11723	0
1781025902	XAUUSD	M5	4263.12	4266.42	4266.81	4260.84	-1	0.09631	3
1781026202	XAUUSD	M5	4265.58	4263.09	4266.10	4261.02	1	0.15650	0
1781026502	XAUUSD	M5	4262.89	4265.73	4266.31	4261.91	-1	0.04642	3
1781026802	XAUUSD	M5	4264.84	4262.82	4268.11	4262.13	1	0.30452	0
1781027102	XAUUSD	M5	4257.15	4264.83	4266.85	4256.53	-1	1.47584	3
1781027402	XAUUSD	M5	4258.42	4257.15	4260.16	4256.05	1	0.54392	0
1781027702	XAUUSD	M5	4263.12	4258.44	4264.73	4258.18	1	0.52803	0
1781028002	XAUUSD	M5	4262.50	4263.09	4265.66	4259.57	-1	0.75889	3
1781028302	XAUUSD	M5	4266.77	4262.35	4266.94	4260.79	1	0.44764	0
1781028602	XAUUSD	M5	4265.37	4266.73	4266.85	4262.68	-1	0.51349	3
1781028902	XAUUSD	M5	4269.31	4265.34	4270.08	4262.99	1	0.30958	0
1781029202	XAUUSD	M5	4273.44	4269.25	4274.20	4267.34	1	0.37723	0
1781029502	XAUUSD	M5	4270.90	4273.42	4273.61	4267.96	-1	0.15054	3
1781029802	XAUUSD	M5	4270.71	4270.90	4273.98	4268.90	-1	0.91898	3
1781030102	XAUUSD	M5	4269.20	4270.74	4270.98	4268.39	-1	0.46607	3
1781030402	XAUUSD	M5	4264.35	4269.14	4269.99	4263.65	-1	0.61836	3
1781030702	XAUUSD	M5	4265.26	4264.36	4265.34	4262.33	1	0.68049	0
1781031002	XAUUSD	M5	4265.91	4265.22	4268.21	4264.07	1	0.74842	0
1781031302	XAUUSD	M5	4269.92	4265.99	4271.50	4265.50	1	0.33155	0
1781031602	XAUUSD	M5	4269.71	4270.09	4270.64	4266.38	-1	0.85209	3
1781031902	XAUUSD	M5	4265.17	4269.72	4271.67	4264.92	-1	0.54966	3
1781032202	XAUUSD	M5	4258.70	4265.04	4265.05	4258.02	-1	1.14715	3
1781032502	XAUUSD	M5	4255.35	4258.69	4258.75	4254.82	-1	0.13557	3
1781032802	XAUUSD	M5	4255.71	4255.40	4256.47	4252.84	1	0.88074	0
1781033102	XAUUSD	M5	4257.39	4255.69	4257.90	4254.10	1	0.41199	0
1781033402	XAUUSD	M5	4259.52	4257.27	4260.29	4256.44	1	0.22392	0
1781033702	XAUUSD	M5	4253.68	4259.50	4259.90	4252.75	-1	0.97627	3
1781034002	XAUUSD	M5	4250.97	4253.64	4253.64	4250.15	-1	0.08524	3
1781034302	XAUUSD	M5	4250.98	4251.11	4252.50	4250.02	-1	0.93960	3
1781034602	XAUUSD	M5	4258.91	4251.65	4258.99	4251.65	1	1.45298	0
1781034902	XAUUSD	M5	4258.48	4259.15	4259.74	4256.40	-1	0.76025	3
1781035202	XAUUSD	M5	4260.77	4258.83	4261.08	4255.60	1	0.33466	0
1781035502	XAUUSD	M5	4257.61	4260.77	4260.77	4257.27	-1	0.07392	3
1781035802	XAUUSD	M5	4258.45	4257.64	4259.38	4256.70	1	0.71286	0
1781036102	XAUUSD	M5	4258.71	4258.46	4260.47	4258.10	1	0.90019	0
1781036402	XAUUSD	M5	4258.31	4258.71	4259.75	4257.90	-1	0.84600	3
1781036702	XAUUSD	M5	4259.10	4258.29	4259.99	4258.09	1	0.70436	0
1781037002	XAUUSD	M5	4257.94	4259.02	4259.20	4257.74	-1	0.61230	3
1781037302	XAUUSD	M5	4260.44	4257.93	4260.94	4257.91	1	0.13106	0
1781037602	XAUUSD	M5	4261.38	4260.44	4261.98	4260.27	1	0.65808	0
1781037902	XAUUSD	M5	4261.83	4261.49	4262.11	4260.48	1	0.85804	0
1781038202	XAUUSD	M5	4260.26	4261.73	4261.79	4259.65	-1	0.47580	3
1781038502	XAUUSD	M5	4259.44	4260.22	4260.64	4259.35	-1	0.70757	3
1781042402	XAUUSD	M5	4256.02	4256.01	4257.24	4250.75	1	0.96598	0
1781042702	XAUUSD	M5	4253.49	4255.11	4256.65	4251.13	-1	0.42293	3
1781043002	XAUUSD	M5	4255.44	4253.49	4256.62	4253.22	1	0.31091	0
1781043302	XAUUSD	M5	4253.66	4255.44	4256.23	4253.03	-1	0.36904	3
1781043602	XAUUSD	M5	4254.71	4253.66	4256.49	4253.48	1	0.61291	0
1781043902	XAUUSD	M5	4256.82	4254.56	4256.82	4253.30	1	0.20588	0
1781044202	XAUUSD	M5	4252.83	4256.78	4257.39	4252.59	-1	0.36394	3
1781044502	XAUUSD	M5	4253.13	4253.54	4254.75	4250.52	-1	0.82810	3
1781044802	XAUUSD	M5	4248.97	4253.12	4255.16	4247.68	-1	0.43298	3
1781045102	XAUUSD	M5	4239.08	4248.98	4249.81	4237.42	-1	2.35203	4
1781045402	XAUUSD	M5	4235.11	4239.08	4240.84	4232.40	-1	0.36186	3
1781045702	XAUUSD	M5	4237.31	4235.11	4238.08	4234.03	1	0.23340	0
1781046002	XAUUSD	M5	4246.34	4237.24	4246.65	4235.59	1	2.06705	1
1781046302	XAUUSD	M5	4241.68	4246.30	4247.42	4241.68	-1	0.57157	3
1781046602	XAUUSD	M5	4235.90	4241.73	4242.87	4235.80	-1	0.97347	3
1781046902	XAUUSD	M5	4233.21	4236.20	4236.68	4227.84	-1	0.02384	3
1781047202	XAUUSD	M5	4227.64	4233.19	4234.51	4225.66	-1	0.87518	3
1781047502	XAUUSD	M5	4224.19	4227.55	4228.22	4222.98	-1	0.14697	3
1781047802	XAUUSD	M5	4225.70	4224.19	4229.73	4221.77	1	0.46869	0
1781048102	XAUUSD	M5	4221.92	4225.65	4226.24	4221.53	-1	0.29832	3
1781048402	XAUUSD	M5	4218.63	4221.99	4224.36	4216.61	-1	0.16711	3
1781048702	XAUUSD	M5	4213.05	4218.54	4218.54	4211.25	-1	0.91271	3
1781049002	XAUUSD	M5	4220.72	4213.35	4221.11	4210.38	1	1.56925	1
1781049302	XAUUSD	M5	4222.03	4220.75	4224.57	4217.80	1	0.55777	0
1781049602	XAUUSD	M5	4220.58	4222.01	4223.85	4218.42	-1	0.50342	3
1781049902	XAUUSD	M5	4225.57	4220.34	4226.61	4219.79	1	0.82244	0
1781050202	XAUUSD	M5	4225.12	4225.29	4225.65	4216.66	-1	0.94372	3
1781050502	XAUUSD	M5	4226.93	4225.12	4228.25	4218.51	1	0.36925	0
1781050802	XAUUSD	M5	4225.23	4227.57	4228.28	4223.64	-1	0.18518	3
1781051102	XAUUSD	M5	4217.94	4225.23	4225.57	4217.94	-1	1.53538	4
1781051402	XAUUSD	M5	4206.52	4218.25	4218.93	4206.07	-1	3.06955	5
1781051702	XAUUSD	M5	4207.77	4206.53	4209.52	4201.74	1	0.56868	0
1781052002	XAUUSD	M5	4204.49	4207.87	4208.21	4199.03	-1	0.17519	3
1781052302	XAUUSD	M5	4203.72	4204.28	4206.01	4199.80	-1	0.80042	3
1781052602	XAUUSD	M5	4207.39	4203.63	4208.63	4200.54	1	0.30861	0
1781052902	XAUUSD	M5	4218.23	4207.39	4220.95	4207.39	1	2.73546	2
1781053202	XAUUSD	M5	4194.50	4218.28	4218.55	4194.50	-1	6.77634	5
1781053502	XAUUSD	M5	4195.15	4194.41	4199.60	4187.19	1	0.71104	0
1781053802	XAUUSD	M5	4203.39	4195.52	4206.66	4194.06	1	1.62462	1
1781054102	XAUUSD	M5	4213.33	4203.29	4216.69	4200.67	1	2.33024	1
1781054402	XAUUSD	M5	4200.92	4213.28	4213.29	4199.08	-1	3.04837	5
1781054702	XAUUSD	M5	4201.81	4200.72	4204.49	4197.43	1	0.60019	0
1781055002	XAUUSD	M5	4202.58	4201.92	4204.57	4196.35	1	0.73621	0
1781055302	XAUUSD	M5	4200.71	4202.43	4207.04	4197.80	-1	0.39110	3
1781055602	XAUUSD	M5	4187.41	4200.70	4202.17	4184.65	-1	3.30387	5
1781055902	XAUUSD	M5	4192.94	4187.30	4193.73	4184.73	1	0.85424	0
1781056202	XAUUSD	M5	4192.05	4193.00	4195.64	4183.88	-1	0.64371	3
1781056502	XAUUSD	M5	4188.63	4192.05	4192.76	4187.44	-1	0.14646	3
1781056802	XAUUSD	M5	4187.00	4188.63	4191.70	4183.73	-1	0.42681	3
1781057102	XAUUSD	M5	4181.14	4187.14	4187.14	4179.70	-1	0.96635	3
1781057402	XAUUSD	M5	4182.77	4181.14	4186.39	4179.83	1	0.42760	0
1781057702	XAUUSD	M5	4180.91	4182.83	4186.36	4179.88	-1	0.33388	3
1781058002	XAUUSD	M5	4183.35	4180.91	4187.16	4180.06	1	0.16606	0
1781058302	XAUUSD	M5	4187.98	4183.34	4188.35	4178.24	1	0.53656	0
1781058602	XAUUSD	M5	4179.39	4187.95	4192.63	4174.32	-1	1.78207	4
1781058902	XAUUSD	M5	4184.54	4179.41	4189.60	4179.01	1	0.68351	0
1781059202	XAUUSD	M5	4184.51	4184.67	4189.35	4180.25	-1	0.89956	3
1781059502	XAUUSD	M5	4187.62	4184.35	4190.53	4183.52	1	0.09354	0
1781059802	XAUUSD	M5	4175.03	4187.60	4188.47	4174.12	-1	3.02353	5
1781060102	XAUUSD	M5	4174.01	4174.91	4176.65	4173.18	-1	0.66158	3
1781060402	XAUUSD	M5	4176.78	4173.96	4176.99	4172.93	1	0.05411	0
1781060702	XAUUSD	M5	4175.32	4176.78	4180.68	4174.22	-1	0.48139	3
1781061002	XAUUSD	M5	4178.09	4175.32	4178.54	4174.07	1	0.06931	0
1781061302	XAUUSD	M5	4175.94	4178.19	4181.11	4175.47	-1	0.23422	3
1781061602	XAUUSD	M5	4175.18	4175.94	4176.37	4173.84	-1	0.70171	3
1781061902	XAUUSD	M5	4177.22	4175.16	4180.29	4174.94	1	0.29177	0
1781062202	XAUUSD	M5	4180.51	4177.22	4180.83	4176.34	1	0.09672	0
1781062502	XAUUSD	M5	4180.41	4180.56	4183.05	4176.75	-1	0.89334	3
1781062802	XAUUSD	M5	4179.92	4180.41	4182.64	4178.23	-1	0.78233	3
1781063102	XAUUSD	M5	4185.44	4179.90	4186.50	4179.71	1	0.81661	0
1781063402	XAUUSD	M5	4184.95	4185.44	4186.07	4182.34	-1	0.78177	3
1781063702	XAUUSD	M5	4184.81	4184.83	4185.05	4181.89	-1	0.92641	3
1781064002	XAUUSD	M5	4186.35	4184.83	4187.29	4182.15	1	0.44869	0
1781064302	XAUUSD	M5	4184.40	4186.35	4186.65	4182.07	-1	0.31254	3
1781064602	XAUUSD	M5	4181.37	4184.21	4184.49	4180.72	-1	0.03145	3
1781064902	XAUUSD	M5	4181.64	4181.28	4182.29	4178.87	1	0.81616	0
1781065202	XAUUSD	M5	4178.24	4181.65	4183.05	4176.59	-1	0.15036	3
1781065502	XAUUSD	M5	4174.56	4178.48	4180.51	4173.70	-1	0.31012	3
1781065802	XAUUSD	M5	4174.39	4174.49	4175.24	4172.93	-1	0.89874	3
1781066102	XAUUSD	M5	4174.83	4174.38	4175.26	4172.99	1	0.78601	0
1781066402	XAUUSD	M5	4173.55	4174.86	4175.26	4173.04	-1	0.51261	3
1781066702	XAUUSD	M5	4173.81	4173.55	4175.12	4172.55	1	0.84118	0
1781067002	XAUUSD	M5	4175.06	4173.83	4175.80	4173.59	1	0.53076	0
1781067302	XAUUSD	M5	4174.82	4175.05	4175.85	4173.73	-1	0.84462	3
1781067602	XAUUSD	M5	4174.58	4175.04	4178.28	4173.39	-1	0.76998	3
1781067902	XAUUSD	M5	4176.57	4174.61	4179.02	4173.67	1	0.29556	0
1781068202	XAUUSD	M5	4179.77	4176.67	4180.44	4175.53	1	0.06618	0
1781068502	XAUUSD	M5	4176.80	4179.85	4180.39	4175.62	-1	0.05278	3
1781068802	XAUUSD	M5	4180.53	4176.70	4183.14	4176.08	1	0.30051	0
1781069102	XAUUSD	M5	4187.25	4180.53	4187.25	4179.55	1	1.21561	0
1781069402	XAUUSD	M5	4191.09	4187.33	4193.25	4181.79	1	0.27477	0
1781069702	XAUUSD	M5	4194.32	4190.54	4194.68	4188.15	1	0.28167	0
1781070002	XAUUSD	M5	4198.25	4194.32	4199.02	4193.47	1	0.32840	0
1781070302	XAUUSD	M5	4202.72	4198.14	4205.52	4197.53	1	0.53423	0
1781070602	XAUUSD	M5	4203.72	4202.78	4206.41	4200.49	1	0.61725	0
1781070902	XAUUSD	M5	4205.15	4203.74	4208.97	4203.67	1	0.46840	0
1781071202	XAUUSD	M5	4211.17	4205.17	4212.61	4205.16	1	0.98674	0
1781071502	XAUUSD	M5	4213.99	4211.11	4221.80	4209.31	1	0.00592	0
1781071802	XAUUSD	M5	4212.90	4214.29	4216.10	4209.26	-1	0.47980	3
1781072102	XAUUSD	M5	4214.42	4212.94	4215.50	4211.17	1	0.45088	0
1781072402	XAUUSD	M5	4209.10	4214.41	4216.71	4208.32	-1	0.76373	3
1781072702	XAUUSD	M5	4211.94	4209.40	4215.98	4209.29	1	0.11819	0
1781073002	XAUUSD	M5	4210.60	4211.80	4213.46	4208.17	-1	0.54422	3
1781073302	XAUUSD	M5	4209.10	4210.49	4212.12	4207.78	-1	0.48378	3
1781073602	XAUUSD	M5	4207.75	4209.08	4209.40	4205.01	-1	0.50173	3
1781073902	XAUUSD	M5	4203.22	4207.48	4209.81	4203.20	-1	0.42750	3
1781074202	XAUUSD	M5	4202.31	4203.27	4206.63	4201.87	-1	0.61815	3
1781074502	XAUUSD	M5	4203.96	4202.12	4205.95	4201.80	1	0.33734	0
1781074802	XAUUSD	M5	4203.70	4203.94	4205.84	4201.33	-1	0.84422	3
1781075102	XAUUSD	M5	4207.16	4203.69	4207.75	4202.01	1	0.18133	0
1781075402	XAUUSD	M5	4200.31	4206.48	4207.84	4197.31	-1	1.03600	3
1781075702	XAUUSD	M5	4198.74	4200.31	4202.97	4198.02	-1	0.42862	3
1781076002	XAUUSD	M5	4199.24	4198.71	4203.79	4198.16	1	0.75759	0
1781076302	XAUUSD	M5	4194.92	4199.24	4199.24	4193.58	-1	0.44741	3
1781076602	XAUUSD	M5	4194.78	4194.95	4197.15	4191.80	-1	0.86928	3
1781076902	XAUUSD	M5	4190.73	4194.78	4195.63	4190.27	-1	0.36138	3
1781077202	XAUUSD	M5	4189.69	4190.26	4193.57	4188.00	-1	0.74482	3
1781077502	XAUUSD	M5	4190.46	4189.76	4192.97	4189.30	1	0.70140	0
1781077802	XAUUSD	M5	4182.11	4190.20	4190.20	4181.58	-1	1.63712	4
1781078102	XAUUSD	M5	4186.47	4182.11	4187.73	4181.62	1	0.45325	0
1781078402	XAUUSD	M5	4164.31	4186.12	4187.46	4161.46	-1	5.73997	5
1781078702	XAUUSD	M5	4167.38	4164.30	4171.50	4161.94	1	0.03174	0
1781079002	XAUUSD	M5	4166.47	4167.39	4172.33	4161.41	-1	0.62551	3
1781079302	XAUUSD	M5	4173.53	4166.85	4178.98	4166.25	1	1.12477	0
1781079602	XAUUSD	M5	4171.20	4173.52	4174.65	4168.18	-1	0.20323	3
1781079902	XAUUSD	M5	4172.22	4171.13	4173.75	4169.25	1	0.57768	0
1781080202	XAUUSD	M5	4168.10	4172.14	4172.20	4166.47	-1	0.31905	3
1781080502	XAUUSD	M5	4172.85	4168.35	4175.83	4168.20	1	0.45832	0
1781080802	XAUUSD	M5	4170.55	4172.91	4179.29	4170.04	-1	0.19462	3
1781081102	XAUUSD	M5	4174.29	4170.57	4174.59	4166.46	1	0.21858	0
1781081402	XAUUSD	M5	4171.18	4174.46	4176.47	4171.11	-1	0.08245	3
1781081702	XAUUSD	M5	4168.57	4171.13	4172.84	4167.69	-1	0.13891	3
1781082002	XAUUSD	M5	4167.03	4168.98	4169.64	4165.36	-1	0.32462	3
1781082302	XAUUSD	M5	4170.47	4167.22	4171.75	4166.46	1	0.07294	0
1781082602	XAUUSD	M5	4165.07	4170.47	4174.07	4164.78	-1	0.72672	3
1781082902	XAUUSD	M5	4171.07	4164.99	4175.01	4164.41	1	0.93003	0
1781083202	XAUUSD	M5	4168.52	4171.20	4171.20	4166.38	-1	0.10686	3
1781083502	XAUUSD	M5	4166.26	4168.42	4172.05	4164.44	-1	0.26631	3
1781083802	XAUUSD	M5	4176.86	4166.23	4177.46	4165.79	1	2.29708	1
1781084102	XAUUSD	M5	4172.48	4176.87	4179.53	4171.31	-1	0.40233	3
1781084402	XAUUSD	M5	4171.29	4172.48	4172.82	4167.89	-1	0.56898	3
1781084702	XAUUSD	M5	4168.47	4171.37	4174.96	4166.00	-1	0.05073	3
1781085002	XAUUSD	M5	4166.17	4168.25	4168.73	4163.09	-1	0.30121	3
1781085302	XAUUSD	M5	4168.74	4166.03	4169.24	4165.32	1	0.11065	0
1781085602	XAUUSD	M5	4169.30	4168.75	4171.14	4167.38	1	0.76459	0
1781085902	XAUUSD	M5	4159.67	4169.30	4169.65	4155.68	-1	1.97769	4
1781086202	XAUUSD	M5	4161.01	4159.67	4162.30	4155.84	1	0.52906	0
1781086502	XAUUSD	M5	4164.46	4161.01	4164.84	4159.54	1	0.10829	0
1781086802	XAUUSD	M5	4166.71	4164.50	4169.78	4163.79	1	0.26757	0
1781087102	XAUUSD	M5	4165.16	4166.72	4169.35	4162.69	-1	0.46517	3
1781087402	XAUUSD	M5	4165.19	4164.88	4168.91	4164.08	1	0.84241	0
1781087702	XAUUSD	M5	4166.72	4165.14	4169.14	4164.66	1	0.45946	0
1781088002	XAUUSD	M5	4171.40	4167.46	4171.40	4164.19	1	0.25320	0
1781088302	XAUUSD	M5	4177.27	4171.45	4177.27	4169.80	1	0.81886	0
1781088602	XAUUSD	M5	4171.88	4177.58	4178.70	4171.59	-1	0.77941	3
1781088902	XAUUSD	M5	4174.51	4171.77	4178.26	4171.69	1	0.11763	0
1781089202	XAUUSD	M5	4161.48	4174.69	4176.12	4160.19	-1	3.01446	5
1781089502	XAUUSD	M5	4161.33	4161.15	4164.56	4153.72	1	0.88909	0
1781089802	XAUUSD	M5	4168.83	4161.36	4169.05	4161.21	1	1.28857	0
1781090102	XAUUSD	M5	4164.92	4168.62	4171.69	4164.82	-1	0.15908	3
1781090402	XAUUSD	M5	4163.74	4164.86	4170.76	4163.71	-1	0.61268	3
1781090702	XAUUSD	M5	4166.32	4163.40	4166.78	4156.74	1	0.07551	0
1781091002	XAUUSD	M5	4164.92	4166.46	4168.01	4161.21	-1	0.48941	3
1781091302	XAUUSD	M5	4156.49	4164.92	4165.70	4156.38	-1	1.56524	4
1781091602	XAUUSD	M5	4154.43	4156.48	4160.12	4154.38	-1	0.34204	3
1781091902	XAUUSD	M5	4155.78	4154.43	4155.92	4152.50	1	0.55208	0
1781092202	XAUUSD	M5	4154.21	4155.79	4163.41	4153.74	-1	0.48368	3
1781092502	XAUUSD	M5	4147.65	4154.71	4155.81	4145.79	-1	1.14991	3
1781092802	XAUUSD	M5	4146.96	4147.48	4152.53	4145.67	-1	0.80514	3
1781093102	XAUUSD	M5	4145.04	4147.10	4150.77	4144.68	-1	0.34550	3
1781093402	XAUUSD	M5	4136.27	4145.04	4145.11	4134.68	-1	1.65116	4
1781093702	XAUUSD	M5	4136.51	4136.06	4142.87	4135.54	1	0.83017	0
1781094002	XAUUSD	M5	4134.72	4136.49	4137.46	4133.94	-1	0.43610	3
1781094302	XAUUSD	M5	4141.11	4134.71	4142.08	4130.66	1	0.94265	0
1781094602	XAUUSD	M5	4162.44	4141.52	4173.72	4139.91	1	5.09553	2
1781094902	XAUUSD	M5	4160.87	4162.73	4173.01	4156.05	-1	0.40854	3
1781095202	XAUUSD	M5	4160.44	4160.98	4166.50	4155.27	-1	0.78817	3
1781095502	XAUUSD	M5	4157.68	4160.45	4169.53	4156.29	-1	0.14254	3
1781095802	XAUUSD	M5	4151.86	4157.87	4158.38	4149.03	-1	0.79082	3
1781096102	XAUUSD	M5	4147.02	4152.03	4152.85	4142.28	-1	0.49960	3
1781096402	XAUUSD	M5	4153.16	4147.05	4156.41	4144.99	1	0.81337	0
1781096702	XAUUSD	M5	4154.07	4153.33	4157.91	4148.51	1	0.73626	0
1781097002	XAUUSD	M5	4151.43	4154.58	4157.28	4148.79	-1	0.03993	3
1781097302	XAUUSD	M5	4135.67	4151.38	4151.38	4134.27	-1	3.52462	5
1781097602	XAUUSD	M5	4144.25	4135.69	4146.23	4132.95	1	1.48276	0
1781097902	XAUUSD	M5	4150.11	4144.25	4151.06	4143.35	1	0.71359	0
1781098202	XAUUSD	M5	4142.97	4149.20	4153.59	4142.87	-1	0.81538	3
1781098502	XAUUSD	M5	4166.17	4143.06	4168.79	4142.06	1	5.39885	2
1781098802	XAUUSD	M5	4178.11	4166.18	4178.11	4163.55	1	2.31518	1
1781099102	XAUUSD	M5	4185.58	4179.26	4185.58	4174.04	1	0.78314	0
1781099402	XAUUSD	M5	4180.09	4185.74	4186.31	4176.34	-1	0.59785	3
1781099702	XAUUSD	M5	4179.64	4180.44	4183.95	4175.45	-1	0.72080	3
1781100002	XAUUSD	M5	4171.61	4179.63	4180.78	4170.84	-1	1.23883	3
1781100302	XAUUSD	M5	4173.49	4171.59	4176.57	4170.31	1	0.42346	0
1781100602	XAUUSD	M5	4174.19	4173.48	4179.91	4170.69	1	0.74653	0
1781100902	XAUUSD	M5	4168.59	4174.23	4175.53	4167.47	-1	0.59008	3
1781101202	XAUUSD	M5	4170.71	4168.35	4172.90	4162.79	1	0.30108	0
1781101502	XAUUSD	M5	4161.02	4169.87	4171.58	4159.68	-1	1.46144	3
1781101802	XAUUSD	M5	4160.28	4161.18	4163.33	4155.50	-1	0.69718	3
1781102102	XAUUSD	M5	4158.02	4160.24	4162.56	4153.05	-1	0.33911	3
1781102402	XAUUSD	M5	4150.06	4157.64	4161.42	4149.94	-1	1.11132	3
1781102702	XAUUSD	M5	4140.72	4150.02	4151.77	4138.19	-1	1.56928	4
1781103002	XAUUSD	M5	4138.16	4140.76	4142.84	4137.54	-1	0.24447	3
1781103302	XAUUSD	M5	4124.86	4138.07	4138.50	4118.01	-1	2.60149	5
1781103602	XAUUSD	M5	4129.11	4124.94	4136.48	4123.08	1	0.17080	0
1781103902	XAUUSD	M5	4126.63	4129.11	4129.32	4122.01	-1	0.28402	3
1781104202	XAUUSD	M5	4123.79	4126.59	4127.38	4119.22	-1	0.19861	3
1781104502	XAUUSD	M5	4115.89	4123.36	4124.03	4113.17	-1	1.05243	3
1781104802	XAUUSD	M5	4130.25	4115.55	4133.87	4115.42	1	2.95827	2
1781105102	XAUUSD	M5	4127.72	4130.24	4136.87	4127.72	-1	0.28446	3
1781105402	XAUUSD	M5	4128.18	4128.12	4131.22	4123.81	1	0.93941	0
1781105702	XAUUSD	M5	4124.65	4128.30	4130.81	4122.64	-1	0.01443	3
1781106002	XAUUSD	M5	4128.75	4124.50	4129.92	4122.09	1	0.17362	0
1781106302	XAUUSD	M5	4118.32	4128.65	4131.13	4108.45	-1	1.78246	4
1781106602	XAUUSD	M5	4120.30	4118.27	4125.77	4106.86	1	0.42290	0
1781106902	XAUUSD	M5	4128.99	4120.32	4128.99	4115.46	1	1.33504	0
1781107202	XAUUSD	M5	4126.73	4128.90	4131.69	4122.92	-1	0.38738	3
1781107502	XAUUSD	M5	4130.25	4126.79	4131.31	4124.33	1	0.04355	0
1781107802	XAUUSD	M5	4129.23	4130.14	4132.82	4125.39	-1	0.72066	3
1781108102	XAUUSD	M5	4132.52	4129.26	4133.89	4127.96	1	0.09850	0
1781108402	XAUUSD	M5	4129.82	4132.92	4134.71	4128.47	-1	0.13994	3
1781108702	XAUUSD	M5	4127.54	4129.77	4132.40	4126.03	-1	0.37121	3
1781109002	XAUUSD	M5	4129.31	4127.54	4130.06	4121.10	1	0.49248	0
1781109302	XAUUSD	M5	4127.92	4129.40	4132.10	4126.01	-1	0.56931	3
1781109602	XAUUSD	M5	4122.36	4127.92	4128.19	4120.50	-1	0.51181	3
1781109902	XAUUSD	M5	4120.51	4122.20	4122.85	4115.93	-1	0.51599	3
1781110202	XAUUSD	M5	4120.31	4120.46	4123.11	4118.05	-1	0.92408	3
1781110502	XAUUSD	M5	4121.98	4120.29	4122.21	4117.30	1	0.51447	0
1781110802	XAUUSD	M5	4132.17	4122.10	4134.97	4121.41	1	1.69877	1
1781111102	XAUUSD	M5	4120.20	4132.15	4132.36	4119.15	-1	2.17847	4
1781111402	XAUUSD	M5	4118.08	4120.18	4120.33	4114.91	-1	0.41212	3
1781111702	XAUUSD	M5	4113.91	4118.07	4120.22	4113.44	-1	0.12893	3
1781112002	XAUUSD	M5	4111.84	4113.98	4116.39	4110.20	-1	0.40344	3
1781112302	XAUUSD	M5	4110.89	4111.86	4115.18	4109.21	-1	0.71165	3
1781112602	XAUUSD	M5	4111.19	4111.03	4112.51	4105.78	1	0.92118	0
1781112902	XAUUSD	M5	4105.31	4111.19	4111.98	4105.13	-1	0.58281	3
1781113202	XAUUSD	M5	4102.34	4105.35	4106.34	4101.93	-1	0.17282	3
1781113502	XAUUSD	M5	4111.41	4102.39	4112.56	4100.84	1	1.40101	0
1781113802	XAUUSD	M5	4109.83	4111.31	4113.26	4104.88	-1	0.57880	3
1781114102	XAUUSD	M5	4111.66	4109.83	4113.51	4109.31	1	0.48502	0
1781114402	XAUUSD	M5	4119.80	4111.84	4120.45	4111.84	1	1.11998	0
1781114702	XAUUSD	M5	4114.49	4119.80	4120.45	4114.48	-1	0.42419	3
1781115002	XAUUSD	M5	4115.96	4114.51	4117.85	4114.51	1	0.58778	0
1781115302	XAUUSD	M5	4112.66	4115.74	4118.12	4110.36	-1	0.16112	3
1781115602	XAUUSD	M5	4112.79	4112.54	4115.16	4111.16	1	0.90324	0
1781115902	XAUUSD	M5	4112.47	4112.90	4115.00	4109.66	-1	0.85563	3
1781116202	XAUUSD	M5	4109.23	4112.44	4112.66	4109.07	-1	0.12302	3
1781116502	XAUUSD	M5	4107.46	4109.28	4109.97	4106.65	-1	0.48980	3
1781116802	XAUUSD	M5	4104.98	4107.51	4109.93	4104.67	-1	0.30160	3
1781117102	XAUUSD	M5	4104.41	4105.00	4107.76	4104.22	-1	0.81089	3
1781117402	XAUUSD	M5	4101.49	4104.41	4104.48	4097.01	-1	0.19922	3
1781117702	XAUUSD	M5	4101.23	4101.39	4103.20	4099.35	-1	0.92378	3
1781118002	XAUUSD	M5	4096.25	4101.62	4102.16	4095.88	-1	0.44389	3
1781118302	XAUUSD	M5	4095.13	4096.21	4099.31	4094.92	-1	0.68513	3
1781118602	XAUUSD	M5	4089.00	4094.91	4094.94	4087.31	-1	0.58362	3
1781118902	XAUUSD	M5	4089.85	4089.00	4092.08	4087.50	1	0.74669	0
1781119202	XAUUSD	M5	4084.95	4089.81	4090.10	4082.56	-1	0.30604	3
1781119502	XAUUSD	M5	4084.73	4084.94	4086.01	4081.63	-1	0.91290	3
1781119802	XAUUSD	M5	4086.30	4084.73	4089.10	4083.78	1	0.55316	0
1781120102	XAUUSD	M5	4086.38	4086.32	4087.14	4082.24	1	0.94662	0
1781120402	XAUUSD	M5	4091.63	4086.26	4091.89	4086.19	1	0.44504	0
1781120702	XAUUSD	M5	4088.42	4091.52	4092.61	4085.67	-1	0.15134	3
1781121002	XAUUSD	M5	4087.29	4088.46	4091.57	4085.76	-1	0.65597	3
1781121302	XAUUSD	M5	4082.84	4087.22	4087.22	4081.69	-1	0.18683	3
1781121602	XAUUSD	M5	4077.59	4082.66	4083.08	4075.09	-1	0.36569	3
1781121902	XAUUSD	M5	4071.12	4077.76	4078.01	4070.03	-1	0.77441	3
1781122202	XAUUSD	M5	4072.13	4071.08	4073.56	4069.27	1	0.69081	0
1781122502	XAUUSD	M5	4073.98	4072.13	4074.73	4071.24	1	0.48073	0
1781122802	XAUUSD	M5	4076.46	4073.98	4077.00	4073.13	1	0.31627	0
1781123102	XAUUSD	M5	4078.46	4076.46	4080.07	4076.14	1	0.44346	0
1781123402	XAUUSD	M5	4076.13	4078.40	4078.40	4074.62	-1	0.37116	3
1781123702	XAUUSD	M5	4076.47	4076.16	4078.24	4074.04	1	0.88539	0
1781124002	XAUUSD	M5	4072.83	4076.47	4076.47	4071.47	-1	0.01137	3
1781124302	XAUUSD	M5	4067.94	4072.64	4072.79	4067.52	-1	0.26542	3
1781124602	XAUUSD	M5	4069.09	4067.98	4069.29	4067.18	1	0.67649	0
1781124902	XAUUSD	M5	4071.24	4069.09	4072.12	4069.09	1	0.40345	0
1781128802	XAUUSD	M5	4063.41	4071.28	4072.75	4058.58	-1	1.09429	3
1781129102	XAUUSD	M5	4050.98	4063.37	4063.50	4050.65	-1	2.26049	4
1781129402	XAUUSD	M5	4056.10	4050.99	4057.15	4050.22	1	0.36286	0
1781129702	XAUUSD	M5	4047.61	4056.10	4057.05	4043.11	-1	1.23781	3
1781130002	XAUUSD	M5	4038.36	4047.58	4047.64	4036.02	-1	1.42048	3
1781130302	XAUUSD	M5	4044.93	4038.38	4044.95	4036.13	1	0.72350	0
1781130602	XAUUSD	M5	4050.73	4044.75	4054.48	4044.69	1	0.57352	0
1781130902	XAUUSD	M5	4065.45	4050.66	4066.34	4050.46	1	2.82856	2
1781131202	XAUUSD	M5	4062.93	4065.45	4069.18	4060.37	-1	0.33050	3
1781131502	XAUUSD	M5	4062.10	4062.87	4066.82	4058.07	-1	0.77755	3
1781131802	XAUUSD	M5	4053.82	4062.10	4064.26	4052.29	-1	1.15118	3
1781132102	XAUUSD	M5	4046.54	4054.40	4054.40	4045.71	-1	1.03919	3
1781132402	XAUUSD	M5	4049.66	4046.68	4053.88	4044.74	1	0.21483	0
1781132702	XAUUSD	M5	4040.57	4049.66	4050.06	4039.00	-1	1.34809	3
1781133002	XAUUSD	M5	4030.16	4040.55	4042.60	4023.88	-1	1.67153	4
1781133302	XAUUSD	M5	4039.13	4029.87	4041.73	4025.13	1	1.37553	0
1781133602	XAUUSD	M5	4043.53	4039.56	4047.41	4037.01	1	0.02485	0
1781133902	XAUUSD	M5	4061.60	4043.57	4064.53	4041.94	1	3.55589	2
1781134202	XAUUSD	M5	4058.03	4061.60	4063.99	4056.42	-1	0.08492	3
1781134502	XAUUSD	M5	4060.76	4058.03	4063.63	4057.10	1	0.29659	0
1781134802	XAUUSD	M5	4056.24	4060.74	4064.44	4055.05	-1	0.14795	3
1781135102	XAUUSD	M5	4050.19	4056.24	4057.39	4049.08	-1	0.53646	3
1781135402	XAUUSD	M5	4051.02	4050.19	4052.36	4049.06	1	0.77654	0
1781135702	XAUUSD	M5	4047.12	4051.02	4052.25	4044.60	-1	0.00539	3
1781136002	XAUUSD	M5	4043.72	4047.89	4059.55	4041.07	-1	0.06107	3
1781136302	XAUUSD	M5	4043.09	4043.76	4049.77	4039.82	-1	0.81867	3
1781136602	XAUUSD	M5	4052.25	4043.06	4055.93	4036.18	1	1.32529	0
1781136902	XAUUSD	M5	4065.20	4052.21	4072.63	4049.78	1	2.26260	1
1781137202	XAUUSD	M5	4061.46	4065.13	4070.45	4061.13	-1	0.07146	3
1781137502	XAUUSD	M5	4067.63	4061.57	4071.08	4057.38	1	0.52431	0
1781137802	XAUUSD	M5	4064.22	4067.21	4076.76	4061.66	-1	0.24654	3
1781138102	XAUUSD	M5	4063.45	4064.27	4068.98	4059.26	-1	0.78965	3
1781138402	XAUUSD	M5	4063.41	4063.45	4074.46	4062.50	-1	0.98442	3
1781138702	XAUUSD	M5	4071.43	4063.40	4071.56	4063.33	1	1.01285	0
1781139002	XAUUSD	M5	4069.26	4071.41	4075.17	4068.74	-1	0.45755	3
1781139302	XAUUSD	M5	4075.79	4069.27	4077.94	4068.96	1	0.63427	0
1781139602	XAUUSD	M5	4079.27	4075.72	4089.88	4072.70	1	0.10885	0
1781139902	XAUUSD	M5	4078.72	4078.82	4082.09	4066.43	-1	0.97060	3
1781140202	XAUUSD	M5	4086.85	4078.72	4089.38	4078.66	1	1.03210	0
1781140502	XAUUSD	M5	4094.24	4086.88	4099.49	4085.73	1	0.83596	0
1781140802	XAUUSD	M5	4102.65	4093.49	4103.05	4092.25	1	1.27947	0
1781141102	XAUUSD	M5	4104.59	4102.65	4108.77	4102.05	1	0.52179	0
1781141402	XAUUSD	M5	4111.11	4104.60	4112.88	4104.21	1	0.61522	0
1781141702	XAUUSD	M5	4114.95	4110.84	4115.28	4109.73	1	0.01424	0
1781142002	XAUUSD	M5	4113.80	4114.87	4118.22	4110.30	-1	0.74449	3
1781142302	XAUUSD	M5	4111.01	4113.74	4117.20	4106.54	-1	0.33099	3
1781142602	XAUUSD	M5	4103.99	4110.77	4111.49	4103.54	-1	0.67758	3
1781142902	XAUUSD	M5	4101.95	4103.85	4103.85	4098.23	-1	0.54189	3
1781143202	XAUUSD	M5	4100.85	4101.99	4102.61	4094.57	-1	0.73065	3
1781143502	XAUUSD	M5	4094.68	4100.86	4100.86	4092.20	-1	0.52542	3
1781143802	XAUUSD	M5	4089.56	4094.73	4097.59	4089.21	-1	0.27177	3
1781144102	XAUUSD	M5	4093.93	4089.49	4095.77	4087.74	1	0.08797	0
1781144402	XAUUSD	M5	4090.07	4093.93	4094.41	4088.87	-1	0.05671	3
1781144702	XAUUSD	M5	4082.25	4089.97	4090.01	4081.70	-1	0.90424	3
1781145002	XAUUSD	M5	4073.00	4082.38	4085.03	4071.31	-1	1.31218	3
1781145302	XAUUSD	M5	4066.73	4073.22	4076.13	4064.99	-1	0.58977	3
1781145602	XAUUSD	M5	4059.48	4066.93	4067.77	4055.16	-1	0.82519	3
1781145902	XAUUSD	M5	4054.88	4059.46	4060.04	4052.60	-1	0.10718	3
1781146202	XAUUSD	M5	4062.64	4054.89	4063.95	4054.89	1	0.89537	0
1781146502	XAUUSD	M5	4067.81	4062.55	4073.30	4062.31	1	0.27364	0
1781146802	XAUUSD	M5	4075.02	4067.86	4075.60	4067.72	1	0.74428	0
1781147102	XAUUSD	M5	4076.54	4075.02	4078.58	4069.82	1	0.66152	0
1781147402	XAUUSD	M5	4065.66	4076.60	4076.60	4064.56	-1	1.67669	4
1781147702	XAUUSD	M5	4065.61	4065.88	4071.54	4065.35	-1	0.97251	3
1781148002	XAUUSD	M5	4062.83	4065.69	4065.78	4060.08	-1	0.33028	3
1781148302	XAUUSD	M5	4063.38	4062.74	4064.19	4056.82	1	0.88052	0
1781148602	XAUUSD	M5	4067.28	4063.09	4068.06	4062.57	1	0.00002	0
1781148902	XAUUSD	M5	4070.49	4067.31	4070.50	4064.47	1	0.25196	0
1781149202	XAUUSD	M5	4067.40	4070.43	4071.88	4066.12	-1	0.29011	3
1781149502	XAUUSD	M5	4065.66	4067.40	4068.76	4064.99	-1	0.61237	3
1781149802	XAUUSD	M5	4073.08	4065.66	4075.50	4064.88	1	0.84799	0
1781150102	XAUUSD	M5	4072.81	4073.08	4075.24	4072.13	-1	0.98892	3
1781150402	XAUUSD	M5	4072.71	4072.84	4075.83	4071.55	-1	1.02456	3
1781150702	XAUUSD	M5	4080.02	4072.73	4080.02	4070.13	1	0.81315	0
1781151002	XAUUSD	M5	4082.89	4080.10	4083.28	4078.20	1	0.34174	0
1781151302	XAUUSD	M5	4081.75	4082.89	4083.44	4079.36	-1	0.76256	3
1781151602	XAUUSD	M5	4081.29	4081.69	4085.49	4080.33	-1	0.94899	3
1781151902	XAUUSD	M5	4077.64	4081.28	4082.27	4076.45	-1	0.11640	3
1781152202	XAUUSD	M5	4077.79	4077.64	4083.67	4077.64	1	1.01374	0
1781152502	XAUUSD	M5	4078.71	4077.77	4079.56	4074.79	1	0.80627	0
1781152802	XAUUSD	M5	4082.01	4078.65	4083.92	4078.36	1	0.17518	0
1781153102	XAUUSD	M5	4083.50	4082.03	4085.84	4081.97	1	0.67368	0
1781153402	XAUUSD	M5	4083.79	4083.54	4085.34	4079.70	1	0.99379	0
1781153702	XAUUSD	M5	4082.73	4083.81	4084.97	4081.63	-1	0.77223	3
1781154002	XAUUSD	M5	4077.83	4082.73	4083.20	4075.56	-1	0.24276	3
1781154302	XAUUSD	M5	4079.61	4078.00	4080.71	4075.53	1	0.63004	0
1781154602	XAUUSD	M5	4077.44	4079.49	4079.71	4076.71	-1	0.51404	3
1781154902	XAUUSD	M5	4078.64	4077.44	4081.18	4075.30	1	0.73829	0
