timestamp	symbol	timeframe	close	ssa	ema_ssa	ssa_high	ssa_low	SSA Crossing
1773802803	XAUUSD	H3	4997.77	4945.24795	4945.24795	4985.40702	4941.71351	0
1773813603	XAUUSD	H3	4987.52	4921.89462	4933.57128	4965.01761	4912.83588	1
1773824403	XAUUSD	H3	4930.17	4905.81862	4919.69495	4946.13048	4888.39004	0
1773835203	XAUUSD	H3	4869.56	4899.65700	4909.67597	4933.80547	4873.79650	0
1773846003	XAUUSD	H3	4890.22	4897.32569	4903.50083	4927.98068	4870.77345	0
1773856803	XAUUSD	H3	4818.77	4885.55019	4894.52551	4921.25128	4862.27474	0
1773867603	XAUUSD	H3	4836.88	4862.50633	4878.51592	4904.47552	4843.67133	0
1773878403	XAUUSD	H3	4858.76	4823.40211	4850.95901	4875.55571	4807.44250	0
1773889203	XAUUSD	H3	4827.59	4769.04804	4810.00353	4831.39708	4751.99307	0
1773900003	XAUUSD	H3	4708.97	4709.03535	4759.51944	4776.50254	4684.91262	0
1773910803	XAUUSD	H3	4652.42	4658.76624	4709.14284	4720.83291	4624.98787	0
1773921603	XAUUSD	H3	4602.20	4628.22264	4668.68274	4678.81409	4583.46937	0
1773932403	XAUUSD	H3	4616.14	4621.84433	4645.26354	4659.02651	4572.08466	0
1773943203	XAUUSD	H3	4651.05	4635.62881	4640.44617	4662.06636	4585.29994	0
1773954003	XAUUSD	H3	4643.76	4660.23977	4650.34297	4681.73936	4613.86814	1
1773964803	XAUUSD	H3	4697.44	4685.28766	4667.81532	4708.08417	4644.87881	0
1773975603	XAUUSD	H3	4688.47	4698.45268	4683.13400	4729.08406	4666.78642	0
1773986403	XAUUSD	H3	4693.84	4691.77501	4687.45450	4734.11923	4668.53513	0
1773997203	XAUUSD	H3	4671.78	4661.21972	4674.33711	4717.25807	4645.50344	1
1774008003	XAUUSD	H3	4564.02	4609.19182	4641.76447	4678.61597	4597.83065	0
1774018803	XAUUSD	H3	4573.49	4544.64229	4593.20338	4622.99314	4531.98933	0
1774029603	XAUUSD	H3	4497.96	4476.40497	4534.80418	4560.61541	4455.49287	0
1774213203	XAUUSD	H3	4464.67	4415.81084	4475.30751	4501.88741	4379.79696	0
1774224003	XAUUSD	H3	4360.82	4371.60074	4423.45412	4456.00612	4315.50349	0
1774234803	XAUUSD	H3	4310.09	4349.50986	4386.48199	4428.96106	4272.88489	0
1774245603	XAUUSD	H3	4251.06	4348.79547	4367.63873	4422.03206	4254.55092	0
1774256403	XAUUSD	H3	4378.88	4364.24282	4365.94078	4431.06533	4261.55820	0
1774267203	XAUUSD	H3	4461.92	4384.95114	4375.44596	4445.27750	4283.35630	1
1774278003	XAUUSD	H3	4426.30	4401.88789	4388.66693	4456.32516	4308.71583	0
1774288803	XAUUSD	H3	4406.67	4410.94140	4399.80416	4459.96614	4330.09714	0
1774299603	XAUUSD	H3	4441.22	4412.36643	4406.08529	4456.19825	4344.95925	0
1774310403	XAUUSD	H3	4366.15	4405.32837	4405.70683	4445.30642	4350.38515	1
1774321203	XAUUSD	H3	4347.21	4396.05432	4400.88058	4431.83693	4350.06948	0
1774332003	XAUUSD	H3	4412.06	4391.18772	4396.03415	4423.20652	4348.74722	0
1774342803	XAUUSD	H3	4408.20	4394.76799	4395.40107	4423.65483	4351.65565	0
1774353603	XAUUSD	H3	4415.63	4409.83618	4402.61862	4435.88653	4362.30729	1
1774364403	XAUUSD	H3	4388.64	4436.60462	4419.61162	4459.93265	4383.57762	0
1774375203	XAUUSD	H3	4474.24	4472.67495	4446.14329	4492.92265	4414.40470	0
1774386003	XAUUSD	H3	4546.83	4511.15891	4478.65110	4528.66351	4451.41407	0
1774396803	XAUUSD	H3	4583.92	4544.86304	4511.75707	4560.28292	4488.20192	0
1774407603	XAUUSD	H3	4555.99	4568.46816	4540.11261	4582.53898	4518.36928	0
1774418403	XAUUSD	H3	4556.38	4579.95063	4560.03162	4593.85536	4537.83080	0
1774429203	XAUUSD	H3	4578.97	4578.93579	4569.48371	4594.76842	4545.55560	0
1774440003	XAUUSD	H3	4567.06	4566.65437	4568.06904	4587.03631	4541.70768	1
1774450803	XAUUSD	H3	4550.74	4546.34235	4557.20570	4573.51676	4528.46788	0
1774461603	XAUUSD	H3	4506.69	4521.88430	4539.54500	4557.17806	4508.64345	0
1774472403	XAUUSD	H3	4498.37	4497.09791	4518.32146	4539.77899	4486.03554	0
1774483203	XAUUSD	H3	4508.94	4474.08263	4496.20204	4522.69119	4462.74544	0
1774494003	XAUUSD	H3	4438.93	4453.63858	4474.92031	4505.75338	4440.17815	0
1774504803	XAUUSD	H3	4428.02	4437.49148	4456.20590	4489.18010	4420.52973	0
1774515603	XAUUSD	H3	4423.07	4425.88870	4441.04730	4474.07126	4404.94772	0
1774526403	XAUUSD	H3	4465.33	4418.25590	4429.65160	4461.09255	4393.31579	0
1774537203	XAUUSD	H3	4381.58	4413.18049	4421.41604	4450.39547	4385.52688	0
1774548003	XAUUSD	H3	4378.25	4411.95699	4416.68652	4443.07048	4382.24103	0
1774558803	XAUUSD	H3	4404.92	4414.63446	4415.66049	4441.06398	4383.67668	0
1774569603	XAUUSD	H3	4432.30	4420.49282	4418.07665	4445.02302	4388.84923	1
1774580403	XAUUSD	H3	4454.72	4428.76600	4423.42133	4454.16925	4397.69800	0
1774591203	XAUUSD	H3	4424.20	4438.30624	4430.86378	4466.37266	4408.33190	0
1774602003	XAUUSD	H3	4420.18	4449.45044	4440.15711	4480.26516	4420.01225	0
1774612803	XAUUSD	H3	4509.86	4462.19086	4451.17399	4495.43620	4432.63076	0
1774623603	XAUUSD	H3	4486.95	4474.17127	4462.67263	4509.36150	4445.50301	0
1774634403	XAUUSD	H3	4495.12	4485.37456	4474.02359	4520.56900	4456.70028	0
1774818003	XAUUSD	H3	4448.21	4495.40914	4484.71637	4529.28868	4466.36337	0
1774828803	XAUUSD	H3	4481.40	4505.15706	4494.93672	4536.22034	4475.35104	0
1774839603	XAUUSD	H3	4522.59	4513.49970	4504.21821	4541.92249	4484.16039	0
1774850403	XAUUSD	H3	4538.07	4519.71768	4511.96794	4546.23067	4491.48656	0
1774861203	XAUUSD	H3	4559.53	4523.83922	4517.90358	4549.23766	4496.72210	0
1774872003	XAUUSD	H3	4538.32	4526.45752	4522.18055	4551.10501	4500.01121	0
1774882803	XAUUSD	H3	4515.03	4529.01333	4525.59694	4552.73148	4502.42648	0
1774893603	XAUUSD	H3	4511.09	4533.18961	4529.39327	4555.61128	4504.89283	0
1774904403	XAUUSD	H3	4513.89	4540.02231	4534.70779	4561.44403	4508.86054	0
1774915203	XAUUSD	H3	4568.48	4550.17756	4542.44268	4570.98316	4515.36726	0
1774926003	XAUUSD	H3	4568.88	4562.63440	4552.53854	4582.68007	4525.42440	0
1774936803	XAUUSD	H3	4568.63	4577.16333	4564.85093	4597.11277	4538.15203	0
1774947603	XAUUSD	H3	4582.35	4593.69807	4579.27450	4614.10768	4554.10768	0
1774958403	XAUUSD	H3	4599.33	4612.08529	4595.67990	4632.94054	4573.78443	0
1774969203	XAUUSD	H3	4654.99	4632.20347	4613.94168	4652.51563	4596.48598	0
1774980003	XAUUSD	H3	4667.25	4653.18419	4633.56294	4672.14912	4621.15792	0
1774990803	XAUUSD	H3	4696.32	4674.91782	4654.24038	4691.72944	4646.08053	0
1775001603	XAUUSD	H3	4685.14	4696.65876	4675.44957	4711.31015	4670.16797	0
1775012403	XAUUSD	H3	4684.58	4717.77361	4696.61159	4730.53987	4691.96072	0
1775023203	XAUUSD	H3	4728.68	4736.51265	4716.56212	4749.10873	4710.11512	0
1775034003	XAUUSD	H3	4752.57	4750.03061	4733.29637	4764.97419	4722.66757	0
1775044803	XAUUSD	H3	4760.79	4756.11198	4744.70417	4776.27894	4727.59785	0
1775055603	XAUUSD	H3	4774.29	4753.42491	4749.06454	4781.35657	4723.93815	0
1775066403	XAUUSD	H3	4758.20	4741.46813	4745.26634	4778.62253	4710.77017	1
1775077203	XAUUSD	H3	4784.22	4721.81851	4733.54242	4768.00612	4689.74380	0
1775088003	XAUUSD	H3	4687.46	4696.49285	4715.01764	4750.06605	4663.09103	0
1775098803	XAUUSD	H3	4594.18	4670.95700	4692.98732	4727.14293	4636.39988	0
1775109603	XAUUSD	H3	4620.85	4650.43432	4671.71082	4704.30025	4614.40847	0
1775120403	XAUUSD	H3	4600.20	4636.51975	4654.11529	4685.28917	4600.18539	0
1775131203	XAUUSD	H3	4681.32	4630.60871	4642.36200	4672.46193	4593.73065	0
1775142003	XAUUSD	H3	4648.81	4630.70237	4636.53218	4665.56067	4595.03007	0
1775152803	XAUUSD	H3	4676.09	4636.23102	4636.38160	4664.66246	4601.65208	0
1775422803	XAUUSD	H3	4610.53	4644.75947	4640.57053	4668.66175	4611.93524	1
1775433603	XAUUSD	H3	4648.06	4655.44496	4648.00774	4675.93049	4624.72457	0
1775444403	XAUUSD	H3	4652.57	4665.53811	4656.77293	4684.11229	4638.12968	0
1775455203	XAUUSD	H3	4695.84	4673.12725	4664.95009	4690.90674	4649.63033	0
1775466003	XAUUSD	H3	4678.09	4676.17529	4670.56269	4694.26397	4657.24376	0
1775476803	XAUUSD	H3	4682.66	4674.63260	4672.59765	4693.20023	4659.10407	0
1775487603	XAUUSD	H3	4653.52	4668.89747	4670.74756	4688.04236	4655.47952	1
1775498403	XAUUSD	H3	4650.67	4660.73569	4665.74162	4680.09418	4647.44317	0
1775509203	XAUUSD	H3	4658.88	4651.97943	4658.86053	4671.30056	4636.69708	0
1775520003	XAUUSD	H3	4650.53	4644.98953	4651.92503	4664.23032	4625.41717	0
1775530803	XAUUSD	H3	4642.99	4642.66907	4647.29705	4661.77111	4617.20331	0
1775541603	XAUUSD	H3	4683.07	4647.67176	4647.48440	4666.49894	4614.91027	1
1775552403	XAUUSD	H3	4659.81	4660.53271	4654.00856	4679.42724	4620.36865	0
1775563203	XAUUSD	H3	4633.43	4681.62335	4667.81595	4700.70506	4634.66797	0
1775574003	XAUUSD	H3	4675.87	4709.87048	4688.84322	4729.40176	4657.74144	0
1775584803	XAUUSD	H3	4705.56	4741.09165	4714.96743	4762.17177	4687.06740	0
1775595603	XAUUSD	H3	4833.20	4770.26433	4742.61588	4793.96846	4718.26085	0
1775606403	XAUUSD	H3	4804.17	4790.53481	4766.57535	4817.98098	4745.73199	0
1775617203	XAUUSD	H3	4827.79	4799.50328	4783.03931	4830.27023	4764.06828	0
1775628003	XAUUSD	H3	4794.23	4796.00349	4789.52140	4829.69204	4770.90846	0
1775638803	XAUUSD	H3	4798.30	4782.45761	4785.98950	4817.41712	4766.38767	1
1775649603	XAUUSD	H3	4736.57	4762.53492	4774.26221	4797.30762	4753.09587	0
1775660403	XAUUSD	H3	4733.81	4742.09028	4758.17625	4773.97592	4735.57727	0
1775671203	XAUUSD	H3	4719.30	4725.52658	4741.85141	4752.98885	4718.02960	0
1775682003	XAUUSD	H3	4715.66	4716.34947	4729.10044	4738.47926	4704.98200	0
1775692803	XAUUSD	H3	4719.30	4715.87617	4722.48830	4732.79550	4698.77549	0
1775703603	XAUUSD	H3	4713.20	4723.11333	4722.80082	4735.83830	4700.23087	1
1775714403	XAUUSD	H3	4726.40	4735.78702	4729.29392	4745.72902	4708.26866	0
1775725203	XAUUSD	H3	4756.57	4750.26074	4739.77733	4759.02287	4720.87438	0
1775736003	XAUUSD	H3	4768.77	4762.88588	4751.33160	4772.07275	4734.78754	0
1775746803	XAUUSD	H3	4797.82	4771.23532	4761.28346	4781.97685	4747.15398	0
1775757603	XAUUSD	H3	4765.58	4774.23303	4767.75824	4787.10317	4755.66891	0
1775768403	XAUUSD	H3	4763.71	4773.02468	4770.39146	4787.63164	4759.47795	0
1775779203	XAUUSD	H3	4753.28	4769.02595	4769.70871	4785.04814	4758.77021	1
1775790003	XAUUSD	H3	4765.79	4763.74840	4766.72855	4780.80176	4754.60323	0
1775800803	XAUUSD	H3	4741.04	4757.95202	4762.34029	4776.09965	4747.51710	0
1775811603	XAUUSD	H3	4768.19	4752.59309	4757.46669	4771.60174	4738.82933	0
1775822403	XAUUSD	H3	4774.77	4747.13037	4752.29853	4767.27262	4729.16079	0
1775833203	XAUUSD	H3	4760.32	4741.11669	4746.70761	4762.29722	4718.87550	0
1775844003	XAUUSD	H3	4749.39	4734.60676	4740.65719	4756.52989	4709.02194	0
1776027603	XAUUSD	H3	4671.61	4728.09860	4734.37789	4750.29048	4700.77243	0
1776038403	XAUUSD	H3	4720.63	4723.53800	4728.95794	4744.91939	4696.81576	0
1776049203	XAUUSD	H3	4729.45	4720.29594	4724.62694	4740.80271	4696.69449	0
1776060003	XAUUSD	H3	4723.50	4718.69733	4721.66214	4738.38909	4699.11437	0
1776070803	XAUUSD	H3	4706.83	4719.42644	4720.54429	4737.99579	4703.33396	0
1776081603	XAUUSD	H3	4719.08	4723.04711	4721.79570	4740.09083	4709.10745	1
1776092403	XAUUSD	H3	4729.96	4729.32316	4725.55943	4744.44172	4716.00800	0
1776103203	XAUUSD	H3	4740.28	4737.65526	4731.60734	4750.70210	4723.83786	0
1776114003	XAUUSD	H3	4757.64	4747.63276	4739.62005	4758.79999	4732.07141	0
1776124803	XAUUSD	H3	4775.32	4758.85173	4749.23589	4768.60839	4740.50701	0
1776135603	XAUUSD	H3	4760.11	4771.04652	4760.14120	4780.09450	4749.64947	0
1776146403	XAUUSD	H3	4786.45	4784.44980	4772.29550	4793.41309	4760.10708	0
1776157203	XAUUSD	H3	4774.87	4797.97489	4785.13519	4807.66449	4771.96171	0
1776168003	XAUUSD	H3	4803.70	4810.94748	4798.04134	4822.07084	4784.77566	0
1776178803	XAUUSD	H3	4835.11	4821.67053	4809.85593	4834.68442	4797.36182	0
1776189603	XAUUSD	H3	4841.72	4828.42556	4819.14075	4843.61956	4807.74630	0
1776200403	XAUUSD	H3	4837.22	4830.53238	4824.83657	4847.68825	4813.90110	0
1776211203	XAUUSD	H3	4823.98	4828.37468	4826.60562	4846.64093	4815.29138	0
1776222003	XAUUSD	H3	4819.80	4823.28105	4824.94334	4840.93041	4812.66881	1
1776232803	XAUUSD	H3	4818.56	4816.96725	4820.95529	4833.10355	4807.53158	0
1776243603	XAUUSD	H3	4812.76	4811.30657	4816.13093	4825.53690	4801.90765	0
1776254403	XAUUSD	H3	4815.39	4807.85936	4811.99515	4820.39807	4797.86188	0
1776265203	XAUUSD	H3	4792.52	4807.26907	4809.63211	4818.73747	4795.99927	0
1776276003	XAUUSD	H3	4790.77	4809.54431	4809.58821	4820.83436	4796.78783	0
1776286803	XAUUSD	H3	4823.50	4813.46379	4811.52600	4825.62859	4799.48816	1
1776297603	XAUUSD	H3	4819.78	4816.45441	4813.99020	4830.56477	4802.50949	0
1776308403	XAUUSD	H3	4821.38	4816.86498	4815.42759	4833.16154	4803.85819	0
1776319203	XAUUSD	H3	4813.77	4813.62929	4814.52844	4831.70345	4802.16295	1
1776330003	XAUUSD	H3	4822.24	4807.09684	4810.81264	4825.88914	4797.42756	0
1776340803	XAUUSD	H3	4788.70	4798.53619	4804.67441	4816.98858	4790.52680	0
1776351603	XAUUSD	H3	4789.22	4790.88985	4797.78213	4807.31846	4783.78916	0
1776362403	XAUUSD	H3	4790.84	4786.61006	4792.19610	4799.99807	4779.09149	0
1776373203	XAUUSD	H3	4792.13	4787.05684	4789.62647	4797.65459	4777.69331	0
1776384003	XAUUSD	H3	4784.81	4792.40504	4791.01576	4801.42551	4779.84453	1
1776394803	XAUUSD	H3	4794.41	4801.65064	4796.33320	4810.63575	4785.31363	0
1776405603	XAUUSD	H3	4796.09	4812.42335	4804.37828	4823.13968	4792.11215	0
1776416403	XAUUSD	H3	4799.19	4822.01198	4813.19513	4836.02693	4798.22477	0
1776427203	XAUUSD	H3	4873.15	4827.88611	4820.54062	4845.92236	4801.55530	0
1776438003	XAUUSD	H3	4862.60	4827.25315	4823.89688	4849.02295	4800.53621	0
1776448803	XAUUSD	H3	4833.02	4820.62612	4822.26150	4844.87336	4794.20899	1
1776632403	XAUUSD	H3	4755.07	4810.56074	4816.41112	4834.99878	4784.79527	0
1776643203	XAUUSD	H3	4797.41	4801.58930	4809.00021	4823.56657	4777.05249	0
1776654003	XAUUSD	H3	4790.87	4795.55059	4802.27540	4813.38999	4773.39278	0
1776664803	XAUUSD	H3	4796.19	4794.27337	4798.27438	4807.44186	4774.64949	0
1776675603	XAUUSD	H3	4810.44	4797.78925	4798.03182	4806.77859	4780.79767	0
1776686403	XAUUSD	H3	4805.31	4804.32603	4801.17892	4810.88140	4790.28472	1
1776697203	XAUUSD	H3	4806.62	4811.38596	4806.28244	4817.42960	4800.07622	0
1776708003	XAUUSD	H3	4820.81	4815.97405	4811.12825	4823.82182	4806.95212	0
1776718803	XAUUSD	H3	4821.76	4815.34326	4813.23575	4826.89725	4807.90189	0
1776729603	XAUUSD	H3	4806.90	4808.31921	4810.77748	4824.48593	4801.10378	1
1776740403	XAUUSD	H3	4784.33	4795.68014	4803.22881	4816.04884	4787.14936	0
1776751203	XAUUSD	H3	4786.04	4779.80253	4791.51567	4803.03637	4768.39963	0
1776762003	XAUUSD	H3	4794.61	4763.24181	4777.37874	4787.79735	4748.02938	0
1776772803	XAUUSD	H3	4738.97	4748.70951	4763.04413	4772.86143	4729.35494	0
1776783603	XAUUSD	H3	4711.38	4739.43078	4751.23745	4760.66740	4716.40665	0
1776794403	XAUUSD	H3	4720.16	4736.54890	4743.89318	4753.39152	4711.29623	0
1776805203	XAUUSD	H3	4737.96	4739.02089	4741.45703	4751.78434	4714.23717	0
1776816003	XAUUSD	H3	4755.81	4744.30589	4742.88146	4754.19749	4722.14715	1
1776826803	XAUUSD	H3	4767.64	4749.45897	4746.17022	4758.16900	4731.53456	0
1776837603	XAUUSD	H3	4757.14	4751.97987	4749.07504	4761.25472	4738.98039	0
1776848403	XAUUSD	H3	4750.31	4750.95110	4750.01307	4761.84269	4742.36154	0
1776859203	XAUUSD	H3	4736.03	4746.48434	4748.24871	4759.54524	4740.89793	1
1776870003	XAUUSD	H3	4737.15	4739.66667	4743.95769	4754.80472	4735.19128	0
1776880803	XAUUSD	H3	4740.38	4731.91137	4737.93453	4748.96910	4726.62452	0
1776891603	XAUUSD	H3	4727.72	4724.42698	4731.18076	4742.98917	4716.68923	0
1776902403	XAUUSD	H3	4699.23	4718.26353	4724.72214	4737.75832	4706.93731	0
1776913203	XAUUSD	H3	4713.60	4714.25373	4719.48794	4733.51862	4698.93893	0
1776924003	XAUUSD	H3	4703.28	4711.74320	4715.61557	4730.77023	4693.14818	0
1776934803	XAUUSD	H3	4720.71	4709.93533	4712.77545	4728.49052	4689.08679	0
1776945603	XAUUSD	H3	4733.72	4707.67379	4710.22462	4725.99589	4686.23814	0
1776956403	XAUUSD	H3	4709.41	4704.40807	4707.31634	4722.40482	4683.35473	0
1776967203	XAUUSD	H3	4694.41	4700.98348	4704.14991	4718.00623	4681.28896	0
1776978003	XAUUSD	H3	4695.41	4698.18614	4701.16802	4713.72640	4679.54444	0
1776988803	XAUUSD	H3	4676.83	4696.60035	4698.88419	4710.78544	4678.11784	0
1776999603	XAUUSD	H3	4686.43	4696.95425	4697.91922	4709.70422	4677.58749	0
1777010403	XAUUSD	H3	4690.84	4698.93765	4698.42844	4711.14056	4678.43525	1
1777021203	XAUUSD	H3	4706.76	4702.00611	4700.21727	4714.45320	4680.43324	0
1777032003	XAUUSD	H3	4726.41	4705.12480	4702.67104	4718.43165	4683.26539	0
1777042803	XAUUSD	H3	4723.38	4707.10973	4704.89038	4721.42957	4686.32550	0
1777053603	XAUUSD	H3	4708.24	4707.70364	4706.29701	4722.75692	4688.79661	0
1777237203	XAUUSD	H3	4680.04	4707.42667	4706.86184	4722.32974	4690.95601	0
1777248003	XAUUSD	H3	4718.18	4707.19063	4707.02624	4720.97408	4693.49618	0
1777258803	XAUUSD	H3	4710.13	4706.32502	4706.67563	4718.72277	4696.15861	1
1777269603	XAUUSD	H3	4706.71	4704.77519	4705.72541	4715.84225	4697.45255	0
1777280403	XAUUSD	H3	4704.89	4702.21998	4703.97269	4712.69893	4696.64264	0
1777291203	XAUUSD	H3	4678.21	4697.92342	4700.94806	4709.21209	4692.92986	0
1777302003	XAUUSD	H3	4682.10	4691.43316	4696.19061	4704.66988	4685.98915	0
1777312803	XAUUSD	H3	4681.84	4681.72351	4688.95706	4698.52763	4675.32201	0
1777323603	XAUUSD	H3	4691.85	4668.30015	4678.62860	4689.65240	4660.61592	0
1777334403	XAUUSD	H3	4669.14	4651.51989	4665.07424	4677.44477	4642.39559	0
1777345203	XAUUSD	H3	4632.23	4633.32022	4649.19723	4662.28575	4622.57693	0
1777356003	XAUUSD	H3	4629.62	4616.32601	4632.76162	4645.95577	4604.04890	0
1777366803	XAUUSD	H3	4562.88	4602.36452	4617.56307	4630.77119	4588.94424	0
1777377603	XAUUSD	H3	4574.60	4593.69674	4605.62991	4618.43786	4579.50238	0
1777388403	XAUUSD	H3	4594.77	4589.81807	4597.72399	4610.13819	4575.54656	0
1777399203	XAUUSD	H3	4597.18	4588.82586	4593.27492	4605.39021	4575.32481	0
1777410003	XAUUSD	H3	4595.51	4588.46320	4590.86906	4602.73403	4575.85941	0
1777420803	XAUUSD	H3	4593.75	4586.57090	4588.71998	4600.33630	4574.73888	0
1777431603	XAUUSD	H3	4590.90	4581.65728	4585.18863	4596.33423	4570.28009	0
1777442403	XAUUSD	H3	4573.20	4573.42270	4579.30567	4589.88300	4561.53695	0
1777453203	XAUUSD	H3	4561.87	4563.23204	4571.26885	4581.37097	4550.01435	0
1777464003	XAUUSD	H3	4539.25	4553.57631	4562.42258	4572.63687	4538.11330	0
1777474803	XAUUSD	H3	4547.33	4547.54870	4554.98564	4566.16429	4529.41572	0
1777485603	XAUUSD	H3	4543.57	4547.20868	4551.09716	4564.26356	4525.99114	0
1777496403	XAUUSD	H3	4561.66	4553.68508	4552.39112	4568.47400	4529.87642	1
1777507203	XAUUSD	H3	4565.02	4566.20532	4559.29822	4578.79722	4540.83540	0
1777518003	XAUUSD	H3	4562.71	4582.82067	4571.05944	4593.53887	4557.13129	0
1777528803	XAUUSD	H3	4616.00	4600.55133	4585.80539	4610.38235	4576.42677	0
1777539603	XAUUSD	H3	4630.21	4615.07958	4600.44249	4625.16453	4594.93069	0
1777550403	XAUUSD	H3	4619.59	4623.77885	4612.11067	4635.15255	4608.37066	0
1777561203	XAUUSD	H3	4616.86	4626.02940	4619.07004	4639.20322	4615.08433	0
1777572003	XAUUSD	H3	4621.81	4622.78802	4620.92903	4638.12837	4615.08736	0
1777582803	XAUUSD	H3	4626.71	4615.94639	4618.43771	4633.53119	4609.76130	1
1777593603	XAUUSD	H3	4619.15	4608.21041	4613.32406	4627.68085	4601.38248	0
1777604403	XAUUSD	H3	4605.03	4602.31775	4607.82091	4622.94296	4593.12162	0
1777615203	XAUUSD	H3	4568.51	4600.21986	4604.02038	4621.08742	4587.63108	0
1777626003	XAUUSD	H3	4578.84	4602.88379	4603.45208	4622.96293	4586.90011	0
1777636803	XAUUSD	H3	4632.21	4608.71914	4606.08561	4628.17721	4590.51077	1
1777647603	XAUUSD	H3	4629.43	4614.09946	4610.09254	4632.98219	4596.09814	0
1777658403	XAUUSD	H3	4613.98	4616.38104	4613.23679	4635.14710	4599.91863	0
1777842003	XAUUSD	H3	4613.86	4613.88910	4613.56294	4633.07262	4599.69367	0
1777852803	XAUUSD	H3	4605.77	4605.99294	4609.77794	4625.86205	4593.93351	1
1777863603	XAUUSD	H3	4599.12	4593.39339	4601.58567	4614.16466	4582.87142	0
1777874403	XAUUSD	H3	4577.11	4577.92250	4589.75408	4599.35027	4567.70658	0
1777885203	XAUUSD	H3	4559.94	4562.10736	4575.93072	4583.61185	4550.85394	0
1777896003	XAUUSD	H3	4561.26	4548.26154	4562.09613	4569.09047	4535.47677	0
1777906803	XAUUSD	H3	4522.35	4537.84107	4549.96860	4557.15544	4522.94224	0
1777917603	XAUUSD	H3	4523.84	4532.20981	4541.08920	4548.80397	4515.42271	0
1777928403	XAUUSD	H3	4519.04	4531.08836	4536.08878	4544.68187	4512.97295	0
1777939203	XAUUSD	H3	4539.17	4533.75798	4534.92338	4544.35973	4514.76437	0
1777950003	XAUUSD	H3	4545.73	4538.95477	4536.93907	4546.79088	4519.78028	1
1777960803	XAUUSD	H3	4558.34	4546.04357	4541.49132	4551.66192	4526.73546	0
1777971603	XAUUSD	H3	4562.60	4554.76639	4548.12886	4558.99047	4534.90868	0
1777982403	XAUUSD	H3	4582.46	4565.44006	4556.78446	4569.20770	4544.09031	0
1777993203	XAUUSD	H3	4559.93	4578.18319	4567.48383	4582.47718	4554.49508	0
1778004003	XAUUSD	H3	4557.58	4593.78274	4580.63329	4599.11572	4566.83718	0
1778014803	XAUUSD	H3	4593.92	4612.11034	4596.37181	4618.97485	4581.77872	0
1778025603	XAUUSD	H3	4640.94	4630.57391	4613.47286	4639.25850	4598.46369	0
1778036403	XAUUSD	H3	4663.20	4649.33993	4631.40640	4659.72687	4617.30739	0
1778047203	XAUUSD	H3	4700.09	4666.94750	4649.17695	4678.59948	4636.76743	0
1778058003	XAUUSD	H3	4692.11	4681.95681	4665.56688	4694.29196	4655.31368	0
1778068803	XAUUSD	H3	4703.14	4693.72847	4679.64767	4706.00417	4671.29188	0
1778079603	XAUUSD	H3	4684.13	4701.99808	4690.82288	4713.85935	4683.92515	0
1778090403	XAUUSD	H3	4690.95	4707.34959	4699.08623	4718.70914	4692.55885	0
1778101203	XAUUSD	H3	4699.00	4710.58170	4704.83396	4721.78838	4697.35753	0
1778112003	XAUUSD	H3	4707.22	4712.72954	4708.78175	4724.42441	4699.10766	0
1778122803	XAUUSD	H3	4701.22	4714.82183	4711.80179	4727.49062	4699.18079	0
1778133603	XAUUSD	H3	4731.02	4717.52780	4714.66480	4731.72225	4698.77332	0
1778144403	XAUUSD	H3	4742.80	4720.35956	4717.51218	4736.17792	4698.70131	0
1778155203	XAUUSD	H3	4762.74	4722.71050	4720.11134	4740.26516	4698.93175	0
1778166003	XAUUSD	H3	4711.45	4723.68127	4721.89631	4742.78495	4699.33336	0
1778176803	XAUUSD	H3	4687.24	4723.46213	4722.67922	4742.85773	4700.17661	0
1778187603	XAUUSD	H3	4704.54	4722.22030	4722.44976	4740.85832	4701.06391	1
1778198403	XAUUSD	H3	4713.68	4719.79209	4721.12093	4737.28778	4701.62909	0
1778209203	XAUUSD	H3	4727.43	4716.42156	4718.77124	4732.41504	4701.34203	0
1778220003	XAUUSD	H3	4715.70	4712.41733	4715.59429	4727.19747	4699.99151	0
1778230803	XAUUSD	H3	4717.80	4708.48534	4712.03981	4722.38420	4697.67493	0
1778241603	XAUUSD	H3	4716.02	4705.10861	4708.57421	4718.73153	4694.59809	0
1778252403	XAUUSD	H3	4720.99	4702.30899	4705.44160	4715.89535	4690.97927	0
1778263203	XAUUSD	H3	4715.36	4699.63737	4702.53949	4714.16738	4686.94342	0
1778446803	XAUUSD	H3	4691.88	4696.49139	4699.51544	4712.46833	4682.12424	0
1778457603	XAUUSD	H3	4681.89	4693.09582	4696.30563	4711.08114	4677.37357	0
1778468403	XAUUSD	H3	4652.30	4689.33952	4692.82258	4709.09631	4672.98476	0
1778479203	XAUUSD	H3	4667.55	4686.87973	4689.85115	4706.90584	4669.44877	0
1778490003	XAUUSD	H3	4674.52	4685.47578	4687.66347	4705.36076	4666.50985	0
1778500803	XAUUSD	H3	4728.94	4688.52473	4688.09410	4708.85126	4665.12869	1
