Fractal_timestamp	Fractal_symbol	Fractal_timeframe	Fractal_close	Fractal_Best_FL	Fractal_UOEDT	Fractal_LOEDT
1790325300	XAUUSD	M5	4286.99			
1790325600	XAUUSD	M5	4292.25			
1790325900	XAUUSD	M5	4291.32			
1790326200	XAUUSD	M5	4292.42			
1790326500	XAUUSD	M5	4293.45			
1790326800	XAUUSD	M5	4295.40			
1790327100	XAUUSD	M5	4297.45			
1790327400	XAUUSD	M5	4293.99			
1790327700	XAUUSD	M5	4293.27			
1790328000	XAUUSD	M5	4296.13			
1790328300	XAUUSD	M5	4290.54			
1790328600	XAUUSD	M5	4296.63			
1790328900	XAUUSD	M5	4293.82			
1790329200	XAUUSD	M5	4294.66			
1790329500	XAUUSD	M5	4292.60			
1790329800	XAUUSD	M5	4292.92			
1790330100	XAUUSD	M5	4295.13			
1790330400	XAUUSD	M5	4295.24			
1790330700	XAUUSD	M5	4301.52			
1790331000	XAUUSD	M5	4307.29			
1790331300	XAUUSD	M5	4305.02			
1790331600	XAUUSD	M5	4306.28			
1790331900	XAUUSD	M5	4308.28			
1790332200	XAUUSD	M5	4305.69			
1790332500	XAUUSD	M5	4303.78			
1790332800	XAUUSD	M5	4305.38			
1790333100	XAUUSD	M5	4305.45			
1790333400	XAUUSD	M5	4309.06			
1790333700	XAUUSD	M5	4311.07			
1790334000	XAUUSD	M5	4310.34			
1790334300	XAUUSD	M5	4314.29			
1790334600	XAUUSD	M5	4312.51	4315.73000	4345.14076	4266.39324
1790334900	XAUUSD	M5	4310.90	4315.23114	4344.64190	4265.89438
1790335200	XAUUSD	M5	4309.98	4314.73228	4344.14303	4265.39552
1790335500	XAUUSD	M5	4304.69	4314.23341	4343.64417	4264.89666
1790335800	XAUUSD	M5	4304.40	4313.73455	4343.14531	4264.39779
1790336100	XAUUSD	M5	4300.04	4313.23569	4342.64645	4263.89893
1790336400	XAUUSD	M5	4301.67	4312.73683	4342.14759	4263.40007
1790336700	XAUUSD	M5	4302.95	4312.23797	4341.64872	4262.90121
1790337000	XAUUSD	M5	4303.63	4311.73910	4341.14986	4262.40234
1790337300	XAUUSD	M5	4303.00	4311.24024	4340.65100	4261.90348
1790337600	XAUUSD	M5	4304.20	4310.74138	4340.15214	4261.40462
1790337900	XAUUSD	M5	4303.68	4310.24252	4339.65328	4260.90576
1790338200	XAUUSD	M5	4299.88	4309.74366	4339.15441	4260.40690
1790338500	XAUUSD	M5	4299.63	4309.24479	4338.65555	4259.90803
1790338800	XAUUSD	M5	4303.52	4308.74593	4338.15669	4259.40917
1790339100	XAUUSD	M5	4306.66	4308.24707	4337.65783	4258.91031
1790339400	XAUUSD	M5	4302.17	4307.74821	4337.15897	4258.41145
1790339700	XAUUSD	M5	4302.35	4307.24934	4336.66010	4257.91259
1790340000	XAUUSD	M5	4301.70	4306.75048	4336.16124	4257.41372
1790340300	XAUUSD	M5	4301.86	4306.25162	4335.66238	4256.91486
1790340600	XAUUSD	M5	4299.23	4305.75276	4335.16352	4256.41600
1790340900	XAUUSD	M5	4298.13	4305.25390	4334.66466	4255.91714
1790341200	XAUUSD	M5	4291.67	4304.75503	4334.16579	4255.41828
1790341500	XAUUSD	M5	4297.75	4304.25617	4333.66693	4254.91941
1790341800	XAUUSD	M5	4292.77	4303.75731	4333.16807	4254.42055
1790342100	XAUUSD	M5	4290.35	4303.25845	4332.66921	4253.92169
1790342400	XAUUSD	M5	4285.82	4302.75959	4332.17034	4253.42283
1790342700	XAUUSD	M5	4278.22	4302.26072	4331.67148	4252.92397
1790343000	XAUUSD	M5	4280.05	4301.76186	4331.17262	4252.42510
1790343300	XAUUSD	M5	4281.11	4301.26300	4330.67376	4251.92624
1790343600	XAUUSD	M5	4278.93	4300.76414	4330.17490	4251.42738
1790343900	XAUUSD	M5	4278.10	4300.26528	4329.67603	4250.92852
1790344200	XAUUSD	M5	4280.53	4299.76641	4329.17717	4250.42966
1790344500	XAUUSD	M5	4275.61	4299.26755	4328.67831	4249.93079
1790344800	XAUUSD	M5	4258.47	4298.76869	4328.17945	4249.43193
1790345100	XAUUSD	M5	4266.32	4298.26983	4327.68059	4248.93307
1790345400	XAUUSD	M5	4267.51	4297.77097	4327.18172	4248.43421
1790345700	XAUUSD	M5	4266.09	4297.27210	4326.68286	4247.93534
1790346000	XAUUSD	M5	4268.36	4296.77324	4326.18400	4247.43648
1790346300	XAUUSD	M5	4265.99	4296.27438	4325.68514	4246.93762
1790346600	XAUUSD	M5	4264.98	4295.77552	4325.18628	4246.43876
1790346900	XAUUSD	M5	4271.78	4295.27666	4324.68741	4245.93990
1790347200	XAUUSD	M5	4273.19	4294.77779	4324.18855	4245.44103
1790347500	XAUUSD	M5	4277.90	4294.27893	4323.68969	4244.94217
1790347800	XAUUSD	M5	4277.10	4293.78007	4323.19083	4244.44331
1790348100	XAUUSD	M5	4279.08	4293.28121	4322.69197	4243.94445
1790348400	XAUUSD	M5	4281.98	4292.78234	4322.19310	4243.44559
1790348700	XAUUSD	M5	4275.67	4292.28348	4321.69424	4242.94672
1790349000	XAUUSD	M5	4280.10	4291.78462	4321.19538	4242.44786
1790349300	XAUUSD	M5	4274.98	4291.28576	4320.69652	4241.94900
1790349600	XAUUSD	M5	4275.96	4290.78690	4320.19766	4241.45014
1790349900	XAUUSD	M5	4279.74	4290.28803	4319.69879	4240.95128
1790350200	XAUUSD	M5	4282.80	4289.78917	4319.19993	4240.45241
1790350500	XAUUSD	M5	4276.48	4289.29031	4318.70107	4239.95355
1790350800	XAUUSD	M5	4275.01	4288.79145	4318.20221	4239.45469
1790351100	XAUUSD	M5	4271.62	4288.29259	4317.70334	4238.95583
1790351400	XAUUSD	M5	4277.52	4287.79372	4317.20448	4238.45697
1790351700	XAUUSD	M5	4290.71	4287.29486	4316.70562	4237.95810
1790352000	XAUUSD	M5	4294.65	4286.79600	4316.20676	4237.45924
1790352300	XAUUSD	M5	4293.77	4286.29714	4315.70790	4236.96038
1790352600	XAUUSD	M5	4290.48	4285.79828	4315.20903	4236.46152
1790352900	XAUUSD	M5	4288.74	4285.29941	4314.71017	4235.96266
1790353200	XAUUSD	M5	4288.22	4284.80055	4314.21131	4235.46379
1790353500	XAUUSD	M5	4292.12	4284.30169	4313.71245	4234.96493
1790353800	XAUUSD	M5	4284.00	4283.80283	4313.21359	4234.46607
1790354100	XAUUSD	M5	4287.28	4283.30397	4312.71472	4233.96721
1790354400	XAUUSD	M5	4287.15	4282.80510	4312.21586	4233.46834
1790354700	XAUUSD	M5	4282.82	4282.30624	4311.71700	4232.96948
1790355000	XAUUSD	M5	4284.65	4281.80738	4311.21814	4232.47062
1790355300	XAUUSD	M5	4286.47	4281.30852	4310.71928	4231.97176
1790355600	XAUUSD	M5	4291.13	4280.80966	4310.22041	4231.47290
1790355900	XAUUSD	M5	4292.83	4280.31079	4309.72155	4230.97403
1790356200	XAUUSD	M5	4291.41	4279.81193	4309.22269	4230.47517
1790356500	XAUUSD	M5	4290.74	4279.31307	4308.72383	4229.97631
1790356800	XAUUSD	M5	4292.18	4278.81421	4308.22497	4229.47745
1790357100	XAUUSD	M5	4286.66	4278.31534	4307.72610	4228.97859
1790357400	XAUUSD	M5	4285.12	4277.81648	4307.22724	4228.47972
1790357700	XAUUSD	M5	4284.18	4277.31762	4306.72838	4227.98086
1790358000	XAUUSD	M5	4285.68	4276.81876	4306.22952	4227.48200
1790358300	XAUUSD	M5	4284.23	4276.31990	4305.73066	4226.98314
1790358600	XAUUSD	M5	4283.94	4275.82103	4305.23179	4226.48428
1790358900	XAUUSD	M5	4283.19	4275.32217	4304.73293	4225.98541
1790359200	XAUUSD	M5	4283.33	4274.82331	4304.23407	4225.48655
1790359500	XAUUSD	M5	4285.50	4274.32445	4303.73521	4224.98769
1790359800	XAUUSD	M5	4284.78	4273.82559	4303.23634	4224.48883
1790360100	XAUUSD	M5	4288.47	4273.32672	4302.73748	4223.98997
1790360400	XAUUSD	M5	4288.96	4272.82786	4302.23862	4223.49110
1790360700	XAUUSD	M5	4287.52	4272.32900	4301.73976	4222.99224
1790361000	XAUUSD	M5	4292.26	4271.83014	4301.24090	4222.49338
1790361300	XAUUSD	M5	4287.74	4271.33128	4300.74203	4221.99452
1790361600	XAUUSD	M5	4291.77	4270.83241	4300.24317	4221.49566
1790361900	XAUUSD	M5	4294.78	4270.33355	4299.74431	4220.99679
1790362200	XAUUSD	M5	4294.68	4269.83469	4299.24545	4220.49793
1790362500	XAUUSD	M5	4294.88	4269.33583	4298.74659	4219.99907
1790362800	XAUUSD	M5	4289.76	4268.83697	4298.24772	4219.50021
1790363100	XAUUSD	M5	4293.86	4268.33810	4297.74886	4219.00134
1790363400	XAUUSD	M5	4296.77	4267.83924	4297.25000	4218.50248
1790363700	XAUUSD	M5	4292.87	4267.34038	4296.75114	4218.00362
1790364000	XAUUSD	M5	4290.08	4266.84152	4296.25228	4217.50476
1790364300	XAUUSD	M5	4289.00	4266.34266	4295.75341	4217.00590
1790364600	XAUUSD	M5	4288.78	4265.84379	4295.25455	4216.50703
1790364900	XAUUSD	M5	4293.30	4265.34493	4294.75569	4216.00817
1790365200	XAUUSD	M5	4292.38	4264.84607	4294.25683	4215.50931
1790365500	XAUUSD	M5	4292.90	4264.34721	4293.75797	4215.01045
1790365800	XAUUSD	M5	4290.93	4263.84834	4293.25910	4214.51159
1790366100	XAUUSD	M5	4291.36	4263.34948	4292.76024	4214.01272
1790366400	XAUUSD	M5	4291.32	4262.85062	4292.26138	4213.51386
1790366700	XAUUSD	M5	4291.55	4262.35176	4291.76252	4213.01500
1790367000	XAUUSD	M5	4290.72	4261.85290	4291.26366	4212.51614
1790367300	XAUUSD	M5	4289.97	4261.35403	4290.76479	4212.01728
1790367600	XAUUSD	M5	4288.57	4260.85517	4290.26593	4211.51841
1790367900	XAUUSD	M5	4287.39	4260.35631	4289.76707	4211.01955
1790368200	XAUUSD	M5	4286.27	4259.85745	4289.26821	4210.52069
1790368500	XAUUSD	M5	4285.78	4259.35859	4288.76934	4210.02183
1790368800	XAUUSD	M5	4284.81	4258.85972	4288.27048	4209.52297
1790369100	XAUUSD	M5	4285.16	4258.36086	4287.77162	4209.02410
1790369400	XAUUSD	M5	4285.10	4257.86200	4287.27276	4208.52524
1790369700	XAUUSD	M5	4285.96	4257.36314	4286.77390	4208.02638
1790546400	XAUUSD	M5	4272.70	4256.86428	4286.27503	4207.52752
1790546700	XAUUSD	M5	4273.68	4256.36541	4285.77617	4207.02866
1790547000	XAUUSD	M5	4266.18	4255.86655	4285.27731	4206.52979
1790547300	XAUUSD	M5	4268.21	4255.36769	4284.77845	4206.03093
1790547600	XAUUSD	M5	4268.58	4254.86883	4284.27959	4205.53207
1790547900	XAUUSD	M5	4268.66	4254.36997	4283.78072	4205.03321
1790548200	XAUUSD	M5	4263.19	4253.87110	4283.28186	4204.53434
1790548500	XAUUSD	M5	4263.09	4253.37224	4282.78300	4204.03548
1790548800	XAUUSD	M5	4261.58	4252.87338	4282.28414	4203.53662
1790549100	XAUUSD	M5	4259.37	4252.37452	4281.78528	4203.03776
1790549400	XAUUSD	M5	4258.85	4251.87566	4281.28641	4202.53890
1790549700	XAUUSD	M5	4260.09	4251.37679	4280.78755	4202.04003
1790550000	XAUUSD	M5	4264.72	4250.87793	4280.28869	4201.54117
1790550300	XAUUSD	M5	4264.96	4250.37907	4279.78983	4201.04231
1790550600	XAUUSD	M5	4264.92	4249.88021	4279.29097	4200.54345
1790550900	XAUUSD	M5	4264.55	4249.38134	4278.79210	4200.04459
1790551200	XAUUSD	M5	4265.28	4248.88248	4278.29324	4199.54572
1790551500	XAUUSD	M5	4263.33	4248.38362	4277.79438	4199.04686
1790551800	XAUUSD	M5	4261.07	4247.88476	4277.29552	4198.54800
1790552100	XAUUSD	M5	4260.32	4247.38590	4276.79666	4198.04914
1790552400	XAUUSD	M5	4260.36	4246.88703	4276.29779	4197.55028
1790552700	XAUUSD	M5	4261.89	4246.38817	4275.79893	4197.05141
1790553000	XAUUSD	M5	4260.58	4245.88931	4275.30007	4196.55255
1790553300	XAUUSD	M5	4260.45	4245.39045	4274.80121	4196.05369
1790553600	XAUUSD	M5	4258.19	4244.89159	4274.30234	4195.55483
1790553900	XAUUSD	M5	4255.49	4244.39272	4273.80348	4195.05597
1790554200	XAUUSD	M5	4256.26	4243.89386	4273.30462	4194.55710
1790554500	XAUUSD	M5	4255.21	4243.39500	4272.80576	4194.05824
1790554800	XAUUSD	M5	4253.07	4242.89614	4272.30690	4193.55938
1790555100	XAUUSD	M5	4249.91	4242.39728	4271.80803	4193.06052
1790555400	XAUUSD	M5	4235.79	4241.89841	4271.30917	4192.56166
1790555700	XAUUSD	M5	4236.69	4241.39955	4270.81031	4192.06279
1790556000	XAUUSD	M5	4236.97	4240.90069	4270.31145	4191.56393
1790556300	XAUUSD	M5	4234.54	4240.40183	4269.81259	4191.06507
1790556600	XAUUSD	M5	4230.36	4239.90297	4269.31372	4190.56621
1790556900	XAUUSD	M5	4230.95	4239.40410	4268.81486	4190.06734
1790557200	XAUUSD	M5	4227.10	4238.90524	4268.31600	4189.56848
1790557500	XAUUSD	M5	4223.98	4238.40638	4267.81714	4189.06962
1790557800	XAUUSD	M5	4220.77	4237.90752	4267.31828	4188.57076
1790558100	XAUUSD	M5	4220.15	4237.40866	4266.81941	4188.07190
1790558400	XAUUSD	M5	4220.41	4236.90979	4266.32055	4187.57303
1790558700	XAUUSD	M5	4220.60	4236.41093	4265.82169	4187.07417
1790559000	XAUUSD	M5	4219.05	4235.91207	4265.32283	4186.57531
1790559300	XAUUSD	M5	4210.10	4235.41321	4264.82397	4186.07645
1790559600	XAUUSD	M5	4209.67	4234.91434	4264.32510	4185.57759
1790559900	XAUUSD	M5	4211.08	4234.41548	4263.82624	4185.07872
1790560200	XAUUSD	M5	4211.36	4233.91662	4263.32738	4184.57986
1790560500	XAUUSD	M5	4216.10	4233.41776	4262.82852	4184.08100
1790560800	XAUUSD	M5	4214.09	4232.91890	4262.32966	4183.58214
1790561100	XAUUSD	M5	4214.58	4232.42003	4261.83079	4183.08328
1790561400	XAUUSD	M5	4215.85	4231.92117	4261.33193	4182.58441
1790561700	XAUUSD	M5	4216.55	4231.42231	4260.83307	4182.08555
1790562000	XAUUSD	M5	4215.96	4230.92345	4260.33421	4181.58669
1790562300	XAUUSD	M5	4215.01	4230.42459	4259.83534	4181.08783
1790562600	XAUUSD	M5	4209.01	4229.92572	4259.33648	4180.58897
1790562900	XAUUSD	M5	4206.28	4229.42686	4258.83762	4180.09010
1790563200	XAUUSD	M5	4207.12	4228.92800	4258.33876	4179.59124
1790563500	XAUUSD	M5	4204.15	4228.42914	4257.83990	4179.09238
1790563800	XAUUSD	M5	4201.53	4227.93028	4257.34103	4178.59352
1790564100	XAUUSD	M5	4196.75	4227.43141	4256.84217	4178.09466
1790564400	XAUUSD	M5	4199.24	4226.93255	4256.34331	4177.59579
1790564700	XAUUSD	M5	4202.38	4226.43369	4255.84445	4177.09693
1790565000	XAUUSD	M5	4200.30	4225.93483	4255.34559	4176.59807
1790565300	XAUUSD	M5	4198.70	4225.43597	4254.84672	4176.09921
1790565600	XAUUSD	M5	4195.47	4224.93710	4254.34786	4175.60034
1790565900	XAUUSD	M5	4196.05	4224.43824	4253.84900	4175.10148
1790566200	XAUUSD	M5	4192.45	4223.93938	4253.35014	4174.60262
1790566500	XAUUSD	M5	4195.16	4223.44052	4252.85128	4174.10376
1790566800	XAUUSD	M5	4193.15	4222.94166	4252.35241	4173.60490
1790567100	XAUUSD	M5	4195.96	4222.44279	4251.85355	4173.10603
1790567400	XAUUSD	M5	4199.11	4221.94393	4251.35469	4172.60717
1790567700	XAUUSD	M5	4196.84	4221.44507	4250.85583	4172.10831
1790568000	XAUUSD	M5	4196.03	4220.94621	4250.35697	4171.60945
1790568300	XAUUSD	M5	4198.28	4220.44734	4249.85810	4171.11059
1790568600	XAUUSD	M5	4199.43	4219.94848	4249.35924	4170.61172
1790568900	XAUUSD	M5	4197.06	4219.44962	4248.86038	4170.11286
1790569200	XAUUSD	M5	4196.83	4218.95076	4248.36152	4169.61400
1790569500	XAUUSD	M5	4199.61	4218.45190	4247.86266	4169.11514
1790569800	XAUUSD	M5	4196.39	4217.95303	4247.36379	4168.61628
1790570100	XAUUSD	M5	4196.17	4217.45417	4246.86493	4168.11741
1790570400	XAUUSD	M5	4198.20	4216.95531	4246.36607	4167.61855
1790570700	XAUUSD	M5	4197.24	4216.45645	4245.86721	4167.11969
1790571000	XAUUSD	M5	4196.06	4215.95759	4245.36834	4166.62083
1790571300	XAUUSD	M5	4194.67	4215.45872	4244.86948	4166.12197
1790571600	XAUUSD	M5	4195.40	4214.95986	4244.37062	4165.62310
1790571900	XAUUSD	M5	4192.46	4214.46100	4243.87176	4165.12424
1790572200	XAUUSD	M5	4192.54	4213.96214	4243.37290	4164.62538
1790572500	XAUUSD	M5	4189.55	4213.46328	4242.87403	4164.12652
1790572800	XAUUSD	M5	4187.20	4212.96441	4242.37517	4163.62766
1790573100	XAUUSD	M5	4190.52	4212.46555	4241.87631	4163.12879
1790573400	XAUUSD	M5	4184.03	4211.96669	4241.37745	4162.62993
1790573700	XAUUSD	M5	4181.47	4211.46783	4240.87859	4162.13107
1790574000	XAUUSD	M5	4183.42	4210.96897	4240.37972	4161.63221
1790574300	XAUUSD	M5	4180.61	4210.47010	4239.88086	4161.13334
1790574600	XAUUSD	M5	4182.82	4209.97124	4239.38200	4160.63448
1790574900	XAUUSD	M5	4179.37	4209.47238	4238.88314	4160.13562
1790575200	XAUUSD	M5	4176.12	4208.97352	4238.38428	4159.63676
1790575500	XAUUSD	M5	4179.18	4208.47466	4237.88541	4159.13790
1790575800	XAUUSD	M5	4178.85	4207.97579	4237.38655	4158.63903
1790576100	XAUUSD	M5	4174.44	4207.47693	4236.88769	4158.14017
1790576400	XAUUSD	M5	4173.42	4206.97807	4236.38883	4157.64131
1790576700	XAUUSD	M5	4169.92	4206.47921	4235.88997	4157.14245
1790577000	XAUUSD	M5	4175.10	4205.98034	4235.39110	4156.64359
1790577300	XAUUSD	M5	4176.81	4205.48148	4234.89224	4156.14472
1790577600	XAUUSD	M5	4171.83	4204.98262	4234.39338	4155.64586
1790577900	XAUUSD	M5	4175.81	4204.48376	4233.89452	4155.14700
1790578200	XAUUSD	M5	4167.34	4203.98490	4233.39566	4154.64814
1790578500	XAUUSD	M5	4164.17	4203.48603	4232.89679	4154.14928
1790578800	XAUUSD	M5	4165.51	4202.98717	4232.39793	4153.65041
1790579100	XAUUSD	M5	4165.16	4202.48831	4231.89907	4153.15155
1790579400	XAUUSD	M5	4161.08	4201.98945	4231.40021	4152.65269
1790579700	XAUUSD	M5	4162.59	4201.49059	4230.90134	4152.15383
1790580000	XAUUSD	M5	4159.76	4200.99172	4230.40248	4151.65497
1790580300	XAUUSD	M5	4158.22	4200.49286	4229.90362	4151.15610
1790580600	XAUUSD	M5	4158.50	4199.99400	4229.40476	4150.65724
1790580900	XAUUSD	M5	4154.35	4199.49514	4228.90590	4150.15838
1790581200	XAUUSD	M5	4153.86	4198.99628	4228.40703	4149.65952
1790581500	XAUUSD	M5	4155.76	4198.49741	4227.90817	4149.16066
1790581800	XAUUSD	M5	4156.84	4197.99855	4227.40931	4148.66179
1790582100	XAUUSD	M5	4155.57	4197.49969	4226.91045	4148.16293
1790582400	XAUUSD	M5	4158.41	4197.00083	4226.41159	4147.66407
1790582700	XAUUSD	M5	4156.70	4196.50197	4225.91272	4147.16521
1790583000	XAUUSD	M5	4156.80	4196.00310	4225.41386	4146.66634
1790583300	XAUUSD	M5	4151.79	4195.50424	4224.91500	4146.16748
1790583600	XAUUSD	M5	4148.50	4195.00538	4224.41614	4145.66862
1790583900	XAUUSD	M5	4144.98	4194.50652	4223.91728	4145.16976
1790584200	XAUUSD	M5	4148.53	4194.00766	4223.41841	4144.67090
1790584500	XAUUSD	M5	4144.58	4193.50879	4222.91955	4144.17203
1790584800	XAUUSD	M5	4149.28	4193.00993	4222.42069	4143.67317
1790585100	XAUUSD	M5	4149.44	4192.51107	4221.92183	4143.17431
1790585400	XAUUSD	M5	4146.81	4192.01221	4221.42297	4142.67545
1790585700	XAUUSD	M5	4144.46	4191.51334	4220.92410	4142.17659
1790586000	XAUUSD	M5	4141.20	4191.01448	4220.42524	4141.67772
1790586300	XAUUSD	M5	4141.22	4190.51562	4219.92638	4141.17886
1790586600	XAUUSD	M5	4144.44	4190.01676	4219.42752	4140.68000
1790586900	XAUUSD	M5	4144.95	4189.51790	4218.92866	4140.18114
1790587200	XAUUSD	M5	4147.55	4189.01903	4218.42979	4139.68228
1790587500	XAUUSD	M5	4146.47	4188.52017	4217.93093	4139.18341
1790587800	XAUUSD	M5	4142.63	4188.02131	4217.43207	4138.68455
1790588100	XAUUSD	M5	4145.24	4187.52245	4216.93321	4138.18569
1790588400	XAUUSD	M5	4149.90	4187.02359	4216.43434	4137.68683
1790588700	XAUUSD	M5	4154.11	4186.52472	4215.93548	4137.18797
1790589000	XAUUSD	M5	4157.47	4186.02586	4215.43662	4136.68910
1790589300	XAUUSD	M5	4155.84	4185.52700	4214.93776	4136.19024
1790589600	XAUUSD	M5	4158.81	4185.02814	4214.43890	4135.69138
1790589900	XAUUSD	M5	4157.02	4184.52928	4213.94003	4135.19252
1790590200	XAUUSD	M5	4155.37	4184.03041	4213.44117	4134.69366
1790590500	XAUUSD	M5	4152.44	4183.53155	4212.94231	4134.19479
1790590800	XAUUSD	M5	4154.41	4183.03269	4212.44345	4133.69593
1790591100	XAUUSD	M5	4158.45	4182.53383	4211.94459	4133.19707
1790591400	XAUUSD	M5	4156.82	4182.03497	4211.44572	4132.69821
1790591700	XAUUSD	M5	4158.00	4181.53610	4210.94686	4132.19934
1790592000	XAUUSD	M5	4155.90	4181.03724	4210.44800	4131.70048
1790592300	XAUUSD	M5	4156.22	4180.53838	4209.94914	4131.20162
1790592600	XAUUSD	M5	4157.41	4180.03952	4209.45028	4130.70276
1790592900	XAUUSD	M5	4155.44	4179.54066	4208.95141	4130.20390
1790593200	XAUUSD	M5	4150.05	4179.04179	4208.45255	4129.70503
1790593500	XAUUSD	M5	4153.54	4178.54293	4207.95369	4129.20617
1790593800	XAUUSD	M5	4150.02	4178.04407	4207.45483	4128.70731
1790594100	XAUUSD	M5	4149.99	4177.54521	4206.95597	4128.20845
1790594400	XAUUSD	M5	4152.86	4177.04634	4206.45710	4127.70959
1790594700	XAUUSD	M5	4155.58	4176.54748	4205.95824	4127.21072
1790595000	XAUUSD	M5	4152.54	4176.04862	4205.45938	4126.71186
1790595300	XAUUSD	M5	4148.73	4175.54976	4204.96052	4126.21300
1790595600	XAUUSD	M5	4151.54	4175.05090	4204.46166	4125.71414
1790595900	XAUUSD	M5	4149.98	4174.55203	4203.96279	4125.21528
1790596200	XAUUSD	M5	4148.66	4174.05317	4203.46393	4124.71641
1790596500	XAUUSD	M5	4148.78	4173.55431	4202.96507	4124.21755
1790596800	XAUUSD	M5	4156.30	4173.05545	4202.46621	4123.71869
1790597100	XAUUSD	M5	4164.75	4172.55659	4201.96734	4123.21983
1790597400	XAUUSD	M5	4165.69	4172.05772	4201.46848	4122.72097
1790597700	XAUUSD	M5	4167.42	4171.55886	4200.96962	4122.22210
1790598000	XAUUSD	M5	4160.80	4171.06000	4200.47076	4121.72324
1790598300	XAUUSD	M5	4154.14	4170.56114	4199.97190	4121.22438
1790598600	XAUUSD	M5	4152.98	4170.06228	4199.47303	4120.72552
1790598900	XAUUSD	M5	4147.80	4169.56341	4198.97417	4120.22666
1790599200	XAUUSD	M5	4145.01	4169.06455	4198.47531	4119.72779
1790599500	XAUUSD	M5	4146.74	4168.56569	4197.97645	4119.22893
1790599800	XAUUSD	M5	4151.47	4168.06683	4197.47759	4118.73007
1790600100	XAUUSD	M5	4154.24	4167.56797	4196.97872	4118.23121
1790600400	XAUUSD	M5	4149.58	4167.06910	4196.47986	4117.73234
1790600700	XAUUSD	M5	4148.70	4166.57024	4195.98100	4117.23348
1790601000	XAUUSD	M5	4147.45	4166.07138	4195.48214	4116.73462
1790601300	XAUUSD	M5	4147.28	4165.57252	4194.98328	4116.23576
1790601600	XAUUSD	M5	4146.53	4165.07366	4194.48441	4115.73690
1790601900	XAUUSD	M5	4142.22	4164.57479	4193.98555	4115.23803
1790602200	XAUUSD	M5	4137.61	4164.07593	4193.48669	4114.73917
1790602500	XAUUSD	M5	4146.57	4163.57707	4192.98783	4114.24031
1790602800	XAUUSD	M5	4150.95	4163.07821	4192.48897	4113.74145
1790603100	XAUUSD	M5	4158.18	4162.57934	4191.99010	4113.24259
1790603400	XAUUSD	M5	4157.10	4162.08048	4191.49124	4112.74372
1790603700	XAUUSD	M5	4157.02	4161.58162	4190.99238	4112.24486
1790604000	XAUUSD	M5	4144.55	4161.08276	4190.49352	4111.74600
1790604300	XAUUSD	M5	4140.28	4160.58390	4189.99466	4111.24714
1790604600	XAUUSD	M5	4138.78	4160.08503	4189.49579	4110.74828
1790604900	XAUUSD	M5	4138.97	4159.58617	4188.99693	4110.24941
1790605200	XAUUSD	M5	4143.53	4159.08731	4188.49807	4109.75055
1790605500	XAUUSD	M5	4142.59	4158.58845	4187.99921	4109.25169
1790605800	XAUUSD	M5	4136.84	4158.08959	4187.50034	4108.75283
1790606100	XAUUSD	M5	4131.86	4157.59072	4187.00148	4108.25397
1790606400	XAUUSD	M5	4123.30	4157.09186	4186.50262	4107.75510
1790606700	XAUUSD	M5	4115.69	4156.59300	4186.00376	4107.25624
1790607000	XAUUSD	M5	4116.00	4156.09414	4185.50490	4106.75738
1790607300	XAUUSD	M5	4118.24	4155.59528	4185.00603	4106.25852
1790607600	XAUUSD	M5	4122.50	4155.09641	4184.50717	4105.75966
1790607900	XAUUSD	M5	4122.14	4154.59755	4184.00831	4105.26079
1790608200	XAUUSD	M5	4120.00	4154.09869	4183.50945	4104.76193
1790608500	XAUUSD	M5	4124.94	4153.59983	4183.01059	4104.26307
1790608800	XAUUSD	M5	4122.51	4153.10097	4182.51172	4103.76421
1790609100	XAUUSD	M5	4125.14	4152.60210	4182.01286	4103.26534
1790609400	XAUUSD	M5	4122.04	4152.10324	4181.51400	4102.76648
1790609700	XAUUSD	M5	4122.30	4151.60438	4181.01514	4102.26762
1790610000	XAUUSD	M5	4119.81	4151.10552	4180.51628	4101.76876
1790610300	XAUUSD	M5	4119.27	4150.60666	4180.01741	4101.26990
1790610600	XAUUSD	M5	4120.18	4150.10779	4179.51855	4100.77103
1790610900	XAUUSD	M5	4124.07	4149.60893	4179.01969	4100.27217
1790611200	XAUUSD	M5	4122.79	4149.11007	4178.52083	4099.77331
1790611500	XAUUSD	M5	4121.96	4148.61121	4178.02197	4099.27445
1790611800	XAUUSD	M5	4117.34	4148.11234	4177.52310	4098.77559
1790612100	XAUUSD	M5	4127.77	4147.61348	4177.02424	4098.27672
1790612400	XAUUSD	M5	4134.60	4147.11462	4176.52538	4097.77786
1790612700	XAUUSD	M5	4143.16	4146.61576	4176.02652	4097.27900
1790613000	XAUUSD	M5	4135.67	4146.11690	4175.52766	4096.78014
1790613300	XAUUSD	M5	4135.66	4145.61803	4175.02879	4096.28128
1790613600	XAUUSD	M5	4131.88	4145.11917	4174.52993	4095.78241
1790613900	XAUUSD	M5	4129.41	4144.62031	4174.03107	4095.28355
1790614200	XAUUSD	M5	4132.02	4144.12145	4173.53221	4094.78469
1790614500	XAUUSD	M5	4129.70	4143.62259	4173.03334	4094.28583
1790614800	XAUUSD	M5	4127.66	4143.12372	4172.53448	4093.78697
1790615100	XAUUSD	M5	4127.27	4142.62486	4172.03562	4093.28810
1790615400	XAUUSD	M5	4141.78	4142.12600	4171.53676	4092.78924
1790615700	XAUUSD	M5	4134.04	4141.62714	4171.03790	4092.29038
1790616000	XAUUSD	M5	4136.33	4141.12828	4170.53903	4091.79152
1790616300	XAUUSD	M5	4135.40	4140.62941	4170.04017	4091.29266
1790616600	XAUUSD	M5	4136.72	4140.13055	4169.54131	4090.79379
1790616900	XAUUSD	M5	4133.89	4139.63169	4169.04245	4090.29493
1790617200	XAUUSD	M5	4137.31	4139.13283	4168.54359	4089.79607
1790617500	XAUUSD	M5	4138.81	4138.63397	4168.04472	4089.29721
1790617800	XAUUSD	M5	4138.25	4138.13510	4167.54586	4088.79834
1790618100	XAUUSD	M5	4134.51	4137.63624	4167.04700	4088.29948
1790618400	XAUUSD	M5	4136.71	4137.13738	4166.54814	4087.80062
1790618700	XAUUSD	M5	4136.32	4136.63852	4166.04928	4087.30176
1790619000	XAUUSD	M5	4135.85	4136.13966	4165.55041	4086.80290
1790619300	XAUUSD	M5	4133.98	4135.64079	4165.05155	4086.30403
1790619600	XAUUSD	M5	4134.97	4135.14193	4164.55269	4085.80517
1790619900	XAUUSD	M5	4135.04	4134.64307	4164.05383	4085.30631
1790620200	XAUUSD	M5	4132.20	4134.14421	4163.55497	4084.80745
1790620500	XAUUSD	M5	4134.36	4133.64534	4163.05610	4084.30859
1790620800	XAUUSD	M5	4138.66	4133.14648	4162.55724	4083.80972
1790621100	XAUUSD	M5	4139.10	4132.64762	4162.05838	4083.31086
1790621400	XAUUSD	M5	4140.24	4132.14876	4161.55952	4082.81200
1790621700	XAUUSD	M5	4139.17	4131.64990	4161.06066	4082.31314
1790622000	XAUUSD	M5	4135.15	4131.15103	4160.56179	4081.81428
1790622300	XAUUSD	M5	4132.02	4130.65217	4160.06293	4081.31541
1790622600	XAUUSD	M5	4132.64	4130.15331	4159.56407	4080.81655
1790622900	XAUUSD	M5	4134.89	4129.65445	4159.06521	4080.31769
1790623200	XAUUSD	M5	4132.39	4129.15559	4158.56634	4079.81883
1790623500	XAUUSD	M5	4133.70	4128.65672	4158.06748	4079.31997
1790623800	XAUUSD	M5	4131.04	4128.15786	4157.56862	4078.82110
1790624100	XAUUSD	M5	4129.10	4127.65900	4157.06976	4078.32224
1790624400	XAUUSD	M5	4129.32	4127.16014	4156.57090	4077.82338
1790624700	XAUUSD	M5	4125.74	4126.66128	4156.07203	4077.32452
1790625000	XAUUSD	M5	4123.75	4126.16241	4155.57317	4076.82566
1790625300	XAUUSD	M5	4123.15	4125.66355	4155.07431	4076.32679
1790625600	XAUUSD	M5	4121.71	4125.16469	4154.57545	4075.82793
1790625900	XAUUSD	M5	4118.08	4124.66583	4154.07659	4075.32907
1790626200	XAUUSD	M5	4121.54	4124.16697	4153.57772	4074.83021
1790626500	XAUUSD	M5	4122.44	4123.66810	4153.07886	4074.33134
1790626800	XAUUSD	M5	4120.83	4123.16924	4152.58000	4073.83248
1790627100	XAUUSD	M5	4117.69	4122.67038	4152.08114	4073.33362
1790627400	XAUUSD	M5	4115.92	4122.17152	4151.58228	4072.83476
1790627700	XAUUSD	M5	4116.43	4121.67266	4151.08341	4072.33590
1790628000	XAUUSD	M5	4113.75	4121.17379	4150.58455	4071.83703
1790628300	XAUUSD	M5	4112.56	4120.67493	4150.08569	4071.33817
1790628600	XAUUSD	M5	4114.33	4120.17607	4149.58683	4070.83931
1790628900	XAUUSD	M5	4114.89	4119.67721	4149.08797	4070.34045
1790632800	XAUUSD	M5	4121.13	4119.17834	4148.58910	4069.84159
1790633100	XAUUSD	M5	4122.75	4118.67948	4148.09024	4069.34272
1790633400	XAUUSD	M5	4122.39	4118.18062	4147.59138	4068.84386
1790633700	XAUUSD	M5	4123.06	4117.68176	4147.09252	4068.34500
1790634000	XAUUSD	M5	4125.15	4117.18290	4146.59366	4067.84614
1790634300	XAUUSD	M5	4125.43	4116.68403	4146.09479	4067.34728
1790634600	XAUUSD	M5	4122.97	4116.18517	4145.59593	4066.84841
1790634900	XAUUSD	M5	4122.18	4115.68631	4145.09707	4066.34955
1790635200	XAUUSD	M5	4123.94	4115.18745	4144.59821	4065.85069
1790635500	XAUUSD	M5	4124.19	4114.68859	4144.09934	4065.35183
1790635800	XAUUSD	M5	4121.56	4114.18972	4143.60048	4064.85297
1790636100	XAUUSD	M5	4121.55	4113.69086	4143.10162	4064.35410
1790636400	XAUUSD	M5	4121.93	4113.19200	4142.60276	4063.85524
1790636700	XAUUSD	M5	4122.76	4112.69314	4142.10390	4063.35638
1790637000	XAUUSD	M5	4125.32	4112.19428	4141.60503	4062.85752
1790637300	XAUUSD	M5	4124.47	4111.69541	4141.10617	4062.35866
