zigzag_TimeStamp	zigzag_symbol	zigzag_timeframe	zigzag_close	zigzag_Type	CurrentPoint	CurrentPrChg	Current%Chg	Current%ChgClass	CurrentBars	CurrentBarsClass	CurrentPrPerBar	CurrentPrPerBarClass	CurrentSlope	CurrentCategory
1786608000	XAUUSD	M15	4366.14000	Bottom	4364.16000	-85.49000	-1.92	3	30	3	-2.84967	3	-70.6631	LL
1786626000	XAUUSD	M15	4393.74000	Peak	4401.94000	37.78000	0.87	0	20	0	1.88900	0	62.1041	LH
1786648500	XAUUSD	M15	4351.40000	Bottom	4343.75000	-58.19000	-1.32	3	25	3	-2.32760	3	-66.7503	LL
1786664700	XAUUSD	M15	4356.74000	Peak	4364.17000	20.42000	0.47	0	14	0	1.45857	0	55.5654	LH
1786672800	XAUUSD	M15	4312.43000	Bottom	4311.05000	-53.12000	-1.22	3	9	3	-5.90222	3	-80.3838	LL
1786714200	XAUUSD	M15	4393.85000	Peak	4396.94000	85.89000	1.99	1	46	2	1.86717	0	61.8279	HH
1786733100	XAUUSD	M15	4373.56000	Bottom	4370.91000	-26.03000	-0.59	3	21	3	-1.23952	3	-51.1047	HL
1786920300	XAUUSD	M15	4385.99000	Peak	4386.64000	15.73000	0.36	0	12	0	1.31083	0	52.6610	LH
1786923000	XAUUSD	M15	4368.54000	Bottom	4367.24000	-19.40000	-0.44	3	3	3	-6.46667	3	-81.2095	LL
1786929300	XAUUSD	M15	4407.05000	Peak	4416.41000	49.17000	1.13	0	7	0	7.02429	0	81.8976	HH
1786943700	XAUUSD	M15	4399.31000	Bottom	4386.84000	-29.57000	-0.67	3	16	3	-1.84812	3	-61.5827	HL
1786951800	XAUUSD	M15	4409.33000	Peak	4411.36000	24.52000	0.56	0	9	0	2.72444	0	69.8445	LH
1786970700	XAUUSD	M15	4384.92000	Bottom	4377.30000	-34.06000	-0.77	3	21	3	-1.62190	3	-58.3437	LL
1786982400	XAUUSD	M15	4426.00000	Peak	4428.83000	51.53000	1.18	0	13	0	3.96385	0	75.8409	HH
1786991400	XAUUSD	M15	4401.61000	Bottom	4398.13000	-30.70000	-0.69	3	10	3	-3.07000	3	-71.9579	HL
1787014800	XAUUSD	M15	4429.16000	Peak	4436.11000	37.98000	0.86	0	22	0	1.72636	0	59.9183	HH
1787031000	XAUUSD	M15	4393.74000	Bottom	4386.07000	-50.04000	-1.13	3	18	3	-2.78000	3	-70.2157	LL
1787038200	XAUUSD	M15	4401.45000	Peak	4403.66000	17.59000	0.40	0	8	0	2.19875	0	65.5438	LH
1787058900	XAUUSD	M15	4388.74000	Bottom	4388.24000	-15.42000	-0.35	3	23	3	-0.67043	3	-33.8393	HL
1787059800	XAUUSD	M15	4401.16000	Peak	4406.49000	18.25000	0.42	0	1	0	18.25000	1	86.8636	HH
1787095800	XAUUSD	M15	4329.90000	Bottom	4327.25000	-79.24000	-1.80	4	36	4	-2.20111	3	-65.5669	LL
1787099400	XAUUSD	M15	4343.59000	Peak	4347.15000	19.90000	0.46	0	4	0	4.97500	0	78.6347	LH
1787101200	XAUUSD	M15	4343.87000	Bottom	4324.63000	-22.52000	-0.52	3	2	3	-11.26000	3	-84.9249	LL
1787105700	XAUUSD	M15	4359.67000	Peak	4361.90000	37.27000	0.86	0	5	0	7.45400	0	82.3590	HH
1787118300	XAUUSD	M15	4335.70000	Bottom	4335.08000	-26.82000	-0.61	3	14	3	-1.91571	3	-62.4355	HL
1787156100	XAUUSD	M15	4491.14000	Peak	4499.34000	164.26000	3.79	2	42	2	3.91095	0	75.6572	HH
1787164200	XAUUSD	M15	4490.38000	Bottom	4472.30000	-27.04000	-0.60	3	9	3	-3.00444	3	-71.5905	HL
1787176800	XAUUSD	M15	4520.10000	Peak	4527.47000	55.17000	1.23	0	10	0	5.51700	0	79.7262	HH
1787204700	XAUUSD	M15	4481.29000	Bottom	4477.88000	-49.59000	-1.10	3	31	3	-1.59968	3	-57.9894	HL
1787213700	XAUUSD	M15	4491.51000	Peak	4498.59000	20.71000	0.46	0	10	0	2.07100	0	64.2260	LH
1787227200	XAUUSD	M15	4462.42000	Bottom	4450.57000	-48.02000	-1.07	3	15	3	-3.20133	3	-72.6528	LL
1787238900	XAUUSD	M15	4532.44000	Peak	4540.83000	90.26000	2.03	1	13	0	6.94308	0	81.8041	HH
1787274000	XAUUSD	M15	4520.74000	Bottom	4508.89000	-31.94000	-0.70	3	35	4	-0.91257	3	-42.3827	HL
1787311800	XAUUSD	M15	4597.30000	Peak	4604.61000	95.72000	2.12	1	42	2	2.27905	0	66.3091	HH
1787315400	XAUUSD	M15	4573.67000	Bottom	4563.58000	-41.03000	-0.89	3	4	3	-10.25750	3	-84.4319	HL
1787331600	XAUUSD	M15	4623.34000	Peak	4631.98000	68.40000	1.50	0	18	0	3.80000	0	75.2564	HH
1787345100	XAUUSD	M15	4603.89000	Bottom	4602.79000	-29.19000	-0.63	3	15	3	-1.94600	3	-62.8025	HL
1787529600	XAUUSD	M15	4637.28000	Peak	4640.69000	37.90000	0.82	0	9	0	4.21111	0	76.6416	HH
1787530500	XAUUSD	M15	4604.95000	Bottom	4594.67000	-46.02000	-0.99	3	1	3	-46.02000	5	-88.7552	LL
1787552100	XAUUSD	M15	4642.63000	Peak	4659.72000	65.05000	1.42	0	24	0	2.71042	0	69.7486	HH
1787560200	XAUUSD	M15	4645.24000	Bottom	4628.93000	-30.79000	-0.66	3	9	3	-3.42111	3	-73.7062	HL
1787578200	XAUUSD	M15	4658.95000	Peak	4680.85000	51.92000	1.12	0	20	0	2.59600	0	68.9329	HH
1787594400	XAUUSD	M15	4632.03000	Bottom	4625.26000	-55.59000	-1.19	3	18	3	-3.08833	3	-72.0581	LL
1787617800	XAUUSD	M15	4693.41000	Peak	4696.53000	71.27000	1.54	0	22	0	3.23955	0	72.8453	HH
1787625900	XAUUSD	M15	4629.55000	Bottom	4618.34000	-78.19000	-1.66	3	9	3	-8.68778	3	-83.4339	LL
1787638500	XAUUSD	M15	4650.02000	Peak	4653.42000	35.08000	0.76	0	14	0	2.50571	0	68.2437	LH
1787644800	XAUUSD	M15	4626.50000	Bottom	4620.12000	-33.30000	-0.72	3	7	3	-4.75714	3	-78.1287	HL
1787658300	XAUUSD	M15	4642.37000	Peak	4647.25000	27.13000	0.59	0	15	0	1.80867	0	61.0621	LH
1787665500	XAUUSD	M15	4616.50000	Bottom	4605.22000	-42.03000	-0.90	3	8	3	-5.25375	3	-79.2232	LL
1787697900	XAUUSD	M15	4672.46000	Peak	4673.68000	68.46000	1.49	0	32	0	2.13938	0	64.9474	HH
1787706000	XAUUSD	M15	4644.32000	Bottom	4629.80000	-43.88000	-0.94	3	9	3	-4.87556	3	-78.4091	HL
1787711400	XAUUSD	M15	4667.23000	Peak	4670.66000	40.86000	0.88	0	6	0	6.81000	0	81.6462	LH
1787739300	XAUUSD	M15	4615.06000	Bottom	4613.34000	-57.32000	-1.23	3	31	3	-1.84903	3	-61.5944	LL
1787746500	XAUUSD	M15	4630.21000	Peak	4630.33000	16.99000	0.37	0	8	0	2.12375	0	64.7859	LH
1787750100	XAUUSD	M15	4611.30000	Bottom	4598.00000	-32.33000	-0.70	3	4	3	-8.08250	3	-82.9470	LL
1787752800	XAUUSD	M15	4620.38000	Peak	4633.31000	35.31000	0.77	0	3	0	11.77000	0	85.1437	HH
1787757300	XAUUSD	M15	4594.71000	Bottom	4582.97000	-50.34000	-1.09	3	5	3	-10.06800	3	-84.3277	LL
1787796000	XAUUSD	M15	4640.49000	Peak	4642.96000	59.99000	1.31	0	39	2	1.53821	0	56.9718	HH
1787824800	XAUUSD	M15	4581.72000	Bottom	4569.24000	-73.72000	-1.59	3	32	4	-2.30375	3	-66.5355	LL
1787832000	XAUUSD	M15	4592.79000	Peak	4601.09000	31.85000	0.70	0	8	0	3.98125	0	75.9003	LH
1787838300	XAUUSD	M15	4572.50000	Bottom	4565.69000	-35.40000	-0.77	3	7	3	-5.05714	3	-78.8146	LL
1787857200	XAUUSD	M15	4615.51000	Peak	4617.97000	52.28000	1.15	0	21	0	2.48952	0	68.1155	HH
1787895000	XAUUSD	M15	4572.75000	Bottom	4571.78000	-46.19000	-1.00	3	38	5	-1.21553	3	-50.5562	HL
1787904000	XAUUSD	M15	4611.72000	Peak	4614.53000	42.75000	0.94	0	10	0	4.27500	0	76.8342	LH
1787920200	XAUUSD	M15	4591.99000	Bottom	4589.20000	-25.33000	-0.55	3	18	3	-1.40722	3	-54.6016	HL
1787924700	XAUUSD	M15	4608.55000	Peak	4627.11000	37.91000	0.83	0	5	0	7.58200	0	82.4865	HH
1788127200	XAUUSD	M15	4458.84000	Bottom	4429.92000	-197.19000	-4.26	5	29	3	-6.79966	3	-81.6337	LL
1788136200	XAUUSD	M15	4465.16000	Peak	4472.10000	42.18000	0.95	0	10	0	4.21800	0	76.6626	LH
1788144300	XAUUSD	M15	4422.93000	Bottom	4396.53000	-75.57000	-1.69	3	9	3	-8.39667	3	-83.2084	LL
1788174900	XAUUSD	M15	4463.25000	Peak	4464.03000	67.50000	1.54	0	34	1	1.98529	0	63.2654	LH
1788183900	XAUUSD	M15	4418.48000	Bottom	4415.83000	-48.20000	-1.08	3	10	3	-4.82000	3	-78.2792	HL
1788221700	XAUUSD	M15	4460.10000	Peak	4461.41000	45.58000	1.03	0	38	1	1.19947	0	50.1821	LH
1788240600	XAUUSD	M15	4442.75000	Bottom	4424.24000	-37.17000	-0.83	3	21	3	-1.77000	3	-60.5348	HL
1788241500	XAUUSD	M15	4440.15000	Peak	4445.96000	21.72000	0.49	0	1	0	21.72000	2	87.3639	LH
1788256800	XAUUSD	M15	4378.33000	Bottom	4364.22000	-81.74000	-1.84	3	17	3	-4.80824	3	-78.2513	LL
1788263100	XAUUSD	M15	4374.77000	Peak	4387.27000	23.05000	0.53	0	7	0	3.29286	0	73.1071	LH
1788291000	XAUUSD	M15	4326.44000	Bottom	4322.72000	-64.55000	-1.47	3	31	3	-2.08226	3	-64.3475	LL
1788305400	XAUUSD	M15	4333.78000	Peak	4335.76000	13.04000	0.30	0	12	0	1.08667	0	47.3783	LH
1788319800	XAUUSD	M15	4288.84000	Bottom	4282.53000	-53.23000	-1.23	3	16	3	-3.32688	3	-73.2701	LL
1788336000	XAUUSD	M15	4325.69000	Peak	4331.67000	49.14000	1.15	0	18	0	2.73000	0	69.8822	LH
1788343200	XAUUSD	M15	4306.87000	Bottom	4301.79000	-29.88000	-0.69	3	8	3	-3.73500	3	-75.0113	HL
1788357600	XAUUSD	M15	4387.85000	Peak	4397.55000	95.76000	2.23	1	16	0	5.98500	0	80.5144	HH
1788367500	XAUUSD	M15	4368.37000	Bottom	4364.55000	-33.00000	-0.75	3	11	3	-3.00000	3	-71.5651	HL
1788386400	XAUUSD	M15	4390.03000	Peak	4393.07000	28.52000	0.65	0	17	0	1.67765	0	59.2020	LH
1788391800	XAUUSD	M15	4385.28000	Bottom	4381.15000	-11.92000	-0.27	3	6	3	-1.98667	3	-63.2813	HL
1788411600	XAUUSD	M15	4429.66000	Peak	4440.30000	59.15000	1.35	0	22	0	2.68864	0	69.5980	HH
1788416100	XAUUSD	M15	4421.66000	Bottom	4418.82000	-21.48000	-0.48	3	5	3	-4.29600	3	-76.8963	HL
1788422400	XAUUSD	M15	4431.23000	Peak	4443.70000	24.88000	0.56	0	7	0	3.55429	0	74.2860	HH
1788430500	XAUUSD	M15	4422.51000	Bottom	4419.20000	-24.50000	-0.55	3	9	3	-2.72222	3	-69.8293	HL
1788448500	XAUUSD	M15	4506.78000	Peak	4510.78000	91.58000	2.07	1	20	0	4.57900	0	77.6807	HH
1788466500	XAUUSD	M15	4471.65000	Bottom	4470.42000	-40.36000	-0.89	3	20	3	-2.01800	3	-63.6397	HL
1788482700	XAUUSD	M15	4486.54000	Peak	4487.09000	16.67000	0.37	0	14	0	1.19071	0	49.9754	LH
1788504300	XAUUSD	M15	4462.94000	Bottom	4460.05000	-27.04000	-0.60	3	24	3	-1.12667	3	-48.4086	LL
1788507900	XAUUSD	M15	4483.44000	Peak	4490.71000	30.66000	0.69	0	4	0	7.66500	0	82.5670	HH
1788526800	XAUUSD	M15	4394.19000	Bottom	4365.49000	-125.22000	-2.79	5	21	3	-5.96286	3	-80.4798	LL
1788769800	XAUUSD	M15	4414.61000	Peak	4423.95000	58.46000	1.34	0	74	2	0.79000	0	38.3087	LH
1788780600	XAUUSD	M15	4386.63000	Bottom	4381.13000	-42.82000	-0.97	3	12	3	-3.56833	3	-74.3449	HL
1788792300	XAUUSD	M15	4416.10000	Peak	4419.58000	38.45000	0.88	0	13	0	2.95769	0	71.3195	LH
1788804900	XAUUSD	M15	4404.63000	Bottom	4403.70000	-15.88000	-0.36	3	14	3	-1.13429	3	-48.6002	HL
1788840000	XAUUSD	M15	4439.23000	Peak	4442.97000	39.27000	0.89	0	25	0	1.57080	0	57.5184	HH
1788854400	XAUUSD	M15	4390.51000	Bottom	4387.87000	-55.10000	-1.24	3	16	3	-3.44375	3	-73.8077	LL
1788867000	XAUUSD	M15	4403.54000	Peak	4407.93000	20.06000	0.46	0	14	0	1.43286	0	55.0886	LH
1788869700	XAUUSD	M15	4401.87000	Bottom	4385.32000	-22.61000	-0.51	3	3	3	-7.53667	3	-82.4419	LL
1788872400	XAUUSD	M15	4408.48000	Peak	4412.55000	27.23000	0.62	0	3	0	9.07667	0	83.7129	HH
1788912900	XAUUSD	M15	4346.97000	Bottom	4341.25000	-71.30000	-1.62	3	41	4	-1.73902	3	-60.0996	LL
1788939900	XAUUSD	M15	4409.22000	Peak	4412.78000	71.53000	1.65	0	30	0	2.38433	0	67.2466	HH
1788948000	XAUUSD	M15	4391.14000	Bottom	4386.20000	-26.58000	-0.60	3	9	3	-2.95333	3	-71.2939	HL
1788960600	XAUUSD	M15	4417.01000	Peak	4434.07000	47.87000	1.09	0	14	0	3.41929	0	73.6980	HH
1788966900	XAUUSD	M15	4394.63000	Bottom	4375.04000	-59.03000	-1.33	3	7	3	-8.43286	3	-83.2372	LL
1788976800	XAUUSD	M15	4420.38000	Peak	4421.56000	46.52000	1.06	0	11	0	4.22909	0	76.6963	LH
1788998400	XAUUSD	M15	4394.96000	Bottom	4389.66000	-31.90000	-0.72	3	20	3	-1.59500	3	-57.9140	HL
1789007400	XAUUSD	M15	4418.11000	Peak	4420.85000	31.19000	0.71	0	10	0	3.11900	0	72.2233	LH
1789014600	XAUUSD	M15	4406.62000	Bottom	4405.69000	-15.16000	-0.34	3	8	3	-1.89500	3	-62.1792	HL
1789020000	XAUUSD	M15	4416.22000	Peak	4434.72000	29.03000	0.66	0	6	0	4.83833	0	78.3224	HH
1789083900	XAUUSD	M15	4315.19000	Bottom	4311.27000	-123.45000	-2.78	5	67	5	-1.84254	3	-61.5100	LL
1789088400	XAUUSD	M15	4333.07000	Peak	4340.49000	29.22000	0.68	0	5	0	5.84400	0	80.2898	LH
1789098300	XAUUSD	M15	4303.83000	Bottom	4300.88000	-39.61000	-0.91	3	11	3	-3.60091	3	-74.4796	LL
1789106400	XAUUSD	M15	4359.03000	Peak	4360.76000	59.88000	1.39	0	9	0	6.65333	0	81.4524	HH
1789128000	XAUUSD	M15	4327.76000	Bottom	4324.98000	-35.78000	-0.82	3	24	3	-1.49083	3	-56.1476	HL
1789135200	XAUUSD	M15	4383.05000	Peak	4402.51000	77.53000	1.79	0	8	0	9.69125	1	84.1087	HH
1789348500	XAUUSD	M15	4335.52000	Bottom	4326.31000	-76.20000	-1.73	3	41	4	-1.85854	3	-61.7172	HL
1789353000	XAUUSD	M15	4345.68000	Peak	4355.34000	29.03000	0.67	0	5	0	5.80600	0	80.2275	LH
1789361100	XAUUSD	M15	4329.53000	Bottom	4322.17000	-33.17000	-0.76	3	9	3	-3.68556	3	-74.8194	LL
1789365600	XAUUSD	M15	4329.93000	Peak	4338.75000	16.58000	0.38	0	5	0	3.31600	0	73.2184	LH
1789380000	XAUUSD	M15	4288.55000	Bottom	4278.28000	-60.47000	-1.39	3	16	3	-3.77938	3	-75.1795	LL
1789388100	XAUUSD	M15	4286.12000	Peak	4297.60000	19.32000	0.45	0	9	0	2.14667	0	65.0221	LH
1789390800	XAUUSD	M15	4266.38000	Bottom	4253.61000	-43.99000	-1.02	3	3	3	-14.66333	5	-86.0986	LL
1789404300	XAUUSD	M15	4315.78000	Peak	4317.63000	64.02000	1.51	0	15	0	4.26800	0	76.8134	HH
1789416000	XAUUSD	M15	4287.78000	Bottom	4282.31000	-35.32000	-0.82	3	13	3	-2.71692	3	-69.7932	HL
1789440300	XAUUSD	M15	4314.17000	Peak	4317.41000	35.10000	0.82	0	23	0	1.52609	0	56.7644	LH
1789461900	XAUUSD	M15	4262.39000	Bottom	4261.38000	-56.03000	-1.30	3	24	3	-2.33458	3	-66.8125	LL
1789498800	XAUUSD	M15	4300.30000	Peak	4310.70000	49.32000	1.16	0	41	1	1.20293	0	50.2631	LH
1789519500	XAUUSD	M15	4277.53000	Bottom	4275.58000	-35.12000	-0.81	3	19	3	-1.84842	3	-61.5865	HL
1789564500	XAUUSD	M15	4352.06000	Peak	4360.24000	84.66000	1.98	1	50	2	1.69320	0	59.4340	HH
1789567200	XAUUSD	M15	4340.02000	Bottom	4324.16000	-36.08000	-0.83	3	3	3	-12.02667	5	-85.2469	HL
1789580700	XAUUSD	M15	4361.38000	Peak	4364.82000	40.66000	0.94	0	15	0	2.71067	0	69.7503	HH
1789585200	XAUUSD	M15	4252.97000	Bottom	4235.22000	-129.60000	-2.97	5	5	3	-25.92000	5	-87.7906	LL
1789631100	XAUUSD	M15	4327.19000	Peak	4335.30000	100.08000	2.36	2	47	1	2.12936	0	64.8441	LH
1789637400	XAUUSD	M15	4309.20000	Bottom	4305.16000	-30.14000	-0.70	3	7	3	-4.30571	3	-76.9249	HL
1789647300	XAUUSD	M15	4381.09000	Peak	4381.24000	76.08000	1.77	0	11	0	6.91636	0	81.7729	HH
1789686000	XAUUSD	M15	4345.04000	Bottom	4339.75000	-41.49000	-0.95	3	39	3	-1.06385	3	-46.7719	HL
1789693200	XAUUSD	M15	4358.20000	Peak	4365.57000	25.82000	0.59	0	8	0	3.22750	0	72.7851	LH
1789701300	XAUUSD	M15	4340.96000	Bottom	4334.45000	-31.12000	-0.71	3	9	3	-3.45778	3	-73.8700	LL
1789717500	XAUUSD	M15	4393.36000	Peak	4399.56000	65.11000	1.50	0	18	0	3.61722	0	74.5463	HH
1789741800	XAUUSD	M15	4353.60000	Bottom	4342.77000	-56.79000	-1.29	3	27	3	-2.10333	3	-64.5719	HL
1789753500	XAUUSD	M15	4393.15000	Peak	4396.81000	54.04000	1.24	0	13	0	4.15692	0	76.4738	LH
1789949700	XAUUSD	M15	4368.00000	Bottom	4358.78000	-38.03000	-0.86	3	22	3	-1.72864	3	-59.9510	HL
1789953300	XAUUSD	M15	4374.94000	Peak	4383.39000	24.61000	0.56	0	4	0	6.15250	0	80.7681	LH
1789975800	XAUUSD	M15	4346.91000	Bottom	4341.97000	-41.42000	-0.94	3	25	3	-1.65680	3	-58.8859	LL
1789979400	XAUUSD	M15	4357.50000	Peak	4357.68000	15.71000	0.36	0	4	0	3.92750	0	75.7152	LH
1789983000	XAUUSD	M15	4347.61000	Bottom	4340.11000	-17.57000	-0.40	3	4	3	-4.39250	3	-77.1746	LL
1789992000	XAUUSD	M15	4369.28000	Peak	4374.81000	34.70000	0.80	0	10	0	3.47000	0	73.9238	HH
1789999200	XAUUSD	M15	4340.16000	Bottom	4322.79000	-52.02000	-1.19	3	8	3	-6.50250	3	-81.2571	LL
1790019000	XAUUSD	M15	4347.98000	Peak	4353.75000	30.96000	0.72	0	22	0	1.40727	0	54.6026	LH
1790022600	XAUUSD	M15	4341.95000	Bottom	4339.26000	-14.49000	-0.33	3	4	3	-3.62250	3	-74.5677	HL
1790035200	XAUUSD	M15	4370.18000	Peak	4376.09000	36.83000	0.85	0	10	0	3.68300	0	74.8094	HH
1790065800	XAUUSD	M15	4320.24000	Bottom	4291.56000	-84.53000	-1.93	4	34	3	-2.48618	3	-68.0888	LL
1790080200	XAUUSD	M15	4332.06000	Peak	4343.98000	52.42000	1.22	0	16	0	3.27625	0	73.0264	LH
1790087400	XAUUSD	M15	4319.99000	Bottom	4315.05000	-28.93000	-0.67	3	8	3	-3.61625	3	-74.5423	HL
1790105400	XAUUSD	M15	4369.16000	Peak	4371.10000	56.05000	1.30	0	20	0	2.80250	0	70.3624	HH
1790132400	XAUUSD	M15	4338.84000	Bottom	4333.28000	-37.82000	-0.87	3	26	3	-1.45462	3	-55.4928	HL
1790136900	XAUUSD	M15	4345.59000	Peak	4347.19000	13.91000	0.32	0	5	0	2.78200	0	70.2288	LH
1790184600	XAUUSD	M15	4288.23000	Bottom	4274.94000	-72.25000	-1.66	3	53	5	-1.36321	3	-53.7376	LL
1790212500	XAUUSD	M15	4299.28000	Peak	4303.22000	28.28000	0.66	0	27	0	1.04741	0	46.3264	LH
1790245800	XAUUSD	M15	4258.38000	Bottom	4244.41000	-58.81000	-1.37	3	37	4	-1.58946	3	-57.8242	LL
1790254800	XAUUSD	M15	4278.37000	Peak	4284.96000	40.55000	0.96	0	10	0	4.05500	0	76.1468	LH
1790262000	XAUUSD	M15	4246.96000	Bottom	4244.82000	-40.14000	-0.94	3	8	3	-5.01750	3	-78.7285	HL
1790266500	XAUUSD	M15	4275.49000	Peak	4288.47000	43.65000	1.03	0	5	0	8.73000	0	83.4654	HH
1790294400	XAUUSD	M15	4266.33000	Bottom	4264.38000	-24.09000	-0.56	3	27	3	-0.89222	3	-41.7401	HL
1790299800	XAUUSD	M15	4292.65000	Peak	4295.68000	31.30000	0.73	0	6	0	5.21667	0	79.1484	HH
1790312400	XAUUSD	M15	4256.96000	Bottom	4256.44000	-39.24000	-0.91	3	14	3	-2.80286	3	-70.3647	LL
1790334000	XAUUSD	M15	4312.51000	Peak	4315.73000	59.29000	1.39	0	24	0	2.47042	0	67.9624	HH
1790344800	XAUUSD	M15	4267.51000	Bottom	4254.76000	-60.97000	-1.41	3	12	3	-5.08083	3	-78.8655	LL
1790352000	XAUUSD	M15	4290.48000	Peak	4300.24000	45.48000	1.07	0	8	0	5.68500	0	80.0236	LH
1790586000	XAUUSD	M15	4144.44000	Bottom	4140.68000	-159.56000	-3.71	5	64	5	-2.49312	3	-68.1441	LL
1790597700	XAUUSD	M15	4154.14000	Peak	4171.06000	30.38000	0.73	0	13	0	2.33692	0	66.8333	LH
1790606700	XAUUSD	M15	4118.24000	Bottom	4110.92000	-60.14000	-1.44	3	10	3	-6.01400	3	-80.5593	LL
1790637300	XAUUSD	M15	4124.47000	Peak	4147.95000	37.03000	0.90	0	30	0	1.23433	0	50.9872	LH
