z-score_timestamp	z-score_symbol	z-score_timeframe	z-score_close	z-score_open	z-score_high	z-score_low	body_direction	body_size	body_classification
1790307600	XAUUSD	M5	4273.57	4274.74	4275.94	4273.57	-1	0.47765	3
1790307900	XAUUSD	M5	4271.71	4273.53	4274.28	4271.33	-1	0.07522	3
1790308200	XAUUSD	M5	4271.83	4271.65	4273.00	4271.29	1	1.15839	0
1790308500	XAUUSD	M5	4270.03	4271.85	4272.10	4269.67	-1	0.08137	3
1790308800	XAUUSD	M5	4271.05	4270.03	4271.25	4268.78	1	0.61904	0
1790309100	XAUUSD	M5	4270.67	4271.05	4271.91	4269.05	-1	1.01645	3
1790309400	XAUUSD	M5	4268.22	4270.68	4270.68	4268.21	-1	0.33020	3
1790309700	XAUUSD	M5	4268.45	4268.23	4269.75	4267.67	1	1.12459	0
1790310000	XAUUSD	M5	4270.71	4268.44	4270.71	4268.11	1	0.26129	0
1790310300	XAUUSD	M5	4271.35	4270.60	4271.84	4269.91	1	0.74069	0
1790310600	XAUUSD	M5	4271.49	4271.27	4272.03	4270.42	1	1.07131	0
1790310900	XAUUSD	M5	4270.72	4271.46	4272.21	4270.23	-1	0.70548	3
1790311200	XAUUSD	M5	4272.03	4270.68	4273.60	4270.68	1	0.27065	0
1790311500	XAUUSD	M5	4270.06	4272.03	4273.35	4270.06	-1	0.15248	3
1790311800	XAUUSD	M5	4268.19	4270.02	4270.03	4267.10	-1	0.05558	3
1790312100	XAUUSD	M5	4263.06	4268.19	4268.19	4262.67	-1	2.18742	4
1790312400	XAUUSD	M5	4259.94	4262.98	4264.01	4258.86	-1	0.77580	3
1790312700	XAUUSD	M5	4259.86	4259.93	4262.69	4258.90	-1	1.18822	3
1790313000	XAUUSD	M5	4256.96	4259.96	4260.61	4256.44	-1	0.72962	3
1790313300	XAUUSD	M5	4260.57	4257.04	4261.04	4256.78	1	1.04751	0
1790313600	XAUUSD	M5	4259.63	4260.56	4261.84	4259.53	-1	0.66002	3
1790313900	XAUUSD	M5	4264.09	4259.63	4264.95	4259.63	1	1.70398	0
1790314200	XAUUSD	M5	4269.11	4264.15	4272.90	4263.20	1	1.95516	1
1790314500	XAUUSD	M5	4273.26	4269.12	4275.11	4265.75	1	1.38310	0
1790314800	XAUUSD	M5	4274.58	4273.34	4275.53	4272.18	1	0.44290	0
1790315100	XAUUSD	M5	4270.95	4274.63	4275.86	4270.75	-1	1.15565	3
1790315400	XAUUSD	M5	4268.48	4271.09	4272.32	4268.41	-1	0.44621	3
1790315700	XAUUSD	M5	4266.75	4268.47	4268.62	4265.72	-1	0.16939	3
1790316000	XAUUSD	M5	4271.97	4266.76	4271.97	4266.31	1	2.07003	1
1790316300	XAUUSD	M5	4268.14	4272.00	4272.27	4267.47	-1	1.15459	3
1790316600	XAUUSD	M5	4274.67	4268.18	4275.50	4268.18	1	2.60976	1
1790316900	XAUUSD	M5	4278.02	4274.64	4281.54	4274.29	1	0.75597	0
1790317200	XAUUSD	M5	4278.43	4278.04	4281.15	4275.63	1	1.05840	0
1790317500	XAUUSD	M5	4274.98	4278.43	4279.01	4274.33	-1	0.76817	3
1790317800	XAUUSD	M5	4276.54	4274.98	4276.62	4274.62	1	0.36817	0
1790318100	XAUUSD	M5	4276.98	4276.55	4277.57	4274.47	1	1.02296	0
1790318400	XAUUSD	M5	4277.02	4276.98	4278.10	4276.12	1	1.21646	0
1790318700	XAUUSD	M5	4276.83	4276.97	4277.81	4275.34	-1	1.15128	3
1790319000	XAUUSD	M5	4276.35	4276.82	4276.96	4274.52	-1	0.96004	3
1790319300	XAUUSD	M5	4275.81	4276.35	4277.99	4274.85	-1	0.88959	3
1790319600	XAUUSD	M5	4273.81	4275.84	4280.31	4273.16	-1	0.00251	3
1790319900	XAUUSD	M5	4276.97	4274.01	4278.94	4273.81	1	0.56951	0
1790320200	XAUUSD	M5	4275.20	4276.97	4277.70	4274.18	-1	0.17403	3
1790320500	XAUUSD	M5	4272.57	4275.15	4277.30	4272.40	-1	0.37028	3
1790320800	XAUUSD	M5	4274.13	4272.58	4275.69	4272.11	1	0.28808	0
1790321100	XAUUSD	M5	4273.79	4274.12	4275.41	4271.45	-1	1.04897	3
1790321400	XAUUSD	M5	4275.54	4273.81	4278.04	4271.19	1	0.18028	0
1790321700	XAUUSD	M5	4276.34	4275.55	4279.94	4275.55	1	0.78083	0
1790322000	XAUUSD	M5	4276.74	4276.28	4277.63	4274.70	1	0.96543	0
1790322300	XAUUSD	M5	4278.94	4276.73	4280.71	4276.73	1	0.13545	0
1790322600	XAUUSD	M5	4278.16	4278.94	4280.26	4277.66	-1	0.77077	3
1790322900	XAUUSD	M5	4279.72	4278.18	4281.66	4278.11	1	0.25929	0
1790323200	XAUUSD	M5	4275.49	4279.85	4281.61	4275.00	-1	1.50826	3
1790323500	XAUUSD	M5	4278.31	4275.47	4279.01	4275.37	1	0.52645	0
1790323800	XAUUSD	M5	4281.79	4278.18	4282.29	4278.18	1	0.98034	0
1790324100	XAUUSD	M5	4281.21	4281.79	4284.39	4280.72	-1	0.90988	3
1790324400	XAUUSD	M5	4281.47	4281.19	4281.90	4279.43	1	1.10032	0
1790324700	XAUUSD	M5	4284.25	4281.47	4284.72	4278.93	1	0.45495	0
1790325000	XAUUSD	M5	4287.69	4284.25	4289.39	4283.80	1	0.83760	0
1790325300	XAUUSD	M5	4286.99	4287.73	4289.21	4285.45	-1	0.85496	3
1790325600	XAUUSD	M5	4292.25	4287.00	4292.48	4286.41	1	1.87300	1
1790325900	XAUUSD	M5	4291.32	4292.26	4297.36	4290.13	-1	0.75023	3
1790326200	XAUUSD	M5	4292.42	4291.16	4293.67	4290.42	1	0.54203	0
1790326500	XAUUSD	M5	4293.45	4292.20	4294.74	4292.02	1	0.55599	0
1790326800	XAUUSD	M5	4295.40	4293.44	4297.71	4293.08	1	0.14381	0
1790327100	XAUUSD	M5	4297.45	4295.40	4297.91	4293.87	1	0.10390	0
1790327400	XAUUSD	M5	4293.99	4297.21	4297.30	4293.99	-1	0.60425	3
1790327700	XAUUSD	M5	4293.27	4293.98	4295.20	4291.17	-1	0.93879	3
1790328000	XAUUSD	M5	4296.13	4293.26	4296.90	4292.38	1	0.38499	0
1790328300	XAUUSD	M5	4290.54	4296.25	4296.32	4289.69	-1	2.10579	4
1790328600	XAUUSD	M5	4296.63	4290.60	4297.54	4290.20	1	2.16718	1
1790328900	XAUUSD	M5	4293.82	4296.62	4297.06	4292.38	-1	0.25851	3
1790329200	XAUUSD	M5	4294.66	4293.82	4295.28	4292.15	1	0.87384	0
1790329500	XAUUSD	M5	4292.60	4294.66	4294.86	4291.50	-1	0.13993	3
1790329800	XAUUSD	M5	4292.92	4292.62	4293.79	4291.34	1	1.16636	0
1790330100	XAUUSD	M5	4295.13	4292.92	4295.13	4291.02	1	0.01979	0
1790330400	XAUUSD	M5	4295.24	4294.87	4296.32	4293.96	1	1.08333	0
1790330700	XAUUSD	M5	4301.52	4295.24	4303.50	4295.11	1	2.36902	1
1790331000	XAUUSD	M5	4307.29	4301.62	4308.12	4299.15	1	1.90333	1
1790331300	XAUUSD	M5	4305.02	4307.37	4307.47	4303.61	-1	0.05355	3
1790331600	XAUUSD	M5	4306.28	4304.96	4308.92	4304.70	1	0.51357	0
1790331900	XAUUSD	M5	4308.28	4306.27	4309.47	4305.98	1	0.12782	0
1790332200	XAUUSD	M5	4305.69	4308.33	4308.81	4305.18	-1	0.26128	3
1790332500	XAUUSD	M5	4303.78	4305.70	4307.16	4303.18	-1	0.13630	3
1790332800	XAUUSD	M5	4305.38	4303.82	4306.02	4302.31	1	0.31309	0
1790333100	XAUUSD	M5	4305.45	4305.44	4306.34	4303.94	1	1.23098	0
1790333400	XAUUSD	M5	4309.06	4305.46	4309.29	4304.46	1	0.95433	0
1790333700	XAUUSD	M5	4311.07	4309.07	4311.68	4308.91	1	0.01998	0
1790334000	XAUUSD	M5	4310.34	4311.07	4312.04	4309.52	-1	0.79824	3
1790334300	XAUUSD	M5	4314.29	4310.34	4314.89	4310.15	1	1.15485	0
1790334600	XAUUSD	M5	4312.51	4314.19	4315.73	4311.30	-1	0.27119	3
1790334900	XAUUSD	M5	4310.90	4312.51	4314.07	4310.36	-1	0.33682	3
1790335200	XAUUSD	M5	4309.98	4310.89	4311.14	4308.58	-1	0.79119	3
1790335500	XAUUSD	M5	4304.69	4309.95	4310.34	4304.66	-1	1.88585	4
1790335800	XAUUSD	M5	4304.40	4304.69	4306.42	4303.44	-1	1.17667	3
1790336100	XAUUSD	M5	4300.04	4304.23	4308.06	4299.98	-1	1.19427	3
1790336400	XAUUSD	M5	4301.67	4300.07	4301.67	4299.80	1	0.37815	0
1790336700	XAUUSD	M5	4302.95	4301.65	4304.20	4300.24	1	0.54470	0
1790337000	XAUUSD	M5	4303.63	4302.69	4304.75	4302.54	1	0.75303	0
1790337300	XAUUSD	M5	4303.00	4303.57	4305.47	4302.86	-1	0.98190	3
1790337600	XAUUSD	M5	4304.20	4303.05	4304.64	4302.13	1	0.62239	0
1790337900	XAUUSD	M5	4303.68	4304.18	4304.85	4301.45	-1	1.00842	3
1790338200	XAUUSD	M5	4299.88	4303.60	4304.20	4297.90	-1	0.89529	3
1790338500	XAUUSD	M5	4299.63	4299.88	4301.60	4297.58	-1	1.16106	3
1790338800	XAUUSD	M5	4303.52	4299.39	4306.83	4297.54	1	1.10688	0
1790339100	XAUUSD	M5	4306.66	4303.14	4309.47	4303.08	1	0.72137	0
1790339400	XAUUSD	M5	4302.17	4306.85	4307.05	4299.53	-1	1.39642	3
1790339700	XAUUSD	M5	4302.35	4302.17	4303.00	4298.62	1	1.20389	0
1790340000	XAUUSD	M5	4301.70	4302.42	4302.64	4297.13	-1	0.85857	3
1790340300	XAUUSD	M5	4301.86	4301.58	4308.65	4299.32	1	1.10660	0
1790340600	XAUUSD	M5	4299.23	4301.87	4302.70	4296.83	-1	0.23376	3
1790340900	XAUUSD	M5	4298.13	4299.23	4300.07	4297.42	-1	0.64565	3
1790341200	XAUUSD	M5	4291.67	4298.13	4299.08	4291.67	-1	2.32434	4
1790341500	XAUUSD	M5	4297.75	4291.67	4298.33	4291.67	1	1.99259	1
1790341800	XAUUSD	M5	4292.77	4297.66	4297.76	4292.42	-1	1.36539	3
1790342100	XAUUSD	M5	4290.35	4292.53	4293.78	4288.97	-1	0.10830	3
1790342400	XAUUSD	M5	4285.82	4290.32	4290.70	4285.48	-1	1.10730	3
1790342700	XAUUSD	M5	4278.22	4285.83	4286.30	4278.10	-1	2.55018	4
1790343000	XAUUSD	M5	4280.05	4278.36	4281.93	4273.42	1	0.43498	0
1790343300	XAUUSD	M5	4281.11	4280.06	4284.33	4278.36	1	0.74483	0
1790343600	XAUUSD	M5	4278.93	4281.17	4282.67	4276.81	-1	0.13861	3
1790343900	XAUUSD	M5	4278.10	4278.81	4280.52	4274.21	-1	0.90723	3
1790344200	XAUUSD	M5	4280.53	4277.80	4283.49	4277.47	1	0.10887	0
1790344500	XAUUSD	M5	4275.61	4280.57	4280.92	4275.22	-1	1.24901	3
1790344800	XAUUSD	M5	4258.47	4275.48	4278.02	4257.76	-1	5.19786	5
1790345100	XAUUSD	M5	4266.32	4258.17	4267.17	4254.76	1	1.87613	1
1790345400	XAUUSD	M5	4267.51	4266.28	4267.51	4263.74	1	0.55483	0
1790345700	XAUUSD	M5	4266.09	4267.48	4267.48	4259.85	-1	0.49342	3
1790346000	XAUUSD	M5	4268.36	4265.89	4270.45	4265.39	1	0.12962	0
1790346300	XAUUSD	M5	4265.99	4268.54	4270.80	4265.99	-1	0.10362	3
1790346600	XAUUSD	M5	4264.98	4266.02	4266.96	4262.58	-1	0.64392	3
1790346900	XAUUSD	M5	4271.78	4265.20	4272.46	4263.60	1	1.31562	0
1790347200	XAUUSD	M5	4273.19	4271.71	4273.23	4268.60	1	0.46462	0
1790347500	XAUUSD	M5	4277.90	4273.11	4279.38	4269.75	1	0.69597	0
1790347800	XAUUSD	M5	4277.10	4277.86	4278.82	4273.32	-1	0.72867	3
1790348100	XAUUSD	M5	4279.08	4277.16	4280.68	4276.28	1	0.31737	0
1790348400	XAUUSD	M5	4281.98	4279.13	4282.28	4278.25	1	0.01042	0
1790348700	XAUUSD	M5	4275.67	4281.96	4282.74	4275.67	-1	1.18428	3
1790349000	XAUUSD	M5	4280.10	4275.67	4280.40	4274.29	1	0.51541	0
1790349300	XAUUSD	M5	4274.98	4280.16	4281.27	4274.68	-1	0.74761	3
1790349600	XAUUSD	M5	4275.96	4275.00	4279.62	4272.80	1	0.71340	0
1790349900	XAUUSD	M5	4279.74	4275.93	4281.22	4275.40	1	0.27095	0
1790350200	XAUUSD	M5	4282.80	4279.77	4285.71	4279.20	1	0.01674	0
1790350500	XAUUSD	M5	4276.48	4282.87	4283.41	4276.48	-1	1.13615	3
1790350800	XAUUSD	M5	4275.01	4276.43	4278.80	4274.78	-1	0.58990	3
1790351100	XAUUSD	M5	4271.62	4275.01	4275.46	4271.62	-1	0.08327	3
1790351400	XAUUSD	M5	4277.52	4271.74	4279.78	4270.07	1	0.88287	0
1790351700	XAUUSD	M5	4290.71	4277.53	4290.76	4276.25	1	3.09121	2
1790352000	XAUUSD	M5	4294.65	4290.92	4299.17	4289.50	1	0.08874	0
1790352300	XAUUSD	M5	4293.77	4294.88	4300.24	4291.20	-1	0.72452	3
1790352600	XAUUSD	M5	4290.48	4294.13	4296.16	4287.08	-1	0.06922	3
1790352900	XAUUSD	M5	4288.74	4290.29	4292.46	4287.59	-1	0.60090	3
1790353200	XAUUSD	M5	4288.22	4288.95	4290.23	4284.83	-1	0.85989	3
1790353500	XAUUSD	M5	4292.12	4288.27	4292.94	4287.70	1	0.11418	0
1790353800	XAUUSD	M5	4284.00	4292.13	4293.00	4279.48	-1	1.42434	3
1790354100	XAUUSD	M5	4287.28	4283.98	4288.32	4283.33	1	0.11962	0
1790354400	XAUUSD	M5	4287.15	4287.40	4288.99	4284.46	-1	1.06042	3
1790354700	XAUUSD	M5	4282.82	4286.98	4287.19	4281.78	-1	0.15208	3
1790355000	XAUUSD	M5	4284.65	4282.84	4285.89	4282.41	1	0.58191	0
1790355300	XAUUSD	M5	4286.47	4284.84	4288.01	4284.55	1	0.62565	0
1790355600	XAUUSD	M5	4291.13	4286.47	4292.45	4285.48	1	0.33425	0
1790355900	XAUUSD	M5	4292.83	4291.14	4292.97	4289.86	1	0.62019	0
1790356200	XAUUSD	M5	4291.41	4292.69	4292.75	4291.01	-1	0.75653	3
1790356500	XAUUSD	M5	4290.74	4291.38	4291.73	4289.08	-1	0.96570	3
1790356800	XAUUSD	M5	4292.18	4290.74	4292.18	4289.60	1	0.69929	0
1790357100	XAUUSD	M5	4286.66	4292.25	4293.15	4285.09	-1	0.60242	3
1790357400	XAUUSD	M5	4285.12	4286.46	4287.77	4284.20	-1	0.73129	3
1790357700	XAUUSD	M5	4284.18	4285.07	4285.07	4279.61	-1	0.84430	3
1790358000	XAUUSD	M5	4285.68	4284.11	4288.23	4283.62	1	0.60523	0
1790358300	XAUUSD	M5	4284.23	4285.68	4286.83	4282.09	-1	0.63789	3
1790358600	XAUUSD	M5	4283.94	4284.22	4284.69	4283.24	-1	0.97897	3
1790358900	XAUUSD	M5	4283.19	4283.97	4285.41	4282.46	-1	0.78945	3
1790359200	XAUUSD	M5	4283.33	4283.54	4284.45	4282.83	-1	0.95732	3
1790359500	XAUUSD	M5	4285.50	4283.21	4285.77	4282.88	1	0.30263	0
1790359800	XAUUSD	M5	4284.78	4285.53	4285.68	4283.36	-1	0.78272	3
1790360100	XAUUSD	M5	4288.47	4284.86	4288.64	4284.33	1	0.11152	0
1790360400	XAUUSD	M5	4288.96	4288.27	4289.42	4286.21	1	0.80688	0
1790360700	XAUUSD	M5	4287.52	4288.97	4290.34	4284.19	-1	0.54424	3
1790361000	XAUUSD	M5	4292.26	4287.26	4292.45	4287.22	1	0.82498	0
1790361300	XAUUSD	M5	4287.74	4292.31	4294.09	4287.63	-1	0.70644	3
1790361600	XAUUSD	M5	4291.77	4287.72	4292.00	4287.62	1	0.46971	0
1790361900	XAUUSD	M5	4294.78	4291.76	4295.24	4290.80	1	0.02812	0
1790362200	XAUUSD	M5	4294.68	4294.84	4296.12	4294.04	-1	1.13631	3
1790362500	XAUUSD	M5	4294.88	4294.67	4295.40	4293.46	1	1.08547	0
1790362800	XAUUSD	M5	4289.76	4294.86	4295.87	4289.58	-1	0.87992	3
1790363100	XAUUSD	M5	4293.86	4289.76	4294.61	4288.63	1	0.50044	0
1790363400	XAUUSD	M5	4296.77	4293.78	4297.25	4292.54	1	0.02757	0
1790363700	XAUUSD	M5	4292.87	4296.78	4297.00	4292.65	-1	0.41976	3
1790364000	XAUUSD	M5	4290.08	4292.70	4292.89	4289.51	-1	0.13589	3
1790364300	XAUUSD	M5	4289.00	4290.01	4290.25	4288.02	-1	0.80454	3
1790364600	XAUUSD	M5	4288.78	4288.89	4290.39	4287.91	-1	1.14655	3
1790364900	XAUUSD	M5	4293.30	4288.77	4294.17	4288.77	1	0.71059	0
1790365200	XAUUSD	M5	4292.38	4293.29	4293.86	4292.09	-1	0.78445	3
1790365500	XAUUSD	M5	4292.90	4292.40	4294.42	4292.38	1	0.92186	0
1790365800	XAUUSD	M5	4290.93	4293.35	4293.84	4290.40	-1	0.12566	3
1790366100	XAUUSD	M5	4291.36	4290.93	4291.61	4289.56	1	0.93501	0
1790366400	XAUUSD	M5	4291.32	4291.19	4292.06	4291.06	1	1.02818	0
1790366700	XAUUSD	M5	4291.55	4291.32	4291.79	4289.82	1	0.95392	0
1790367000	XAUUSD	M5	4290.72	4291.48	4291.93	4290.47	-1	0.72248	3
1790367300	XAUUSD	M5	4289.97	4290.67	4290.96	4289.67	-1	0.72414	3
1790367600	XAUUSD	M5	4288.57	4289.97	4290.11	4288.08	-1	0.40332	3
1790367900	XAUUSD	M5	4287.39	4288.57	4288.74	4286.88	-1	0.52356	3
1790368200	XAUUSD	M5	4286.27	4287.37	4287.53	4286.16	-1	0.54363	3
1790368500	XAUUSD	M5	4285.78	4286.28	4286.72	4285.34	-1	0.86875	3
1790368800	XAUUSD	M5	4284.81	4285.76	4286.11	4284.79	-1	0.59301	3
1790369100	XAUUSD	M5	4285.16	4284.81	4286.51	4284.31	1	0.90912	0
1790369400	XAUUSD	M5	4285.10	4285.24	4287.26	4284.89	-1	1.01417	3
1790369700	XAUUSD	M5	4285.96	4284.97	4286.92	4284.87	1	0.51999	0
1790546400	XAUUSD	M5	4272.70	4278.10	4280.03	4265.29	-1	2.13237	4
1790546700	XAUUSD	M5	4273.68	4272.39	4275.08	4271.66	1	0.33314	0
1790547000	XAUUSD	M5	4266.18	4273.89	4275.15	4266.00	-1	3.16453	5
1790547300	XAUUSD	M5	4268.21	4266.18	4270.48	4266.02	1	0.05255	0
1790547600	XAUUSD	M5	4268.58	4268.47	4268.90	4266.50	1	0.99491	0
1790547900	XAUUSD	M5	4268.66	4268.58	4270.40	4268.06	1	0.98649	0
1790548200	XAUUSD	M5	4263.19	4268.66	4268.80	4262.76	-1	1.93774	4
1790548500	XAUUSD	M5	4263.09	4263.15	4264.46	4262.04	-1	0.96626	3
1790548800	XAUUSD	M5	4261.58	4262.97	4263.32	4261.56	-1	0.25377	3
1790549100	XAUUSD	M5	4259.37	4261.58	4262.85	4259.21	-1	0.17143	3
1790549400	XAUUSD	M5	4258.85	4259.38	4260.58	4257.96	-1	0.72152	3
1790549700	XAUUSD	M5	4260.09	4258.85	4260.12	4258.34	1	0.30919	0
1790550000	XAUUSD	M5	4264.72	4260.14	4265.08	4257.49	1	1.48815	0
1790550300	XAUUSD	M5	4264.96	4264.72	4266.26	4264.28	1	0.87084	0
1790550600	XAUUSD	M5	4264.92	4264.98	4265.91	4263.93	-1	0.94543	3
1790550900	XAUUSD	M5	4264.55	4264.92	4265.34	4264.09	-1	0.76357	3
1790551200	XAUUSD	M5	4265.28	4264.55	4265.70	4264.20	1	0.57689	0
1790551500	XAUUSD	M5	4263.33	4265.29	4265.41	4262.46	-1	0.07300	3
1790551800	XAUUSD	M5	4261.07	4263.33	4263.81	4260.33	-1	0.21580	3
1790552100	XAUUSD	M5	4260.32	4261.07	4261.82	4259.85	-1	0.58703	3
1790552400	XAUUSD	M5	4260.36	4260.32	4260.91	4259.01	1	0.95899	0
1790552700	XAUUSD	M5	4261.89	4260.37	4261.89	4259.25	1	0.14245	0
1790553000	XAUUSD	M5	4260.58	4261.99	4265.00	4259.65	-1	0.21007	3
1790553300	XAUUSD	M5	4260.45	4260.58	4262.26	4259.75	-1	0.88768	3
1790553600	XAUUSD	M5	4258.19	4260.24	4260.96	4254.41	-1	0.18587	3
1790553900	XAUUSD	M5	4255.49	4258.25	4258.54	4253.47	-1	0.61316	3
1790554200	XAUUSD	M5	4256.26	4255.32	4256.81	4253.68	1	0.39658	0
1790554500	XAUUSD	M5	4255.21	4256.26	4257.33	4253.30	-1	0.31349	3
1790554800	XAUUSD	M5	4253.07	4255.13	4255.54	4252.48	-1	0.25514	3
1790555100	XAUUSD	M5	4249.91	4253.03	4254.33	4249.91	-1	0.84376	3
1790555400	XAUUSD	M5	4235.79	4249.49	4250.28	4228.10	-1	5.10443	5
1790555700	XAUUSD	M5	4236.69	4235.97	4239.72	4233.80	1	0.45707	0
1790556000	XAUUSD	M5	4236.97	4236.68	4237.88	4231.85	1	0.62111	0
1790556300	XAUUSD	M5	4234.54	4236.80	4239.16	4232.28	-1	0.24700	3
1790556600	XAUUSD	M5	4230.36	4234.61	4236.15	4230.21	-1	1.09139	3
1790556900	XAUUSD	M5	4230.95	4230.33	4235.65	4227.71	1	0.47345	0
1790557200	XAUUSD	M5	4227.10	4230.94	4231.47	4219.11	-1	0.88382	3
1790557500	XAUUSD	M5	4223.98	4227.30	4228.13	4218.98	-1	0.67587	3
1790557800	XAUUSD	M5	4220.77	4224.35	4225.98	4214.42	-1	0.76400	3
1790558100	XAUUSD	M5	4220.15	4220.87	4225.63	4217.94	-1	0.47489	3
1790558400	XAUUSD	M5	4220.41	4220.25	4222.50	4216.41	1	0.69634	0
1790558700	XAUUSD	M5	4220.60	4220.55	4222.25	4216.09	1	0.73922	0
1790559000	XAUUSD	M5	4219.05	4220.61	4223.64	4216.83	-1	0.10149	3
1790559300	XAUUSD	M5	4210.10	4219.08	4219.13	4209.90	-1	2.80836	5
1790559600	XAUUSD	M5	4209.67	4210.15	4215.14	4208.26	-1	0.58782	3
1790559900	XAUUSD	M5	4211.08	4209.68	4211.72	4205.97	1	0.22596	0
1790560200	XAUUSD	M5	4211.36	4211.02	4214.68	4210.13	1	0.64008	0
1790560500	XAUUSD	M5	4216.10	4211.35	4217.67	4211.25	1	1.08091	0
1790560800	XAUUSD	M5	4214.09	4216.09	4217.39	4211.24	-1	0.01098	3
1790561100	XAUUSD	M5	4214.58	4214.19	4216.30	4210.63	1	0.64602	0
1790561400	XAUUSD	M5	4215.85	4214.79	4217.07	4213.07	1	0.38234	0
1790561700	XAUUSD	M5	4216.55	4215.80	4216.69	4214.09	1	0.50863	0
1790562000	XAUUSD	M5	4215.96	4216.53	4217.13	4214.24	-1	0.58427	3
1790562300	XAUUSD	M5	4215.01	4215.96	4217.25	4214.74	-1	0.43321	3
1790562600	XAUUSD	M5	4209.01	4215.03	4215.49	4208.97	-1	1.56233	3
1790562900	XAUUSD	M5	4206.28	4208.27	4209.69	4205.45	-1	0.03030	3
1790563200	XAUUSD	M5	4207.12	4206.24	4208.86	4205.28	1	0.43868	0
1790563500	XAUUSD	M5	4204.15	4207.06	4208.72	4203.41	-1	0.39381	3
1790563800	XAUUSD	M5	4201.53	4204.08	4205.87	4200.45	-1	0.22760	3
1790564100	XAUUSD	M5	4196.75	4201.55	4201.71	4194.21	-1	1.11879	3
1790564400	XAUUSD	M5	4199.24	4196.76	4201.29	4195.09	1	0.18760	0
1790564700	XAUUSD	M5	4202.38	4199.24	4202.74	4198.65	1	0.44328	0
1790565000	XAUUSD	M5	4200.30	4202.45	4203.03	4200.29	-1	0.01903	3
1790565300	XAUUSD	M5	4198.70	4200.30	4201.24	4198.70	-1	0.20870	3
1790565600	XAUUSD	M5	4195.47	4198.61	4198.62	4194.27	-1	0.42292	3
1790565900	XAUUSD	M5	4196.05	4195.47	4197.29	4194.38	1	0.65499	0
1790566200	XAUUSD	M5	4192.45	4195.88	4198.16	4191.55	-1	0.56262	3
1790566500	XAUUSD	M5	4195.16	4192.44	4195.53	4191.83	1	0.24213	0
1790566800	XAUUSD	M5	4193.15	4195.15	4196.09	4192.36	-1	0.08213	3
1790567100	XAUUSD	M5	4195.96	4193.13	4196.13	4191.36	1	0.25768	0
1790567400	XAUUSD	M5	4199.11	4195.84	4199.55	4195.61	1	0.42913	0
1790567700	XAUUSD	M5	4196.84	4199.16	4199.16	4196.80	-1	0.01321	3
1790568000	XAUUSD	M5	4196.03	4196.66	4197.37	4195.09	-1	0.70516	3
1790568300	XAUUSD	M5	4198.28	4196.03	4198.35	4195.63	1	0.01617	0
1790568600	XAUUSD	M5	4199.43	4198.28	4199.61	4197.07	1	0.50653	0
1790568900	XAUUSD	M5	4197.06	4199.45	4199.56	4196.66	-1	0.02896	3
1790569200	XAUUSD	M5	4196.83	4197.23	4197.81	4195.92	-1	0.83020	3
1790569500	XAUUSD	M5	4199.61	4196.88	4199.71	4195.52	1	0.16553	0
1790569800	XAUUSD	M5	4196.39	4199.61	4200.16	4196.38	-1	0.37091	3
1790570100	XAUUSD	M5	4196.17	4196.39	4198.16	4196.15	-1	0.91802	3
1790570400	XAUUSD	M5	4198.20	4196.17	4199.38	4196.17	1	0.13902	0
1790570700	XAUUSD	M5	4197.24	4198.20	4198.72	4196.79	-1	0.60557	3
1790571000	XAUUSD	M5	4196.06	4197.24	4197.73	4195.35	-1	0.50122	3
1790571300	XAUUSD	M5	4194.67	4196.23	4196.81	4194.18	-1	0.32308	3
1790571600	XAUUSD	M5	4195.40	4194.61	4197.96	4194.54	1	0.76059	0
1790571900	XAUUSD	M5	4192.46	4195.40	4195.40	4189.83	-1	0.50210	3
1790572200	XAUUSD	M5	4192.54	4192.46	4192.74	4190.64	1	1.20861	0
1790572500	XAUUSD	M5	4189.55	4192.33	4194.59	4188.94	-1	0.40096	3
1790572800	XAUUSD	M5	4187.20	4189.48	4190.46	4185.38	-1	0.12593	3
1790573100	XAUUSD	M5	4190.52	4187.20	4192.03	4186.71	1	0.72876	0
1790573400	XAUUSD	M5	4184.03	4190.50	4190.50	4183.65	-1	2.48259	4
1790573700	XAUUSD	M5	4181.47	4184.03	4186.85	4181.05	-1	0.23348	3
1790574000	XAUUSD	M5	4183.42	4181.50	4184.18	4180.27	1	0.12047	0
1790574300	XAUUSD	M5	4180.61	4183.46	4183.99	4179.61	-1	0.40109	3
1790574600	XAUUSD	M5	4182.82	4180.58	4182.84	4179.53	1	0.02113	0
1790574900	XAUUSD	M5	4179.37	4182.64	4184.76	4178.98	-1	0.60530	3
1790575200	XAUUSD	M5	4176.12	4179.37	4179.37	4175.15	-1	0.57361	3
1790575500	XAUUSD	M5	4179.18	4176.09	4181.38	4175.31	1	0.65110	0
1790575800	XAUUSD	M5	4178.85	4179.15	4181.21	4177.37	-1	1.35237	3
1790576100	XAUUSD	M5	4174.44	4178.85	4179.74	4173.98	-1	1.52867	3
1790576400	XAUUSD	M5	4173.42	4174.44	4177.53	4171.56	-1	0.87564	3
1790576700	XAUUSD	M5	4169.92	4173.42	4173.99	4169.28	-1	0.92553	3
1790577000	XAUUSD	M5	4175.10	4169.91	4175.44	4168.55	1	2.02770	1
1790577300	XAUUSD	M5	4176.81	4175.10	4177.17	4173.37	1	0.42682	0
1790577600	XAUUSD	M5	4171.83	4176.73	4177.47	4171.76	-1	1.74587	3
1790577900	XAUUSD	M5	4175.81	4171.79	4176.50	4171.78	1	1.09444	0
1790578200	XAUUSD	M5	4167.34	4175.76	4175.89	4166.70	-1	3.57432	5
1790578500	XAUUSD	M5	4164.17	4167.30	4167.66	4161.90	-1	0.30978	3
1790578800	XAUUSD	M5	4165.51	4164.00	4165.93	4161.21	1	0.66646	0
1790579100	XAUUSD	M5	4165.16	4165.17	4166.32	4161.27	-1	1.57151	3
1790579400	XAUUSD	M5	4161.08	4165.18	4166.14	4160.26	-1	0.96425	3
1790579700	XAUUSD	M5	4162.59	4161.04	4164.33	4161.04	1	0.62336	0
1790580000	XAUUSD	M5	4159.76	4162.46	4162.59	4156.51	-1	0.09656	3
1790580300	XAUUSD	M5	4158.22	4159.77	4161.38	4156.77	-1	0.59686	3
1790580600	XAUUSD	M5	4158.50	4158.36	4159.91	4156.17	1	1.43888	0
1790580900	XAUUSD	M5	4154.35	4158.50	4158.62	4152.41	-1	1.04602	3
1790581200	XAUUSD	M5	4153.86	4154.30	4158.30	4153.28	-1	1.21523	3
1790581500	XAUUSD	M5	4155.76	4153.87	4156.77	4153.14	1	0.33335	0
1790581800	XAUUSD	M5	4156.84	4155.69	4157.07	4152.49	1	0.76053	0
1790582100	XAUUSD	M5	4155.57	4156.92	4160.44	4150.91	-1	0.65244	3
1790582400	XAUUSD	M5	4158.41	4155.42	4158.78	4154.04	1	0.36062	0
1790582700	XAUUSD	M5	4156.70	4158.33	4159.09	4155.52	-1	0.46346	3
1790583000	XAUUSD	M5	4156.80	4156.71	4157.52	4151.47	1	1.36391	0
1790583300	XAUUSD	M5	4151.79	4156.73	4156.90	4151.39	-1	1.50829	3
1790583600	XAUUSD	M5	4148.50	4151.77	4152.52	4146.12	-1	0.52137	3
1790583900	XAUUSD	M5	4144.98	4148.52	4153.43	4143.37	-1	0.66475	3
1790584200	XAUUSD	M5	4148.53	4144.98	4148.53	4143.40	1	0.64309	0
1790584500	XAUUSD	M5	4144.58	4148.59	4149.78	4142.68	-1	0.88958	3
1790584800	XAUUSD	M5	4149.28	4144.74	4151.25	4144.36	1	1.15623	0
1790585100	XAUUSD	M5	4149.44	4149.24	4152.82	4147.31	1	1.33108	0
1790585400	XAUUSD	M5	4146.81	4149.44	4150.54	4144.83	-1	0.04043	3
1790585700	XAUUSD	M5	4144.46	4146.81	4147.33	4144.44	-1	0.11849	3
1790586000	XAUUSD	M5	4141.20	4144.43	4146.72	4141.20	-1	0.39374	3
1790586300	XAUUSD	M5	4141.22	4141.23	4147.59	4141.22	-1	1.47388	3
1790586600	XAUUSD	M5	4144.44	4141.44	4145.98	4140.68	1	0.25089	0
1790586900	XAUUSD	M5	4144.95	4144.38	4147.27	4141.69	1	1.15033	0
1790587200	XAUUSD	M5	4147.55	4144.98	4148.81	4144.92	1	0.00948	0
1790587500	XAUUSD	M5	4146.47	4147.70	4147.75	4144.52	-1	0.78312	3
1790587800	XAUUSD	M5	4142.63	4146.26	4146.73	4142.19	-1	0.58258	3
1790588100	XAUUSD	M5	4145.24	4142.65	4147.91	4142.64	1	0.02121	0
1790588400	XAUUSD	M5	4149.90	4145.24	4151.10	4144.80	1	1.14907	0
1790588700	XAUUSD	M5	4154.11	4149.87	4154.60	4149.87	1	0.87891	0
1790589000	XAUUSD	M5	4157.47	4154.05	4157.59	4153.47	1	0.38639	0
1790589300	XAUUSD	M5	4155.84	4157.34	4157.34	4154.01	-1	0.71390	3
1790589600	XAUUSD	M5	4158.81	4155.96	4158.99	4153.81	1	0.11700	0
1790589900	XAUUSD	M5	4157.02	4158.81	4158.98	4153.93	-1	0.52065	3
1790590200	XAUUSD	M5	4155.37	4157.02	4158.04	4153.52	-1	0.60195	3
1790590500	XAUUSD	M5	4152.44	4155.28	4157.23	4152.18	-1	0.12226	3
1790590800	XAUUSD	M5	4154.41	4152.42	4155.43	4151.66	1	0.39179	0
1790591100	XAUUSD	M5	4158.45	4154.38	4158.69	4154.35	1	0.85882	0
1790591400	XAUUSD	M5	4156.82	4158.49	4158.83	4154.60	-1	0.57317	3
1790591700	XAUUSD	M5	4158.00	4156.85	4158.42	4156.17	1	0.85973	0
1790592000	XAUUSD	M5	4155.90	4158.00	4159.35	4155.36	-1	0.31563	3
1790592300	XAUUSD	M5	4156.22	4156.20	4156.71	4154.49	1	1.51805	0
1790592600	XAUUSD	M5	4157.41	4156.23	4159.01	4155.89	1	0.82127	0
1790592900	XAUUSD	M5	4155.44	4157.40	4158.07	4155.36	-1	0.33342	3
1790593200	XAUUSD	M5	4150.05	4155.54	4159.96	4149.20	-1	1.79053	4
1790593500	XAUUSD	M5	4153.54	4150.07	4153.54	4150.02	1	0.55431	0
1790593800	XAUUSD	M5	4150.02	4153.54	4153.75	4148.56	-1	0.60947	3
1790594100	XAUUSD	M5	4149.99	4149.98	4154.91	4148.37	1	1.47164	0
1790594400	XAUUSD	M5	4152.86	4149.93	4154.48	4148.28	1	0.40529	0
1790594700	XAUUSD	M5	4155.58	4152.86	4155.74	4152.78	1	0.26511	0
1790595000	XAUUSD	M5	4152.54	4155.57	4155.57	4151.41	-1	0.46209	3
1790595300	XAUUSD	M5	4148.73	4152.56	4152.62	4148.35	-1	0.98784	3
1790595600	XAUUSD	M5	4151.54	4148.83	4152.14	4148.71	1	0.21379	0
1790595900	XAUUSD	M5	4149.98	4151.76	4154.55	4149.21	-1	0.45899	3
1790596200	XAUUSD	M5	4148.66	4150.00	4151.21	4147.75	-1	0.75402	3
1790596500	XAUUSD	M5	4148.78	4148.66	4152.62	4148.19	1	1.57621	0
1790596800	XAUUSD	M5	4156.30	4148.77	4157.29	4146.75	1	3.23193	2
1790597100	XAUUSD	M5	4164.75	4156.69	4167.32	4156.60	1	3.19571	2
1790597400	XAUUSD	M5	4165.69	4164.75	4166.09	4161.27	1	0.96356	0
1790597700	XAUUSD	M5	4167.42	4165.40	4167.85	4163.85	1	0.33211	0
1790598000	XAUUSD	M5	4160.80	4167.36	4171.06	4160.64	-1	2.18028	4
1790598300	XAUUSD	M5	4154.14	4160.62	4163.26	4153.86	-1	2.01025	4
1790598600	XAUUSD	M5	4152.98	4154.07	4154.45	4149.35	-1	0.89342	3
1790598900	XAUUSD	M5	4147.80	4153.16	4153.23	4147.23	-1	1.35295	3
1790599200	XAUUSD	M5	4145.01	4147.83	4147.83	4143.13	-1	0.02493	3
1790599500	XAUUSD	M5	4146.74	4145.15	4150.01	4143.52	1	0.66418	0
1790599800	XAUUSD	M5	4151.47	4146.74	4151.73	4146.49	1	1.02910	0
1790600100	XAUUSD	M5	4154.24	4151.49	4155.75	4148.77	1	0.03598	0
1790600400	XAUUSD	M5	4149.58	4154.32	4154.62	4145.23	-1	1.02308	3
1790600700	XAUUSD	M5	4148.70	4149.57	4150.60	4147.13	-1	1.02122	3
1790601000	XAUUSD	M5	4147.45	4148.70	4149.90	4146.41	-1	0.78752	3
1790601300	XAUUSD	M5	4147.28	4147.41	4149.93	4144.50	-1	1.38580	3
1790601600	XAUUSD	M5	4146.53	4147.42	4148.65	4144.50	-1	0.95317	3
1790601900	XAUUSD	M5	4142.22	4146.68	4149.47	4141.70	-1	0.91388	3
1790602200	XAUUSD	M5	4137.61	4142.17	4146.08	4137.61	-1	0.94598	3
1790602500	XAUUSD	M5	4146.57	4137.67	4150.15	4136.48	1	2.91816	2
1790602800	XAUUSD	M5	4150.95	4146.37	4151.42	4144.75	1	0.79306	0
1790603100	XAUUSD	M5	4158.18	4150.93	4159.91	4149.43	1	1.97469	1
1790603400	XAUUSD	M5	4157.10	4158.17	4160.45	4152.32	-1	0.92250	3
1790603700	XAUUSD	M5	4157.02	4157.05	4160.20	4155.37	-1	1.38290	3
1790604000	XAUUSD	M5	4144.55	4156.74	4157.06	4144.04	-1	3.61433	5
1790604300	XAUUSD	M5	4140.28	4144.69	4145.74	4139.30	-1	0.48062	3
1790604600	XAUUSD	M5	4138.78	4140.14	4142.39	4138.14	-1	0.71454	3
1790604900	XAUUSD	M5	4138.97	4138.87	4141.16	4136.73	1	1.17372	0
1790605200	XAUUSD	M5	4143.53	4138.84	4144.07	4136.95	1	0.62774	0
1790605500	XAUUSD	M5	4142.59	4143.56	4144.24	4140.26	-1	0.83009	3
1790605800	XAUUSD	M5	4136.84	4142.68	4142.68	4134.68	-1	1.04821	3
1790606100	XAUUSD	M5	4131.86	4136.86	4137.84	4131.54	-1	0.69752	3
1790606400	XAUUSD	M5	4123.30	4131.81	4131.81	4122.82	-1	1.94110	4
1790606700	XAUUSD	M5	4115.69	4123.29	4123.77	4114.36	-1	1.53200	3
1790607000	XAUUSD	M5	4116.00	4115.73	4123.19	4113.75	1	1.12866	0
1790607300	XAUUSD	M5	4118.24	4116.02	4119.17	4110.92	1	0.40890	0
1790607600	XAUUSD	M5	4122.50	4118.28	4122.83	4116.49	1	0.29912	0
1790607900	XAUUSD	M5	4122.14	4122.52	4123.78	4119.88	-1	1.08472	3
1790608200	XAUUSD	M5	4120.00	4122.15	4122.49	4118.35	-1	0.44557	3
1790608500	XAUUSD	M5	4124.94	4120.05	4126.80	4119.61	1	0.51811	0
1790608800	XAUUSD	M5	4122.51	4124.88	4125.26	4120.15	-1	0.41358	3
1790609100	XAUUSD	M5	4125.14	4122.46	4127.83	4121.96	1	0.30520	0
1790609400	XAUUSD	M5	4122.04	4125.20	4125.72	4120.70	-1	0.11306	3
1790609700	XAUUSD	M5	4122.30	4122.12	4125.15	4121.25	1	1.17775	0
1790610000	XAUUSD	M5	4119.81	4122.39	4122.74	4119.15	-1	0.29453	3
1790610300	XAUUSD	M5	4119.27	4119.90	4120.15	4115.43	-1	1.01526	3
1790610600	XAUUSD	M5	4120.18	4119.62	4122.22	4117.88	1	1.01493	0
1790610900	XAUUSD	M5	4124.07	4120.21	4124.31	4119.81	1	0.17591	0
1790611200	XAUUSD	M5	4122.79	4124.14	4124.71	4120.67	-1	0.72103	3
1790611500	XAUUSD	M5	4121.96	4122.80	4124.33	4120.70	-1	0.87903	3
1790611800	XAUUSD	M5	4117.34	4121.91	4122.17	4117.28	-1	0.44662	3
1790612100	XAUUSD	M5	4127.77	4117.35	4128.83	4116.56	1	2.35621	1
1790612400	XAUUSD	M5	4134.60	4127.71	4135.33	4126.40	1	1.11440	0
1790612700	XAUUSD	M5	4143.16	4134.42	4147.95	4134.18	1	1.66131	0
1790613000	XAUUSD	M5	4135.67	4143.14	4145.35	4135.26	-1	1.23977	3
1790613300	XAUUSD	M5	4135.66	4135.70	4140.07	4134.91	-1	1.19128	3
1790613600	XAUUSD	M5	4131.88	4135.69	4137.04	4131.38	-1	0.05413	3
1790613900	XAUUSD	M5	4129.41	4131.86	4134.43	4129.15	-1	0.40813	3
1790614200	XAUUSD	M5	4132.02	4129.42	4132.84	4128.50	1	0.33541	0
1790614500	XAUUSD	M5	4129.70	4132.03	4132.03	4128.28	-1	0.40440	3
1790614800	XAUUSD	M5	4127.66	4129.64	4129.64	4127.26	-1	0.53237	3
1790615100	XAUUSD	M5	4127.27	4127.66	4129.32	4126.32	-1	1.04192	3
1790615400	XAUUSD	M5	4141.78	4127.27	4146.60	4126.14	1	3.30755	2
1790615700	XAUUSD	M5	4134.04	4141.57	4141.61	4133.99	-1	1.13844	3
1790616000	XAUUSD	M5	4136.33	4134.09	4136.95	4133.66	1	0.44390	0
1790616300	XAUUSD	M5	4135.40	4136.48	4138.02	4134.40	-1	0.78036	3
1790616600	XAUUSD	M5	4136.72	4135.41	4139.34	4135.41	1	0.68981	0
1790616900	XAUUSD	M5	4133.89	4136.73	4138.38	4133.86	-1	0.24484	3
1790617200	XAUUSD	M5	4137.31	4134.19	4138.93	4134.04	1	0.17188	0
1790617500	XAUUSD	M5	4138.81	4137.30	4138.81	4135.53	1	0.67063	0
1790617800	XAUUSD	M5	4138.25	4138.81	4140.15	4137.16	-1	0.95613	3
1790618100	XAUUSD	M5	4134.51	4138.24	4138.82	4134.24	-1	0.01069	3
1790618400	XAUUSD	M5	4136.71	4134.49	4137.19	4133.92	1	0.43445	0
1790618700	XAUUSD	M5	4136.32	4136.81	4138.00	4135.26	-1	0.92756	3
1790619000	XAUUSD	M5	4135.85	4136.26	4138.51	4134.73	-1	0.92179	3
1790619300	XAUUSD	M5	4133.98	4135.87	4135.91	4133.74	-1	0.44300	3
1790619600	XAUUSD	M5	4134.97	4134.08	4137.39	4134.06	1	0.75134	0
1790619900	XAUUSD	M5	4135.04	4135.07	4136.02	4134.48	-1	1.01770	3
1790620200	XAUUSD	M5	4132.20	4134.98	4136.30	4131.80	-1	0.12114	3
1790620500	XAUUSD	M5	4134.36	4132.20	4135.25	4132.09	1	0.31509	0
1790620800	XAUUSD	M5	4138.66	4134.54	4139.19	4134.12	1	0.32551	0
1790621100	XAUUSD	M5	4139.10	4138.69	4139.66	4136.93	1	0.92461	0
1790621400	XAUUSD	M5	4140.24	4139.29	4141.63	4138.19	1	0.71780	0
1790621700	XAUUSD	M5	4139.17	4140.05	4140.68	4138.59	-1	0.74044	3
1790622000	XAUUSD	M5	4135.15	4139.21	4139.48	4131.62	-1	0.34045	3
1790622300	XAUUSD	M5	4132.02	4135.07	4135.30	4130.97	-1	0.01125	3
1790622600	XAUUSD	M5	4132.64	4132.00	4133.33	4131.35	1	0.77951	0
1790622900	XAUUSD	M5	4134.89	4132.65	4135.06	4132.10	1	0.19083	0
1790623200	XAUUSD	M5	4132.39	4134.85	4136.47	4131.78	-1	0.12741	3
1790623500	XAUUSD	M5	4133.70	4132.44	4134.75	4130.90	1	0.55346	0
1790623800	XAUUSD	M5	4131.04	4133.68	4135.09	4129.51	-1	0.04533	3
1790624100	XAUUSD	M5	4129.10	4131.04	4134.47	4129.10	-1	0.31081	3
1790624400	XAUUSD	M5	4129.32	4129.11	4131.28	4128.35	1	0.92009	0
1790624700	XAUUSD	M5	4125.74	4129.35	4129.35	4125.21	-1	0.31756	3
1790625000	XAUUSD	M5	4123.75	4126.13	4126.91	4123.49	-1	0.12872	3
1790625300	XAUUSD	M5	4123.15	4123.74	4124.80	4122.31	-1	0.75980	3
1790625600	XAUUSD	M5	4121.71	4123.13	4123.63	4120.21	-1	0.44800	3
1790625900	XAUUSD	M5	4118.08	4121.71	4122.20	4117.25	-1	0.32714	3
1790626200	XAUUSD	M5	4121.54	4118.11	4121.84	4117.94	1	0.24877	0
1790626500	XAUUSD	M5	4122.44	4121.49	4122.85	4121.19	1	0.65311	0
1790626800	XAUUSD	M5	4120.83	4122.40	4123.53	4120.76	-1	0.43673	3
1790627100	XAUUSD	M5	4117.69	4120.74	4120.76	4117.08	-1	0.10836	3
1790627400	XAUUSD	M5	4115.92	4117.73	4118.45	4115.66	-1	0.34785	3
1790627700	XAUUSD	M5	4116.43	4115.92	4116.95	4115.42	1	0.81937	0
1790628000	XAUUSD	M5	4113.75	4116.45	4117.93	4113.58	-1	0.00767	3
1790628300	XAUUSD	M5	4112.56	4113.69	4114.50	4111.47	-1	0.56321	3
1790628600	XAUUSD	M5	4114.33	4112.56	4114.57	4111.46	1	0.27942	0
1790628900	XAUUSD	M5	4114.89	4114.33	4115.30	4112.80	1	0.75748	0
1790632800	XAUUSD	M5	4121.13	4118.72	4121.17	4115.45	1	0.09199	0
1790633100	XAUUSD	M5	4122.75	4121.15	4123.12	4120.85	1	0.29427	0
1790633400	XAUUSD	M5	4122.39	4122.76	4122.77	4119.97	-1	0.83108	3
1790633700	XAUUSD	M5	4123.06	4122.38	4123.69	4122.23	1	0.67036	0
1790634000	XAUUSD	M5	4125.15	4123.22	4126.59	4123.19	1	0.09127	0
1790634300	XAUUSD	M5	4125.43	4125.15	4126.40	4124.06	1	0.82564	0
1790634600	XAUUSD	M5	4122.97	4125.42	4125.48	4121.41	-1	0.15971	3
1790634900	XAUUSD	M5	4122.18	4122.97	4123.95	4122.11	-1	0.60177	3
1790635200	XAUUSD	M5	4123.94	4122.18	4125.38	4122.17	1	0.08193	0
1790635500	XAUUSD	M5	4124.19	4123.99	4125.17	4123.88	1	1.36620	0
1790635800	XAUUSD	M5	4121.56	4124.15	4124.21	4120.40	-1	0.75230	3
1790636100	XAUUSD	M5	4121.55	4121.56	4121.88	4121.20	-1	1.49024	3
1790636400	XAUUSD	M5	4121.93	4121.55	4123.32	4121.49	1	1.14006	0
1790636700	XAUUSD	M5	4122.76	4121.93	4123.46	4121.93	1	0.72376	0
1790637000	XAUUSD	M5	4125.32	4122.76	4125.39	4122.46	1	0.78778	0
1790637300	XAUUSD	M5	4124.46	4125.32	4125.33	4124.37	-1	0.68190	3
