timestamp|symbol|open|high|low|close|volume|timeframe|tema|hrma|smma|Z-Score of body size|Candle classification|diag_asc_line_1|diag_asc_line_2|diag_asc_line_3|diag_desc_line_1|diag_desc_line_2|diag_desc_line_3|diag_high_map|diag_low_map|horiz_peak_line_1|horiz_peak_line_2|horiz_peak_line_3|horiz_bottom_line_1|horiz_bottom_line_2|horiz_bottom_line_3|horiz_high_map|horiz_low_map|ha_open|ha_high|ha_low|ha_close|ha_classification|ha_body_size|ha_body_zscore|kc_ultra_extreme_upper|kc_extreme_upper|kc_uppermost|kc_upper|kc_upper_middle|kc_lower_middle|kc_lower|kc_lowermost|kc_extreme_lower|kc_ultra_extreme_lower|sr_support_4|sr_support_3|sr_support_2|sr_support_1|sr_resistance_1|sr_resistance_2|sr_resistance_3|sr_resistance_4|zigzag_high|zigzag_low|ema|dual_tema_high|dual_tema_low|pinbar|collected_at
1770595200|XAUUSD|2650.43|2655.52|2649.28|2654.03|8732|M15|2653.12949|2650.84942|2653.81158|0.58578|0|2645.83818|2644.43192|2646.90863|2652.63132|2646.95057|2652.10686|0.0|0.0|2657.73007|2656.43901|2662.36165|2650.82681|2644.46738|2642.88641|0.0|0.0|2652.23|2655.52|2649.28|2652.315|1|0.085|1.59039|2678.99|2672.75|2666.51|2660.27|2657.15|2650.91|2647.79|2641.55|2635.31|2629.07|2636.8|2639.92|2643.04|2646.16|2658.64|2661.76|2664.88|2668.0|0.0|2645.8935|2649.01977|2655.18435|2649.60856|0|1770869869
1770596100|XAUUSD|2653.69|2654.72|2650.71|2651.16|2477|M15|2645.18931|2646.24183|2662.73341|2.29805|1|2650.44743|2653.728|2635.07532|2657.20862|2653.16021|2643.73762|0.0|0.0|2655.57841|2652.62439|2651.4947|2653.02593|2649.65077|2649.98775|2655.33255|0.0|2652.425|2654.72|2650.71|2652.57|1|0.145|-0.65409|2667.2|2663.19|2659.18|2655.17|2653.165|2649.155|2647.15|2643.14|2639.13|2635.12|2642.69|2644.695|2646.7|2648.705|2656.725|2658.73|2660.735|2662.74|0.0|0.0|2653.38581|2654.42866|2650.62203|0|1770869869
1770597000|XAUUSD|2648.85|2656.56|2644.69|2652.8|8249|M15|2648.11392|2656.36595|2662.93866|2.35024|0|2649.04804|2649.1005|2634.42282|2661.36329|2664.19588|2670.01771|0.0|0.0|2656.03972|2656.70152|2660.62722|2646.74485|2641.63366|2641.8663|2656.72382|0.0|2650.825|2656.56|2644.69|2650.725|-1|0.1|0.92976|2700.28|2688.41|2676.54|2664.67|2658.735|2646.865|2640.93|2629.06|2617.19|2605.32|2620.95|2626.885|2632.82|2638.755|2662.495|2668.43|2674.365|2680.3|2656.6579|0.0|2646.18549|2655.83642|2645.59258|0|1770869869
1770597900|XAUUSD|2659.34|2663.25|2649.04|2650.26|9919|M15|2645.49206|2651.45368|2638.74799|-0.96003|-2|2647.16644|2643.82049|2655.44583|2667.77267|2673.8626|2676.65868|0.0|0.0|2665.79803|2660.77106|2663.3278|2650.62704|2646.74571|2650.5532|2663.76202|0.0|2654.8|2663.25|2649.04|2655.4725|1|0.6725|1.85288|2707.1|2692.89|2678.68|2664.47|2657.365|2643.155|2636.05|2621.84|2607.63|2593.42|2620.62|2627.725|2634.83|2641.935|2670.355|2677.46|2684.565|2691.67|0.0|0.0|2646.63563|2663.48054|2648.56637|0|1770869869
1770598800|XAUUSD|2655.03|2663.61|2653.11|2660.21|9431|M15|2653.35392|2656.15018|2664.15018|-2.03081|2|2651.87114|2657.38629|2662.77469|2662.22802|2655.47601|2676.99346|2665.27993|0.0|2661.97579|2666.29601|2663.3117|2654.51971|2657.46616|2657.07741|0.0|0.0|2657.62|2663.61|2653.11|2657.99|1|0.37|1.09249|2702.21|2691.71|2681.21|2670.71|2665.46|2654.96|2649.71|2639.21|2628.71|2618.21|2632.11|2637.36|2642.61|2647.86|2668.86|2674.11|2679.36|2684.61|0.0|0.0|2665.49824|2663.44286|2653.16328|0|1770869869
1770599700|XAUUSD|2665.42|2669.33|2653.98|2657.47|9020|M15|2659.62532|2647.70333|2650.493|-1.91894|-1|2655.65415|2646.90804|2658.97179|2669.55386|2662.40306|2658.11012|0.0|0.0|2669.0921|2666.97554|2671.61871|2652.25813|2658.6612|2657.38046|0.0|2653.65392|2661.445|2669.33|2653.98|2661.55|1|0.105|-1.98858|2718.87|2703.52|2688.17|2672.82|2665.145|2649.795|2642.12|2626.77|2611.42|2596.07|2623.28|2630.955|2638.63|2646.305|2677.005|2684.68|2692.355|2700.03|2673.0524|2650.9361|2651.26577|2670.24707|2654.12958|0|1770869869
1770600600|XAUUSD|2658.29|2663.24|2654.94|2657.71|7033|M15|2656.96894|2651.07026|2662.1041|1.79423|0|2653.0135|2645.28437|2664.99348|2664.92253|2667.75555|2672.34818|0.0|0.0|2665.15733|2662.09108|2665.17156|2653.69993|2654.02274|2660.94775|2663.24763|2654.80909|2658.0|2663.24|2654.94|2658.545|1|0.545|1.51645|2690.91|2682.61|2674.31|2666.01|2661.86|2653.56|2649.41|2641.11|2632.81|2624.51|2638.34|2642.49|2646.64|2650.79|2667.39|2671.54|2675.69|2679.84|0.0|2652.26293|2655.64857|2663.12431|2654.33276|1|1770869869
1770601500|XAUUSD|2656.77|2666.12|2652.56|2664.71|1382|M15|2666.10048|2658.53493|2652.83805|-0.5914|1|2654.27972|2648.83958|2664.24844|2670.87451|2663.1997|2666.7036|0.0|0.0|2666.39099|2662.70624|2670.42365|2652.36198|2652.69485|2656.05115|0.0|0.0|2660.74|2666.12|2652.56|2660.04|-1|0.7|-1.99144|2718.95|2705.39|2691.83|2678.27|2671.49|2657.93|2651.15|2637.59|2624.03|2610.47|2625.44|2632.22|2639.0|2645.78|2672.9|2679.68|2686.46|2693.24|0.0|0.0|2661.52651|2666.82657|2652.7262|0|1770869869
1770602400|XAUUSD|2666.63|2667.07|2665.58|2666.66|7937|M15|2671.69722|2662.47467|2658.31007|2.04822|-2|2664.15638|2666.76019|2679.89565|2662.50587|2669.64456|2662.42655|0.0|0.0|2667.75352|2669.15729|2662.27947|2662.9598|2669.6965|2670.74088|0.0|2665.23302|2666.645|2667.07|2665.58|2666.485|-1|0.16|1.93019|2672.62|2671.13|2669.64|2668.15|2667.405|2665.915|2665.17|2663.68|2662.19|2660.7|2662.6|2663.345|2664.09|2664.835|2667.815|2668.56|2669.305|2670.05|2669.63421|0.0|2670.02389|2667.1639|2664.8204|0|1770869869
1770603300|XAUUSD|2669.71|2672.85|2663.78|2665.83|5662|M15|2660.80228|2666.73095|2674.45235|-0.06628|2|2666.54636|2673.03826|2649.43861|2675.52125|2680.18208|2682.58728|0.0|2663.67633|2671.94163|2671.57135|2666.83426|2664.50494|2666.93833|2663.30109|0.0|0.0|2667.77|2672.85|2663.78|2668.0425|1|0.2725|1.62765|2702.11|2693.04|2683.97|2674.9|2670.365|2661.295|2656.76|2647.69|2638.62|2629.55|2645.64|2650.175|2654.71|2659.245|2677.385|2681.92|2686.455|2690.99|2674.09322|2661.29609|2667.51261|2671.88857|2664.49224|0|1770869869
1770604200|XAUUSD|2666.43|2666.5|2661.13|2662.55|3645|M15|2660.49953|2667.46564|2665.55557|-1.40395|1|2662.2555|2659.24487|2669.08405|2661.99691|2663.08574|2661.20597|0.0|2661.1102|2667.26768|2668.67744|2667.72819|2659.1655|2660.33499|2656.45719|2667.3941|0.0|2664.49|2666.5|2661.13|2664.1525|-1|0.3375|1.5546|2684.03|2678.66|2673.29|2667.92|2665.235|2659.865|2657.18|2651.81|2646.44|2641.07|2650.39|2653.075|2655.76|2658.445|2669.185|2671.87|2674.555|2677.24|0.0|0.0|2666.95804|2667.27108|2661.60199|0|1770869869
1770605100|XAUUSD|2665.0|2671.49|2662.81|2667.58|4653|M15|2664.19028|2676.40858|2660.43874|-2.69568|-2|2667.8738|2659.03474|2670.20201|2670.98265|2673.2049|2670.53409|0.0|0.0|2669.29567|2675.91194|2667.71416|2665.28913|2660.28099|2658.08602|0.0|0.0|2666.29|2671.49|2662.81|2666.72|1|0.43|-0.20163|2702.3|2693.62|2684.94|2676.26|2671.92|2663.24|2658.9|2650.22|2641.54|2632.86|2645.45|2649.79|2654.13|2658.47|2675.83|2680.17|2684.51|2688.85|2672.98687|0.0|2660.20668|2672.44062|2662.35511|0|1770869869
1770606000|XAUUSD|2670.74|2674.0|2659.58|2663.77|1444|M15|2666.89211|2660.53775|2668.87927|-0.11073|-1|2662.30243|2669.75709|2663.71713|2670.8621|2683.75623|2668.44016|0.0|0.0|2674.55572|2672.71788|2675.49806|2657.66538|2660.31695|2659.37583|2674.23099|0.0|2667.255|2674.0|2659.58|2667.0225|-1|0.2325|0.29227|2721.45|2707.03|2692.61|2678.19|2670.98|2656.56|2649.35|2634.93|2620.51|2606.09|2630.74|2637.95|2645.16|2652.37|2681.21|2688.42|2695.63|2702.84|0.0|0.0|2677.30778|2674.00898|2659.32755|0|1770869869
1770606900|XAUUSD|2669.54|2672.26|2657.63|2661.33|7762|M15|2667.55192|2651.78608|2664.03343|2.60954|0|2660.50875|2653.13182|2650.54176|2669.73101|2668.5589|2660.77951|2673.84832|2655.94682|2670.46246|2672.19598|2675.26898|2659.30464|2656.77471|2662.21556|2672.99928|2657.54455|2665.435|2672.26|2657.63|2665.19|-1|0.245|0.23295|2719.85|2705.22|2690.59|2675.96|2668.645|2654.015|2646.7|2632.07|2617.44|2602.81|2628.37|2635.685|2643.0|2650.315|2679.575|2686.89|2694.205|2701.52|0.0|0.0|2660.56939|2673.24213|2657.70435|0|1770869869
1770607800|XAUUSD|2664.59|2669.39|2660.98|2663.29|3428|M15|2669.87078|2652.99569|2670.76052|1.12233|2|2660.04611|2669.26972|2660.12917|2667.09098|2679.30707|2662.17905|0.0|2660.75533|2670.64594|2667.10398|2665.83076|2661.10188|2657.13105|2657.88126|0.0|0.0|2663.94|2669.39|2660.98|2664.5625|1|0.6225|0.5804|2696.93|2688.52|2680.11|2671.7|2667.495|2659.085|2654.88|2646.47|2638.06|2629.65|2644.16|2648.365|2652.57|2656.775|2673.595|2677.8|2682.005|2686.21|0.0|2659.51641|2671.59063|2669.09309|2661.88029|0|1770869869
1770608700|XAUUSD|2660.81|2661.36|2654.08|2656.99|3117|M15|2657.39865|2660.85126|2669.10481|-2.99624|-1|2657.80799|2652.94415|2669.11854|2657.04665|2668.76572|2674.51623|0.0|2652.58367|2659.63352|2659.98405|2661.01051|2655.15346|2659.01159|2654.65233|2662.00276|2653.69649|2658.9|2661.36|2654.08|2658.31|-1|0.59|-0.48831|2686.11|2678.83|2671.55|2664.27|2660.63|2653.35|2649.71|2642.43|2635.15|2627.87|2639.52|2643.16|2646.8|2650.44|2665.0|2668.64|2672.28|2675.92|2665.11169|0.0|2666.18136|2661.08525|2654.10423|0|1770869869
1770609600|XAUUSD|2655.07|2659.3|2653.59|2654.54|7775|M15|2657.65557|2649.2381|2647.86394|2.62465|1|2651.05685|2646.1912|2667.4737|2656.00983|2662.62425|2667.49396|0.0|2652.08586|2657.29675|2654.66669|2655.33702|2654.50066|2650.12203|2654.68611|0.0|2653.49452|2654.805|2659.3|2653.59|2655.625|1|0.82|1.94037|2677.38|2671.67|2665.96|2660.25|2657.395|2651.685|2648.83|2643.12|2637.41|2631.7|2642.17|2645.025|2647.88|2650.735|2662.155|2665.01|2667.865|2670.72|0.0|0.0|2655.44075|2659.22087|2654.29415|0|1770869869
1770610500|XAUUSD|2653.45|2660.46|2651.62|2659.29|9408|M15|2660.02864|2659.29599|2669.69207|-2.06104|0|2655.83356|2644.49912|2638.63957|2660.27364|2653.7396|2659.82424|0.0|0.0|2661.20383|2665.46881|2662.59448|2651.40219|2652.59641|2644.67781|0.0|0.0|2656.37|2660.46|2651.62|2656.205|-1|0.165|1.23729|2694.65|2685.81|2676.97|2668.13|2663.71|2654.87|2650.45|2641.61|2632.77|2623.93|2633.94|2638.36|2642.78|2647.2|2664.88|2669.3|2673.72|2678.14|2663.91597|2649.01391|2646.59301|2660.71592|2651.90903|0|1770869869
1770611400|XAUUSD|2655.13|2663.42|2652.97|2661.68|5764|M15|2656.7357|2659.73731|2665.20005|-1.10896|2|2648.9823|2645.39139|2655.90991|2663.56253|2658.0048|2661.99523|0.0|0.0|2663.27221|2662.32515|2666.55113|2654.22436|2648.64594|2650.43376|0.0|0.0|2658.405|2663.42|2652.97|2658.3|-1|0.105|-1.37743|2703.48|2693.03|2682.58|2672.13|2666.905|2656.455|2651.23|2640.78|2630.33|2619.88|2632.07|2637.295|2642.52|2647.745|2668.645|2673.87|2679.095|2684.32|0.0|0.0|2668.54885|2664.41843|2652.81787|0|1770869869
1770612300|XAUUSD|2662.34|2664.68|2658.56|2662.98|8986|M15|2659.8604|2658.37844|2670.80352|2.68428|2|2656.67303|2662.71168|2654.92966|2664.51592|2660.41066|2670.03295|0.0|2657.36672|2664.64079|2666.59685|2671.42|2658.7898|2659.41036|2665.42747|0.0|2658.17694|2662.66|2664.68|2658.56|2662.14|-1|0.52|-1.96092|2687.46|2681.34|2675.22|2669.1|2666.04|2659.92|2656.86|2650.74|2644.62|2638.5|2646.32|2649.38|2652.44|2655.5|2667.74|2670.8|2673.86|2676.92|0.0|0.0|2661.02985|2664.53505|2659.01266|0|1770869869
1770613200|XAUUSD|2663.33|2664.94|2649.01|2653.56|9890|M15|2656.57536|2653.96465|2651.1781|-2.64853|-2|2644.2014|2652.00931|2641.05112|2669.02591|2668.8462|2674.6889|2665.90435|0.0|2663.93742|2660.71024|2666.59362|2646.54911|2645.5085|2647.07529|0.0|0.0|2658.445|2664.94|2649.01|2657.71|-1|0.735|0.92993|2717.28|2701.35|2685.42|2669.49|2661.525|2645.595|2637.63|2621.7|2605.77|2589.84|2617.15|2625.115|2633.08|2641.045|2672.905|2680.87|2688.835|2696.8|2669.13305|2648.28508|2660.5995|2664.49869|2648.66484|0|1770869869
1770614100|XAUUSD|2656.66|2661.99|2651.72|2660.88|1550|M15|2656.31857|2663.87001|2660.12538|-2.39678|1|2648.97211|2647.11015|2642.00544|2666.86104|2655.99698|2651.61002|2662.85185|0.0|2661.55331|2666.35535|2661.50309|2652.78612|2651.83165|2654.43265|0.0|0.0|2658.77|2661.99|2651.72|2657.8125|-1|0.9575|-0.8071|2701.96|2691.69|2681.42|2671.15|2666.015|2655.745|2650.61|2640.34|2630.07|2619.8|2631.18|2636.315|2641.45|2646.585|2667.125|2672.26|2677.395|2682.53|2664.49444|0.0|2659.77605|2662.55865|2651.27805|0|1770869869
1770615000|XAUUSD|2666.74|2668.91|2661.77|2662.94|7278|M15|2658.89588|2654.51878|2671.20346|2.5961|2|2666.49146|2655.38842|2655.9649|2665.88316|2668.81159|2677.7215|2669.82326|0.0|2671.35504|2664.35149|2674.41535|2661.86536|2663.64286|2664.68939|0.0|0.0|2664.84|2668.91|2661.77|2665.09|1|0.25|0.48464|2691.5|2684.36|2677.22|2670.08|2666.51|2659.37|2655.8|2648.66|2641.52|2634.38|2647.49|2651.06|2654.63|2658.2|2672.48|2676.05|2679.62|2683.19|2669.89453|0.0|2659.52272|2669.11746|2662.14824|0|1770869869
1770615900|XAUUSD|2666.97|2672.11|2663.56|2670.78|3341|M15|2665.38383|2674.2229|2661.12281|0.83919|1|2662.49806|2658.21061|2661.87043|2676.13093|2679.21488|2660.75346|0.0|2661.5733|2670.56366|2671.70238|2665.89159|2664.47488|2661.55045|2656.14019|2672.80156|0.0|2668.875|2672.11|2663.56|2668.355|-1|0.52|0.55911|2704.98|2696.43|2687.88|2679.33|2675.055|2666.505|2662.23|2653.68|2645.13|2636.58|2646.46|2650.735|2655.01|2659.285|2676.385|2680.66|2684.935|2689.21|2675.72131|0.0|2670.60473|2671.46285|2664.00164|0|1770869869
1770616800|XAUUSD|2667.6|2672.54|2662.75|2672.12|8138|M15|2678.32649|2663.79188|2677.44268|2.5399|-2|2660.24274|2670.09688|2651.5283|2670.90804|2665.55451|2679.3803|2673.99898|0.0|2674.90017|2676.31662|2670.18455|2661.66859|2664.26554|2656.40702|0.0|0.0|2669.86|2672.54|2662.75|2668.7525|-1|1.1075|-1.66847|2711.28|2701.49|2691.7|2681.91|2677.015|2667.225|2662.33|2652.54|2642.75|2632.96|2643.17|2648.065|2652.96|2657.855|2677.435|2682.33|2687.225|2692.12|0.0|0.0|2680.70774|2671.64863|2662.75079|0|1770869869
1770617700|XAUUSD|2673.74|2680.87|2669.16|2679.28|2414|M15|2686.95909|2671.31544|2681.87096|2.99921|2|2666.16175|2669.33576|2676.75245|2685.27971|2678.58327|2668.53434|0.0|0.0|2680.10889|2678.46316|2674.08042|2666.82308|2672.97036|2664.3013|2681.5581|2668.39715|2676.51|2680.87|2669.16|2675.7625|-1|0.7475|-1.55556|2726.12|2714.41|2702.7|2690.99|2685.135|2673.425|2667.57|2655.86|2644.15|2632.44|2645.74|2651.595|2657.45|2663.305|2686.725|2692.58|2698.435|2704.29|0.0|2667.37851|2675.46678|2680.28776|2669.80589|0|1770869869
1770618600|XAUUSD|2679.47|2682.33|2676.38|2681.94|7620|M15|2674.64|2680.7259|2668.71428|-0.52582|2|2681.6489|2684.60765|2674.57679|2687.17913|2680.86052|2688.41201|0.0|2675.04043|2679.69739|2686.26022|2682.56467|2677.97272|2681.29318|2673.10678|0.0|0.0|2680.705|2682.33|2676.38|2680.03|-1|0.675|0.56713|2705.74|2699.79|2693.84|2687.89|2684.915|2678.965|2675.99|2670.04|2664.09|2658.14|2664.48|2667.455|2670.43|2673.405|2685.305|2688.28|2691.255|2694.23|0.0|2672.90056|2672.65043|2682.02674|2677.28056|0|1770869869
1770619500|XAUUSD|2682.77|2687.62|2680.58|2681.9|5526|M15|2689.89506|2679.9646|2695.15669|-1.213|1|2682.99356|2678.24905|2672.07081|2686.53135|2686.66764|2701.91623|2688.5181|0.0|2690.01001|2688.36833|2682.45439|2680.24837|2676.65732|2674.12862|0.0|2679.88942|2682.335|2687.62|2680.58|2683.2175|1|0.8825|1.66942|2710.06|2703.02|2695.98|2688.94|2685.42|2678.38|2674.86|2667.82|2660.78|2653.74|2666.5|2670.02|2673.54|2677.06|2691.14|2694.66|2698.18|2701.7|2691.56235|2678.59853|2680.92238|2687.59674|2681.25289|0|1770869869
1770620400|XAUUSD|2688.14|2689.64|2675.57|2680.04|6114|M15|2673.57038|2675.83354|2685.45737|-0.01265|2|2670.64843|2669.11865|2682.26838|2693.59483|2696.51004|2697.01204|0.0|0.0|2690.15507|2693.70642|2683.69698|2674.36883|2676.47128|2680.36733|0.0|0.0|2684.09|2689.64|2675.57|2683.3475|-1|0.7425|1.02194|2736.32|2722.25|2708.18|2694.11|2687.075|2673.005|2665.97|2651.9|2637.83|2623.76|2647.43|2654.465|2661.5|2668.535|2696.675|2703.71|2710.745|2717.78|0.0|2671.57488|2673.36082|2688.96364|2676.41127|0|1770869869
1770621300|XAUUSD|2681.6|2693.4|2681.37|2688.41|8476|M15|2687.09389|2693.07593|2691.76889|1.09066|-2|2683.86092|2690.66905|2694.74164|2688.18802|2695.23907|2691.93453|0.0|2680.2264|2693.99657|2692.15439|2687.57158|2683.20787|2684.9998|2674.04566|2694.22273|0.0|2685.005|2693.4|2681.37|2686.195|1|1.19|-0.12006|2736.53|2724.5|2712.47|2700.44|2694.425|2682.395|2676.38|2664.35|2652.32|2640.29|2657.31|2663.325|2669.34|2675.355|2699.415|2705.43|2711.445|2717.46|0.0|0.0|2691.8699|2693.09452|2681.01182|0|1770869869
1770622200|XAUUSD|2691.92|2698.01|2688.82|2696.75|8649|M15|2696.25622|2693.84258|2687.49414|-1.10797|-1|2683.85002|2690.07477|2690.53056|2692.85747|2691.21433|2708.3257|2698.83575|2688.13364|2695.51815|2701.53945|2692.89599|2688.30038|2686.52698|2685.94358|0.0|0.0|2694.335|2698.01|2688.82|2693.875|-1|0.46|1.5766|2733.51|2724.32|2715.13|2705.94|2701.345|2692.155|2687.56|2678.37|2669.18|2659.99|2670.44|2675.035|2679.63|2684.225|2702.605|2707.2|2711.795|2716.39|0.0|0.0|2706.80668|2698.83049|2689.51423|0|1770869869
1770623100|XAUUSD|2697.25|2706.53|2693.08|2705.45|9899|M15|2710.54789|2706.9786|2708.25701|0.24452|2|2691.6841|2701.21391|2696.85877|2709.54858|2695.70542|2700.03375|0.0|0.0|2707.1908|2703.40135|2706.08422|2692.88815|2692.33763|2690.17565|0.0|2692.10066|2701.35|2706.53|2693.08|2700.5775|-1|0.7725|-0.98721|2759.25|2745.8|2732.35|2718.9|2712.175|2698.725|2692.0|2678.55|2665.1|2651.65|2666.18|2672.905|2679.63|2686.355|2713.255|2719.98|2726.705|2733.43|0.0|2690.69164|2705.93084|2706.52788|2692.13324|0|1770869869
1770624000|XAUUSD|2706.41|2709.97|2700.89|2703.24|4094|M15|2695.27329|2694.54052|2698.0176|-0.31736|2|2704.84691|2704.98678|2705.45769|2715.03617|2712.98958|2725.00298|0.0|0.0|2710.2569|2709.40779|2706.68827|2699.29807|2701.82342|2706.43775|0.0|0.0|2704.825|2709.97|2700.89|2705.1275|1|0.3025|-0.27325|2739.56|2730.48|2721.4|2712.32|2707.78|2698.7|2694.16|2685.08|2676.0|2666.92|2682.73|2687.27|2691.81|2696.35|2714.51|2719.05|2723.59|2728.13|0.0|0.0|2714.3288|2709.86687|2699.95086|0|1770869869
1770624900|XAUUSD|2701.85|2704.01|2694.45|2698.88|9440|M15|2700.57445|2706.8759|2694.85328|-1.65073|1|2698.32804|2685.30006|2702.91213|2705.55274|2708.79296|2715.31473|0.0|0.0|2706.62779|2705.87752|2710.10466|2696.40842|2693.25253|2693.55365|2704.7304|0.0|2700.365|2704.01|2694.45|2699.7975|-1|0.5675|-1.83053|2737.12|2727.56|2718.0|2708.44|2703.66|2694.1|2689.32|2679.76|2670.2|2660.64|2675.33|2680.11|2684.89|2689.67|2708.79|2713.57|2718.35|2723.13|0.0|2693.62081|2691.87941|2704.66562|2693.58209|0|1770869869
1770625800|XAUUSD|2696.77|2709.47|2693.73|2705.89|7862|M15|2698.64479|2698.75399|2716.76511|-2.92526|-1|2695.9569|2704.37332|2699.29769|2705.36526|2699.61543|2708.38154|0.0|0.0|2708.29719|2711.05063|2708.38089|2695.24036|2694.34286|2686.30669|2709.51429|0.0|2701.33|2709.47|2693.73|2701.465|1|0.135|-0.87433|2768.85|2753.11|2737.37|2721.63|2713.76|2698.02|2690.15|2674.41|2658.67|2642.93|2662.25|2670.12|2677.99|2685.86|2717.34|2725.21|2733.08|2740.95|0.0|0.0|2706.90046|2709.84203|2694.68144|0|1770869869
1770626700|XAUUSD|2704.39|2708.22|2698.97|2700.0|8926|M15|2704.55289|2705.84552|2693.3263|0.62373|-1|2699.49062|2709.58077|2705.42281|2708.6777|2717.60283|2700.64137|2709.59129|2697.80963|2707.63122|2706.2762|2705.7165|2699.47818|2704.21866|2695.02284|2708.49837|2698.15424|2702.195|2708.22|2698.97|2702.895|1|0.7|-0.43459|2737.0|2727.75|2718.5|2709.25|2704.625|2695.375|2690.75|2681.5|2672.25|2663.0|2680.47|2685.095|2689.72|2694.345|2712.845|2717.47|2722.095|2726.72|0.0|0.0|2693.04408|2707.32432|2698.90381|0|1770869869
1770627600|XAUUSD|2699.19|2710.77|2695.7|2706.49|8385|M15|2704.88827|2697.79503|2705.34233|-0.39913|-2|2700.02678|2705.38044|2709.62559|2706.69676|2706.86523|2720.27534|0.0|0.0|2712.88153|2711.30045|2714.93668|2696.88738|2691.62199|2703.45514|2711.62568|2694.77372|2702.84|2710.77|2695.7|2703.0375|1|0.1975|0.91583|2766.77|2751.7|2736.63|2721.56|2714.025|2698.955|2691.42|2676.35|2661.28|2646.21|2665.56|2673.095|2680.63|2688.165|2718.305|2725.84|2733.375|2740.91|0.0|0.0|2705.40028|2711.04773|2695.46793|0|1770869869
1770628500|XAUUSD|2704.9|2709.74|2702.61|2708.85|5071|M15|2701.98662|2706.24574|2717.30115|-1.14124|1|2697.42141|2692.30754|2690.19247|2712.36669|2699.76075|2723.57413|0.0|0.0|2707.12303|2707.53413|2706.37084|2703.33384|2707.28326|2695.5936|0.0|0.0|2706.875|2709.74|2702.61|2706.525|-1|0.35|0.97881|2737.37|2730.24|2723.11|2715.98|2712.415|2705.285|2701.72|2694.59|2687.46|2680.33|2688.35|2691.915|2695.48|2699.045|2713.305|2716.87|2720.435|2724.0|0.0|2700.59503|2702.36542|2710.37239|2703.01297|0|1770869869
1770629400|XAUUSD|2710.7|2718.53|2709.03|2714.63|9548|M15|2715.33042|2719.07302|2723.22968|-0.46535|1|2711.02432|2704.59881|2694.95072|2716.01696|2710.85806|2712.62407|0.0|0.0|2717.92756|2722.05139|2723.30336|2706.58535|2710.79222|2705.42534|0.0|0.0|2712.665|2718.53|2709.03|2713.2225|1|0.5575|-1.26429|2752.63|2743.13|2733.63|2724.13|2719.38|2709.88|2705.13|2695.63|2686.13|2676.63|2690.03|2694.78|2699.53|2704.28|2723.28|2728.03|2732.78|2737.53|2719.98767|0.0|2730.68241|2717.56208|2709.29562|0|1770869869
1770630300|XAUUSD|2719.11|2730.41|2717.47|2727.65|7721|M15|2735.58885|2729.46653|2736.40282|-2.35658|-2|2713.51529|2727.41375|2721.12525|2727.4325|2732.02932|2741.18505|2732.25285|0.0|2731.01938|2731.07808|2734.19989|2718.40376|2722.63693|2709.52954|0.0|0.0|2723.38|2730.41|2717.47|2723.66|1|0.28|0.04204|2779.41|2766.47|2753.53|2740.59|2734.12|2721.18|2714.71|2701.77|2688.83|2675.89|2691.59|2698.06|2704.53|2711.0|2736.88|2743.35|2749.82|2756.29|0.0|2713.06548|2736.32984|2731.01565|2718.01277|0|1770869869
1770631200|XAUUSD|2730.33|2731.5|2724.02|2728.84|6103|M15|2724.45483|2719.33276|2723.98797|2.2077|2|2726.28545|2732.55475|2726.3584|2731.38913|2729.19307|2736.87279|0.0|2723.90737|2733.275|2736.49008|2738.47375|2721.50215|2721.56346|2729.75814|0.0|0.0|2729.585|2731.5|2724.02|2728.6725|-1|0.9125|0.98974|2758.76|2751.28|2743.8|2736.32|2732.58|2725.1|2721.36|2713.88|2706.4|2698.92|2709.06|2712.8|2716.54|2720.28|2735.24|2738.98|2742.72|2746.46|0.0|0.0|2738.72042|2731.13773|2724.91921|0|1770869869
1770632100|XAUUSD|2729.09|2734.65|2727.7|2731.7|5508|M15|2729.63371|2721.92076|2720.77239|-1.66644|2|2732.75521|2735.79413|2729.88389|2739.08816|2729.88678|2727.55464|0.0|2726.8789|2736.55482|2735.5404|2734.32577|2727.09533|2731.47843|2725.89233|0.0|0.0|2730.395|2734.65|2727.7|2730.785|1|0.39|-0.71914|2759.5|2752.55|2745.6|2738.65|2735.175|2728.225|2724.75|2717.8|2710.85|2703.9|2713.8|2717.275|2720.75|2724.225|2738.125|2741.6|2745.075|2748.55|0.0|0.0|2721.88963|2733.86294|2728.12839|0|1770869869
1770633000|XAUUSD|2732.36|2735.2|2723.6|2723.69|7616|M15|2724.49097|2733.04313|2721.59601|0.33156|0|2718.36262|2722.86435|2735.91817|2730.61962|2737.19996|2729.53683|0.0|0.0|2735.42053|2729.9454|2742.05715|2722.48865|2725.95219|2720.39917|0.0|0.0|2728.025|2735.2|2723.6|2728.7125|1|0.6875|0.10855|2770.09|2758.49|2746.89|2735.29|2729.49|2717.89|2712.09|2700.49|2688.89|2677.29|2700.4|2706.2|2712.0|2717.8|2741.0|2746.8|2752.6|2758.4|0.0|0.0|2726.4105|2735.97336|2723.06502|0|1770869869
1770633900|XAUUSD|2723.13|2726.74|2718.0|2719.74|5998|M15|2725.78081|2716.83947|2715.62899|-0.76738|-1|2719.39488|2714.41631|2717.47023|2722.44128|2734.40253|2726.35469|0.0|0.0|2729.36672|2731.43333|2728.00698|2718.39102|2716.27149|2714.40738|0.0|0.0|2721.435|2726.74|2718.0|2721.9025|1|0.4675|-1.93232|2754.7|2745.96|2737.22|2728.48|2724.11|2715.37|2711.0|2702.26|2693.52|2684.78|2700.52|2704.89|2709.26|2713.63|2731.11|2735.48|2739.85|2744.22|2730.20932|0.0|2709.99434|2726.17214|2718.39233|1|1770869869
1770634800|XAUUSD|2717.54|2717.91|2708.3|2712.68|9550|M15|2704.56906|2709.98462|2707.30685|-1.46991|-2|2712.01414|2701.77366|2696.17662|2720.20008|2721.56532|2733.3295|0.0|0.0|2719.63203|2717.35339|2716.88625|2706.74038|2712.17479|2700.32709|0.0|0.0|2715.11|2717.91|2708.3|2714.1075|-1|1.0025|1.69694|2751.12|2741.51|2731.9|2722.29|2717.485|2707.875|2703.07|2693.46|2683.85|2674.24|2689.08|2693.885|2698.69|2703.495|2722.715|2727.52|2732.325|2737.13|0.0|2706.1056|2716.54112|2718.28206|2708.30686|0|1770869869
1770635700|XAUUSD|2715.32|2720.01|2709.07|2709.12|8878|M15|2713.79789|2705.09929|2712.94132|-0.91054|0|2703.73728|2708.16688|2709.17838|2716.73451|2715.65901|2720.85067|0.0|0.0|2719.48369|2716.95014|2726.16394|2710.66503|2704.06903|2714.79294|0.0|0.0|2712.22|2720.01|2709.07|2713.38|1|1.16|-0.09597|2752.88|2741.94|2731.0|2720.06|2714.59|2703.65|2698.18|2687.24|2676.3|2665.36|2687.19|2692.66|2698.13|2703.6|2725.48|2730.95|2736.42|2741.89|0.0|0.0|2694.25144|2719.18701|2709.88145|0|1770869869
1770636600|XAUUSD|2707.11|2711.77|2702.42|2708.31|3126|M15|2708.31797|2711.10523|2716.03848|-0.77843|-2|2701.32419|2698.1889|2695.41431|2714.50129|2715.6789|2701.62208|0.0|0.0|2712.76217|2712.34428|2713.66744|2703.58492|2698.92325|2700.06182|0.0|0.0|2707.71|2711.77|2702.42|2707.4025|-1|0.3075|0.66656|2745.71|2736.36|2727.01|2717.66|2712.985|2703.635|2698.96|2689.61|2680.26|2670.91|2683.72|2688.395|2693.07|2697.745|2716.445|2721.12|2725.795|2730.47|0.0|2699.45739|2703.40992|2712.07607|2703.3355|0|1770869869
1770637500|XAUUSD|2713.68|2718.96|2709.02|2716.48|2473|M15|2717.97072|2709.14045|2723.37718|0.7559|2|2707.61307|2711.84458|2696.81193|2717.80854|2727.40504|2733.61872|0.0|0.0|2719.3076|2717.25844|2724.31039|2708.81956|2714.07952|2703.13002|0.0|0.0|2715.08|2718.96|2709.02|2714.535|-1|0.545|-1.1753|2756.24|2746.3|2736.36|2726.42|2721.45|2711.51|2706.54|2696.6|2686.66|2676.72|2689.14|2694.11|2699.08|2704.05|2723.93|2728.9|2733.87|2738.84|0.0|0.0|2722.18512|2718.68929|2708.58898|0|1770869869
1770638400|XAUUSD|2719.81|2730.03|2718.34|2726.12|1720|M15|2719.99942|2730.31653|2717.73859|2.94669|2|2712.99643|2715.56432|2717.14467|2733.35819|2729.16459|2741.16656|2731.38557|2717.33031|2732.66094|2724.95245|2731.83951|2720.5828|2719.48264|2719.78055|0.0|0.0|2722.965|2730.03|2718.34|2723.575|1|0.61|-1.86707|2772.88|2761.19|2749.5|2737.81|2731.965|2720.275|2714.43|2702.74|2691.05|2679.36|2694.96|2700.805|2706.65|2712.495|2735.875|2741.72|2747.565|2753.41|0.0|2713.65652|2737.4121|2730.72122|2718.68588|0|1770869869
1770639300|XAUUSD|2727.85|2740.6|2722.86|2736.66|4617|M15|2741.85033|2742.93872|2749.82062|-2.8782|1|2724.45506|2724.57472|2716.52559|2744.68323|2739.41698|2725.73142|0.0|0.0|2741.18629|2736.58175|2735.13484|2724.91723|2720.93971|2728.84442|0.0|0.0|2732.255|2740.6|2722.86|2731.9925|-1|0.2625|0.88903|2807.62|2789.88|2772.14|2754.4|2745.53|2727.79|2718.92|2701.18|2683.44|2665.7|2687.38|2696.25|2705.12|2713.99|2749.47|2758.34|2767.21|2776.08|0.0|0.0|2729.67879|2741.25792|2722.74101|0|1770869869
1770640200|XAUUSD|2734.86|2745.56|2732.42|2744.8|3031|M15|2740.31203|2755.20468|2757.82493|-2.20755|2|2730.21097|2732.61721|2741.15846|2746.64175|2735.8888|2757.11737|0.0|0.0|2744.17816|2741.60234|2743.07723|2730.97115|2733.56334|2732.27293|0.0|0.0|2739.83|2745.56|2732.42|2739.41|-1|0.42|1.95796|2797.36|2784.22|2771.08|2757.94|2751.37|2738.23|2731.66|2718.52|2705.38|2692.24|2706.14|2712.71|2719.28|2725.85|2752.13|2758.7|2765.27|2771.84|2747.89479|0.0|2749.93135|2745.91124|2732.40724|0|1770869869
1770641100|XAUUSD|2742.13|2755.27|2740.59|2751.16|3733|M15|2743.41171|2752.99734|2754.75853|-2.40288|-2|2742.48943|2746.21601|2749.54593|2750.98113|2755.22637|2768.97761|0.0|0.0|2753.95419|2753.73313|2751.14052|2741.1954|2742.62494|2734.79378|0.0|0.0|2746.645|2755.27|2740.59|2747.2875|1|0.6425|-0.79474|2809.88|2795.2|2780.52|2765.84|2758.5|2743.82|2736.48|2721.8|2707.12|2692.44|2711.23|2718.57|2725.91|2733.25|2762.61|2769.95|2777.29|2784.63|2759.1565|2740.33386|2738.6329|2755.62609|2740.63106|0|1770869869
1770642000|XAUUSD|2751.55|2756.17|2751.22|2751.57|5874|M15|2750.01133|2751.96188|2750.43376|1.74201|1|2752.15939|2748.00598|2762.61673|2760.23703|2763.67577|2746.13914|0.0|0.0|2755.09545|2758.63206|2749.80112|2751.7506|2749.12265|2751.23526|2757.01834|0.0|2751.56|2756.17|2751.22|2752.6275|1|1.0675|-1.36803|2771.37|2766.42|2761.47|2756.52|2754.045|2749.095|2746.62|2741.67|2736.72|2731.77|2741.32|2743.795|2746.27|2748.745|2758.645|2761.12|2763.595|2766.07|0.0|0.0|2751.53864|2756.26641|2751.94553|0|1770869869
1770642900|XAUUSD|2755.66|2756.82|2745.75|2747.35|1702|M15|2755.39517|2758.0867|2742.65143|2.81275|0|2747.50934|2738.83131|2736.87198|2759.62575|2767.74797|2767.48185|0.0|0.0|2755.04829|2758.62449|2754.50511|2743.0177|2744.90827|2740.04076|2756.85027|0.0|2751.505|2756.82|2745.75|2751.395|-1|0.11|-0.06538|2791.63|2780.56|2769.49|2758.42|2752.885|2741.815|2736.28|2725.21|2714.14|2703.07|2723.61|2729.145|2734.68|2740.215|2762.355|2767.89|2773.425|2778.96|2757.32266|0.0|2735.25861|2757.46639|2745.59822|0|1770869869
1770643800|XAUUSD|2746.11|2747.34|2738.05|2738.3|1358|M15|2737.14557|2734.32906|2732.26155|0.26572|-2|2732.72091|2731.93727|2743.40476|2750.63256|2756.68845|2762.30837|0.0|0.0|2749.14012|2747.08428|2740.09997|2738.15422|2736.31774|2731.47146|0.0|2737.33624|2742.205|2747.34|2738.05|2742.45|1|0.245|-1.33166|2775.46|2766.17|2756.88|2747.59|2742.945|2733.655|2729.01|2719.72|2710.43|2701.14|2719.47|2724.115|2728.76|2733.405|2751.985|2756.63|2761.275|2765.92|2748.04414|0.0|2744.90384|2747.38934|2737.9742|0|1770869869
1770644700|XAUUSD|2742.9|2746.76|2742.25|2743.13|9440|M15|2749.72503|2741.81865|2736.24211|2.04382|-2|2737.10705|2752.84378|2727.88818|2749.77105|2745.32221|2731.5503|0.0|0.0|2745.81917|2747.99656|2749.0831|2742.66085|2737.26029|2745.23498|0.0|2742.11192|2743.015|2746.76|2742.25|2743.76|1|0.745|-0.52824|2761.17|2756.66|2752.15|2747.64|2745.385|2740.875|2738.62|2734.11|2729.6|2725.09|2733.23|2735.485|2737.74|2739.995|2749.015|2751.27|2753.525|2755.78|2746.79834|0.0|2730.69536|2747.7403|2741.72653|0|1770869869
1770645600|XAUUSD|2739.29|2743.45|2736.15|2739.76|5485|M15|2744.41067|2735.16618|2748.05274|-0.88286|0|2732.42287|2726.72383|2735.41504|2743.10969|2743.93018|2749.59891|0.0|0.0|2741.4452|2742.93704|2748.04807|2733.99813|2737.11829|2739.14089|0.0|0.0|2739.525|2743.45|2736.15|2739.6625|1|0.1375|1.38782|2768.96|2761.66|2754.36|2747.06|2743.41|2736.11|2732.46|2725.16|2717.86|2710.56|2721.55|2725.2|2728.85|2732.5|2747.1|2750.75|2754.4|2758.05|2745.46016|0.0|2726.36841|2743.71083|2736.27268|0|1770869869
1770646500|XAUUSD|2739.5|2743.23|2736.43|2742.57|2440|M15|2741.81592|2742.59458|2741.93|0.47178|0|2741.13959|2727.00938|2731.75142|2748.19335|2740.2984|2747.67345|0.0|0.0|2745.10156|2742.00161|2736.20301|2734.93091|2737.07926|2742.30265|0.0|2735.82675|2741.035|2743.23|2736.43|2740.4325|-1|0.6025|-0.87201|2769.77|2762.97|2756.17|2749.37|2745.97|2739.17|2735.77|2728.97|2722.17|2715.37|2722.83|2726.23|2729.63|2733.03|2746.63|2750.03|2753.43|2756.83|0.0|0.0|2756.87159|2743.164|2737.22517|0|1770869869
1770647400|XAUUSD|2740.59|2747.06|2739.57|2742.6|7828|M15|2743.72346|2737.69367|2742.9483|2.32074|-2|2736.32931|2740.36756|2745.13252|2752.52202|2739.11091|2734.52842|2747.70778|0.0|2745.30573|2742.00517|2739.71144|2738.02531|2743.50814|2736.04011|0.0|0.0|2741.595|2747.06|2739.57|2742.455|1|0.86|1.81005|2772.56|2765.07|2757.58|2750.09|2746.345|2738.855|2735.11|2727.62|2720.13|2712.64|2724.59|2728.335|2732.08|2735.825|2750.805|2754.55|2758.295|2762.04|0.0|2736.86284|2739.28946|2747.38895|2739.90716|0|1770869869
1770648300|XAUUSD|2744.47|2754.94|2739.97|2753.97|5215|M15|2754.87841|2763.1111|2760.89135|-2.63427|-2|2744.61536|2745.1537|2724.34587|2758.17627|2750.07515|2739.80067|0.0|0.0|2755.29451|2757.89575|2749.84604|2739.57464|2737.76961|2735.6343|2755.74323|0.0|2749.22|2754.94|2739.97|2748.3375|-1|0.8825|-0.47962|2813.85|2798.88|2783.91|2768.94|2761.455|2746.485|2739.0|2724.03|2709.06|2694.09|2710.03|2717.515|2725.0|2732.485|2762.425|2769.91|2777.395|2784.88|2759.38733|2738.53947|2753.22056|2754.9672|2740.22436|0|1770869869
1770649200|XAUUSD|2757.02|2758.99|2745.34|2748.75|5432|M15|2743.85952|2755.26296|2743.18644|1.89559|-1|2748.55551|2753.74933|2736.65625|2759.34076|2754.10169|2742.67504|0.0|0.0|2761.12585|2758.53756|2763.55718|2743.97092|2746.05589|2751.1806|2759.86814|0.0|2752.885|2758.99|2745.34|2752.525|-1|0.36|1.38013|2803.35|2789.7|2776.05|2762.4|2755.575|2741.925|2735.1|2721.45|2707.8|2694.15|2718.04|2724.865|2731.69|2738.515|2765.815|2772.64|2779.465|2786.29|0.0|0.0|2743.63039|2759.19145|2744.38892|0|1770869869
1770650100|XAUUSD|2752.03|2755.09|2749.32|2750.75|9721|M15|2754.01357|2740.57547|2757.50399|-1.3148|2|2752.73793|2758.90676|2734.13557|2758.88435|2749.93095|2757.06899|0.0|2747.46886|2755.62068|2752.14531|2753.96064|2747.52703|2745.66383|2741.11184|0.0|2748.48784|2751.39|2755.09|2749.32|2751.7975|1|0.4075|1.0215|2773.83|2768.06|2762.29|2756.52|2753.635|2747.865|2744.98|2739.21|2733.44|2727.67|2737.78|2740.665|2743.55|2746.435|2757.975|2760.86|2763.745|2766.63|0.0|0.0|2745.77222|2754.96877|2749.08343|0|1770869869
1770651000|XAUUSD|2749.39|2755.21|2748.03|2754.68|3900|M15|2762.86089|2751.45687|2755.85574|1.87856|2|2747.82436|2752.76641|2740.07961|2757.60774|2752.76388|2750.82246|0.0|0.0|2752.92606|2760.59401|2757.53147|2747.42356|2747.17663|2741.8341|0.0|0.0|2752.035|2755.21|2748.03|2751.8275|-1|0.2075|-0.31707|2783.4|2776.22|2769.04|2761.86|2758.27|2751.09|2747.5|2740.32|2733.14|2725.96|2733.67|2737.26|2740.85|2744.44|2758.8|2762.39|2765.98|2769.57|0.0|0.0|2768.79611|2754.69958|2748.06647|0|1770869869
1770651900|XAUUSD|2755.2|2759.49|2751.71|2751.83|5418|M15|2745.06725|2755.38347|2749.74262|2.56165|1|2753.00879|2748.01574|2752.05282|2755.1701|2769.86827|2765.79161|0.0|2750.6549|2760.5211|2763.30581|2760.26675|2748.9688|2748.62116|2748.59382|0.0|0.0|2753.515|2759.49|2751.71|2754.5575|1|1.0425|-1.719|2782.95|2775.17|2767.39|2759.61|2755.72|2747.94|2744.05|2736.27|2728.49|2720.71|2736.15|2740.04|2743.93|2747.82|2763.38|2767.27|2771.16|2775.05|0.0|0.0|2765.4037|2759.96147|2752.01375|0|1770869869
1770652800|XAUUSD|2749.12|2759.69|2744.27|2755.79|4997|M15|2756.90257|2759.40764|2748.38225|-1.76515|0|2741.37842|2745.48721|2737.39672|2761.18309|2761.39492|2747.59202|0.0|0.0|2760.70332|2761.76076|2762.03427|2746.08517|2749.01393|2736.66791|0.0|0.0|2752.455|2759.69|2744.27|2752.2175|-1|0.2375|-0.14554|2817.47|2802.05|2786.63|2771.21|2763.5|2748.08|2740.37|2724.95|2709.53|2694.11|2713.43|2721.14|2728.85|2736.56|2767.4|2775.11|2782.82|2790.53|0.0|2741.06606|2751.73988|2758.75428|2743.96737|0|1770869869
1770653700|XAUUSD|2753.84|2761.65|2751.77|2761.32|9113|M15|2764.06074|2771.17944|2762.75656|-0.15202|-2|2754.52497|2746.16741|2767.74593|2765.50112|2761.80888|2760.26617|2763.5223|0.0|2759.85263|2759.57929|2769.12538|2752.89836|2757.00931|2754.76235|0.0|0.0|2757.58|2761.65|2751.77|2757.145|-1|0.435|0.40733|2800.84|2790.96|2781.08|2771.2|2766.26|2756.38|2751.44|2741.56|2731.68|2721.8|2732.01|2736.95|2741.89|2746.83|2766.59|2771.53|2776.47|2781.41|2763.85202|0.0|2763.78509|2762.00942|2751.84197|0|1770869869
1770654600|XAUUSD|2759.32|2765.27|2754.96|2762.98|1304|M15|2754.80912|2759.08276|2761.30099|1.5036|2|2755.56066|2758.81186|2764.77726|2764.56753|2761.7612|2778.58625|0.0|0.0|2765.20374|2770.07165|2760.59129|2755.96025|2750.05688|2760.74218|0.0|0.0|2761.15|2765.27|2754.96|2760.6325|-1|0.5175|-1.7721|2804.22|2793.91|2783.6|2773.29|2768.135|2757.825|2752.67|2742.36|2732.05|2721.74|2734.34|2739.495|2744.65|2749.805|2770.425|2775.58|2780.735|2785.89|0.0|0.0|2778.27511|2764.63814|2755.40532|0|1770869869
1770655500|XAUUSD|2761.37|2765.47|2756.56|2757.88|5230|M15|2761.1175|2758.48277|2763.52063|0.0715|-1|2758.6303|2747.63899|2762.97301|2767.979|2756.98162|2760.02017|0.0|0.0|2767.59319|2763.64842|2759.28183|2755.03495|2760.12955|2762.12971|0.0|0.0|2759.625|2765.47|2756.56|2760.32|1|0.695|0.14021|2793.52|2784.61|2775.7|2766.79|2762.335|2753.425|2748.97|2740.06|2731.15|2722.24|2738.74|2743.195|2747.65|2752.105|2769.925|2774.38|2778.835|2783.29|2768.58627|2753.092|2762.8736|2764.59454|2756.90413|0|1770869869
1770656400|XAUUSD|2764.41|2773.68|2763.59|2770.34|5842|M15|2765.07371|2763.45836|2762.54495|-0.75323|2|2762.54611|2764.29991|2767.34329|2769.53776|2783.18|2776.86917|0.0|0.0|2776.29276|2772.63894|2780.04681|2765.22706|2758.94879|2766.46377|2774.00125|0.0|2767.375|2773.68|2763.59|2768.005|1|0.63|0.03928|2810.7|2800.61|2790.52|2780.43|2775.385|2765.295|2760.25|2750.16|2740.07|2729.98|2743.41|2748.455|2753.5|2758.545|2778.725|2783.77|2788.815|2793.86|2775.88517|0.0|2768.38675|2773.56357|2763.44478|0|1770869869
1770657300|XAUUSD|2770.36|2774.62|2757.18|2761.3|9156|M15|2764.69944|2760.42602|2760.8485|-1.02567|1|2755.21999|2758.24396|2769.22221|2771.0884|2775.19527|2783.2131|0.0|0.0|2775.9878|2769.57745|2779.15313|2759.62562|2753.91126|2756.74579|0.0|0.0|2765.83|2774.62|2757.18|2765.865|1|0.035|1.83709|2831.06|2813.62|2796.18|2778.74|2770.02|2752.58|2743.86|2726.42|2708.98|2691.54|2722.3|2731.02|2739.74|2748.46|2783.34|2792.06|2800.78|2809.5|0.0|0.0|2776.14191|2774.57547|2758.06973|0|1770869869
1770658200|XAUUSD|2758.0|2770.74|2753.5|2766.86|2732|M15|2764.8379|2760.29565|2777.86779|1.01202|1|2758.35765|2751.27545|2742.77194|2772.61703|2772.61939|2759.10061|0.0|0.0|2768.95901|2774.98504|2778.42606|2752.31596|2757.61414|2755.50824|0.0|2753.4717|2762.43|2770.74|2753.5|2762.275|-1|0.155|1.23573|2835.82|2818.58|2801.34|2784.1|2775.48|2758.24|2749.62|2732.38|2715.14|2697.9|2719.02|2727.64|2736.26|2744.88|2779.36|2787.98|2796.6|2805.22|0.0|0.0|2762.77696|2770.07676|2753.18324|0|1770869869
1770659100|XAUUSD|2764.85|2766.59|2753.25|2758.08|1744|M15|2763.54969|2757.14355|2765.65222|-1.72923|0|2748.60093|2752.07018|2747.15132|2762.10719|2769.67859|2764.85382|2767.00294|0.0|2769.30516|2767.74832|2769.66608|2753.12342|2756.85598|2760.2976|2766.89386|0.0|2761.465|2766.59|2753.25|2760.6925|-1|0.7725|1.46106|2811.44|2798.1|2784.76|2771.42|2764.75|2751.41|2744.74|2731.4|2718.06|2704.72|2726.57|2733.24|2739.91|2746.58|2773.26|2779.93|2786.6|2793.27|0.0|2748.70218|2746.23175|2766.35912|2752.30042|0|1770869869
1770660000|XAUUSD|2754.65|2759.48|2740.98|2745.38|5923|M15|2739.89802|2755.91231|2754.2287|0.17227|0|2739.41378|2738.71641|2744.10042|2759.09072|2748.80289|2763.70407|0.0|0.0|2757.14098|2760.22146|2767.40066|2739.36199|2741.253|2738.82047|0.0|0.0|2750.015|2759.48|2740.98|2750.1225|1|0.1075|0.13618|2819.38|2800.88|2782.38|2763.88|2754.63|2736.13|2726.88|2708.38|2689.88|2671.38|2703.98|2713.23|2722.48|2731.73|2768.73|2777.98|2787.23|2796.48|0.0|0.0|2746.47121|2760.14624|2741.74035|1|1770869869
1770660900|XAUUSD|2747.39|2747.52|2745.62|2747.24|7992|M15|2754.71971|2751.18022|2736.83402|0.06723|1|2744.36856|2748.0491|2754.90347|2748.6404|2749.37179|2755.70447|2749.41265|0.0|2745.78318|2742.88689|2755.09632|2745.21914|2744.06016|2751.97089|0.0|0.0|2747.315|2747.52|2745.62|2746.9425|-1|0.3725|-1.34439|2754.84|2752.94|2751.04|2749.14|2748.19|2746.29|2745.34|2743.44|2741.54|2739.64|2741.82|2742.77|2743.72|2744.67|2748.47|2749.42|2750.37|2751.32|0.0|2741.36371|2737.98816|2748.49702|2744.64108|1|1770869869
1770661800|XAUUSD|2746.54|2758.0|2744.61|2754.88|6460|M15|2758.41007|2749.15496|2761.76019|2.53024|-2|2746.69394|2737.41476|2755.54482|2761.29733|2768.93238|2744.42257|0.0|0.0|2756.09815|2757.9665|2758.79965|2745.62458|2744.83719|2737.15937|0.0|2744.0656|2750.71|2758.0|2744.61|2751.0075|1|0.2975|1.91495|2808.44|2795.05|2781.66|2768.27|2761.575|2748.185|2741.49|2728.1|2714.71|2701.32|2717.83|2724.525|2731.22|2737.915|2764.695|2771.39|2778.085|2784.78|2761.15632|0.0|2755.48174|2757.79722|2744.80261|0|1770869869
1770662700|XAUUSD|2754.03|2761.36|2752.09|2759.95|5458|M15|2757.53458|2762.01803|2749.19882|-0.32895|0|2750.38012|2760.76852|2741.57445|2757.87695|2758.32738|2767.28793|0.0|0.0|2763.97797|2763.22339|2753.27408|2754.25182|2754.6658|2745.89406|0.0|0.0|2756.99|2761.36|2752.09|2756.8575|-1|0.1325|0.78206|2797.03|2787.76|2778.49|2769.22|2764.585|2755.315|2750.68|2741.41|2732.14|2722.87|2733.55|2738.185|2742.82|2747.455|2765.995|2770.63|2775.265|2779.9|0.0|0.0|2749.38723|2762.16437|2752.10926|0|1770869869
1770663600|XAUUSD|2756.01|2762.33|2751.88|2761.81|6782|M15|2758.20478|2758.34315|2771.74415|-1.70968|0|2751.36183|2761.61948|2766.07158|2761.11207|2754.31791|2752.3183|0.0|2750.24538|2762.27592|2765.5765|2757.70484|2752.86005|2749.61757|2758.73383|2763.29872|0.0|2758.91|2762.33|2751.88|2758.0075|-1|0.9025|-1.60775|2803.61|2793.16|2782.71|2772.26|2767.035|2756.585|2751.36|2740.91|2730.46|2720.01|2730.98|2736.205|2741.43|2746.655|2767.555|2772.78|2778.005|2783.23|2766.53132|0.0|2752.69315|2761.97305|2750.88654|0|1770869869
1770664500|XAUUSD|2764.05|2773.65|2759.89|2768.9|1424|M15|2764.8402|2758.31915|2769.02013|0.48743|1|2759.66069|2754.60776|2745.37334|2775.30093|2783.44661|2762.55347|0.0|2759.76824|2774.23072|2774.35764|2772.5526|2759.19901|2761.19991|2762.3281|0.0|0.0|2766.475|2773.65|2759.89|2766.6225|1|0.1475|0.13966|2823.94|2810.18|2796.42|2782.66|2775.78|2762.02|2755.14|2741.38|2727.62|2713.86|2732.37|2739.25|2746.13|2753.01|2780.53|2787.41|2794.29|2801.17|2777.56269|0.0|2781.22784|2773.03874|2759.10365|0|1770869869
1770665400|XAUUSD|2763.38|2776.1|2760.96|2772.19|2319|M15|2775.77606|2777.57868|2767.06776|-0.71273|1|2764.81628|2759.89004|2757.49374|2775.51225|2769.04965|2778.57398|0.0|2759.61559|2773.75792|2777.46121|2779.27458|2761.99512|2759.94336|2769.0496|0.0|0.0|2767.785|2776.1|2760.96|2768.1575|1|0.3725|0.11085|2832.75|2817.61|2802.47|2787.33|2779.76|2764.62|2757.05|2741.91|2726.77|2711.63|2730.68|2738.25|2745.82|2753.39|2783.67|2791.24|2798.81|2806.38|0.0|0.0|2768.90862|2776.90819|2761.36143|0|1770869869
1770666300|XAUUSD|2768.71|2775.9|2764.32|2771.42|1600|M15|2766.18645|2781.91328|2767.61451|2.33962|0|2766.80484|2765.31599|2775.14326|2780.90471|2765.58153|2767.03087|2777.68027|0.0|2776.38921|2778.86668|2773.53009|2764.27444|2764.56079|2769.98849|2776.81834|0.0|2770.065|2775.9|2764.32|2770.0875|1|0.0225|-0.50391|2817.74|2806.16|2794.58|2783.0|2777.21|2765.63|2759.84|2748.26|2736.68|2725.1|2741.16|2746.95|2752.74|2758.53|2781.69|2787.48|2793.27|2799.06|0.0|0.0|2777.34438|2775.55102|2764.01071|0|1770869869
1770667200|XAUUSD|2774.47|2779.53|2772.91|2779.38|5127|M15|2777.80647|2783.62599|2768.04503|0.00381|0|2769.02341|2763.32375|2763.82347|2778.18196|2780.44137|2779.63391|2780.7011|0.0|2777.11143|2784.43622|2787.51519|2771.73345|2772.18315|2770.22176|2779.60953|0.0|2776.925|2779.53|2772.91|2776.5725|-1|0.3525|1.67095|2805.86|2799.24|2792.62|2786.0|2782.69|2776.07|2772.76|2766.14|2759.52|2752.9|2759.67|2762.98|2766.29|2769.6|2782.84|2786.15|2789.46|2792.77|0.0|0.0|2774.0383|2779.99618|2772.23943|0|1770869869
1770668100|XAUUSD|2778.13|2780.71|2767.55|2768.14|1729|M15|2768.93468|2758.41583|2770.83644|0.60789|2|2765.83418|2760.90276|2772.10507|2784.035|2784.87143|2764.74796|2781.84557|0.0|2781.72473|2777.2353|2788.31529|2770.20755|2771.66948|2774.56408|2781.5772|0.0|2773.135|2780.71|2767.55|2773.6325|1|0.4975|-0.51144|2820.78|2807.62|2794.46|2781.3|2774.72|2761.56|2754.98|2741.82|2728.66|2715.5|2741.23|2747.81|2754.39|2760.97|2787.29|2793.87|2800.45|2807.03|0.0|2762.70101|2753.98149|2779.93974|2766.77374|0|1770869869
1770669000|XAUUSD|2773.64|2774.53|2768.72|2772.12|4475|M15|2772.92682|2774.46796|2769.32472|-2.57236|0|2769.39896|2768.10977|2761.92623|2776.16311|2776.8045|2788.69168|0.0|0.0|2771.98761|2772.6288|2778.48241|2766.21257|2766.44684|2776.90335|0.0|2768.66106|2772.88|2774.53|2768.72|2772.2525|-1|0.6275|-1.83036|2795.36|2789.55|2783.74|2777.93|2775.025|2769.215|2766.31|2760.5|2754.69|2748.88|2757.1|2760.005|2762.91|2765.815|2777.435|2780.34|2783.245|2786.15|0.0|0.0|2764.94436|2773.71719|2769.71898|0|1770869869
1770669900|XAUUSD|2767.59|2770.91|2764.71|2768.48|1527|M15|2773.13764|2773.22247|2780.87935|-1.79966|0|2767.63007|2756.02752|2771.41429|2776.17492|2778.42659|2758.41121|0.0|0.0|2769.1736|2775.84702|2766.90205|2765.44668|2762.94926|2766.66761|0.0|0.0|2768.035|2770.91|2764.71|2767.9225|-1|0.1125|0.78753|2793.28|2787.08|2780.88|2774.68|2771.58|2765.38|2762.28|2756.08|2749.88|2743.68|2752.31|2755.41|2758.51|2761.61|2774.01|2777.11|2780.21|2783.31|0.0|0.0|2753.96138|2771.63895|2765.18481|0|1770869869
1770670800|XAUUSD|2766.59|2777.74|2765.27|2773.67|2165|M15|2765.48143|2765.63156|2773.79663|1.72476|2|2763.12739|2762.84119|2762.29|2779.65083|2783.20664|2789.68372|0.0|0.0|2775.45481|2774.69125|2773.65051|2765.65819|2762.96135|2760.19809|0.0|2764.57582|2770.13|2777.74|2765.27|2770.8175|1|0.6875|1.46942|2823.55|2811.08|2798.61|2786.14|2779.905|2767.435|2761.2|2748.73|2736.26|2723.79|2740.33|2746.565|2752.8|2759.035|2783.975|2790.21|2796.445|2802.68|2780.08305|0.0|2779.2285|2777.64595|2764.39635|0|1770869869
1770671700|XAUUSD|2775.88|2776.43|2766.35|2768.54|7051|M15|2774.69251|2758.70941|2758.43154|-1.4249|0|2766.69355|2757.81561|2752.79057|2774.34919|2768.37584|2760.04177|0.0|0.0|2773.67414|2777.08783|2783.66791|2766.73058|2768.82815|2758.77426|2776.93201|0.0|2772.21|2776.43|2766.35|2771.8|-1|0.41|0.38774|2808.86|2798.78|2788.7|2778.62|2773.58|2763.5|2758.46|2748.38|2738.3|2728.22|2746.19|2751.23|2756.27|2761.31|2781.47|2786.51|2791.55|2796.59|2777.00182|0.0|2770.36516|2775.44703|2766.15875|0|1770869869
1770672600|XAUUSD|2767.74|2768.93|2766.09|2767.93|6822|M15|2772.43295|2761.75006|2781.27926|-2.847|-2|2763.03973|2769.44126|2777.35772|2768.03726|2761.87617|2777.27517|2770.74886|0.0|2767.35899|2773.11544|2773.51897|2768.67552|2763.58609|2758.10172|0.0|0.0|2767.835|2768.93|2766.09|2767.6725|-1|0.1625|-0.96546|2779.29|2776.45|2773.61|2770.77|2769.35|2766.51|2765.09|2762.25|2759.41|2756.57|2760.41|2761.83|2763.25|2764.67|2770.35|2771.77|2773.19|2774.61|0.0|2764.37407|2773.49638|2768.41099|2765.58092|0|1770869869
1770673500|XAUUSD|2773.36|2774.8|2771.23|2774.78|4600|M15|2774.66021|2776.00489|2785.78261|0.09526|-2|2775.38999|2769.80828|2767.68383|2771.50581|2763.89534|2779.49448|2776.172|0.0|2775.66243|2779.22808|2779.50313|2773.07567|2773.49066|2774.64978|2775.17542|0.0|2774.07|2774.8|2771.23|2773.5425|-1|0.5275|-1.73892|2789.06|2785.49|2781.92|2778.35|2776.565|2772.995|2771.21|2767.64|2764.07|2760.5|2764.09|2765.875|2767.66|2769.445|2776.585|2778.37|2780.155|2781.94|0.0|0.0|2761.23309|2774.56125|2771.4263|0|1770869869
1770674400|XAUUSD|2778.6|2779.35|2769.56|2770.35|5718|M15|2775.85669|2766.18983|2759.76473|2.73114|-2|2766.92555|2764.0448|2772.6755|2778.47163|2769.52547|2784.444|0.0|0.0|2779.02773|2781.89686|2779.66795|2771.89364|2771.37667|2775.12263|0.0|2769.49007|2774.475|2779.35|2769.56|2774.465|-1|0.01|0.7632|2809.51|2799.72|2789.93|2780.14|2775.245|2765.455|2760.56|2750.77|2740.98|2731.19|2749.98|2754.875|2759.77|2764.665|2784.245|2789.14|2794.035|2798.93|0.0|0.0|2784.21993|2778.79553|2769.23235|0|1770869869
1770675300|XAUUSD|2769.03|2779.61|2767.08|2776.51|2495|M15|2774.75316|2785.01235|2778.13432|-1.22582|-2|2769.42281|2756.12283|2779.05721|2776.91049|2771.90919|2789.07053|0.0|0.0|2778.82379|2776.36584|2781.6438|2766.25528|2771.60511|2767.0468|0.0|0.0|2772.77|2779.61|2767.08|2773.0575|1|0.2875|-0.65304|2826.63|2814.1|2801.57|2789.04|2782.775|2770.245|2763.98|2751.45|2738.92|2726.39|2742.02|2748.285|2754.55|2760.815|2785.875|2792.14|2798.405|2804.67|2781.38827|0.0|2787.39365|2779.65284|2767.14898|0|1770869869
1770676200|XAUUSD|2771.79|2776.42|2760.56|2765.23|1387|M15|2758.30476|2758.28009|2762.38127|0.11587|0|2758.88966|2760.82049|2766.19736|2775.57465|2769.55414|2760.18624|2777.84043|0.0|2773.98862|2778.50217|2768.12553|2758.53316|2763.27935|2768.4491|0.0|2759.85621|2768.51|2776.42|2760.56|2768.5|-1|0.01|1.65431|2828.67|2812.81|2796.95|2781.09|2773.16|2757.3|2749.37|2733.51|2717.65|2701.79|2728.84|2736.77|2744.7|2752.63|2784.35|2792.28|2800.21|2808.14|0.0|0.0|2774.13877|2776.58634|2760.24476|0|1770869869
1770677100|XAUUSD|2767.58|2776.99|2766.85|2774.51|5677|M15|2770.00372|2777.26689|2785.86643|-0.01882|2|2770.76708|2761.17465|2753.31799|2777.37106|2774.07393|2764.45467|0.0|2765.00229|2778.39365|2782.08152|2780.74399|2766.71518|2772.32334|2762.01875|2777.63194|0.0|2771.045|2776.99|2766.85|2771.4825|1|0.4375|-0.27459|2815.07|2804.93|2794.79|2784.65|2779.58|2769.44|2764.37|2754.23|2744.09|2733.95|2746.57|2751.64|2756.71|2761.78|2782.06|2787.13|2792.2|2797.27|0.0|2765.96411|2776.02064|2776.4509|2767.05277|0|1770869869
1770678000|XAUUSD|2770.36|2780.29|2766.29|2776.26|8361|M15|2775.9716|2778.04189|2774.67976|-0.13035|0|2762.86322|2766.31395|2778.50977|2777.01616|2781.97387|2795.85122|0.0|0.0|2779.05526|2778.70994|2787.88783|2765.9271|2761.73312|2766.53211|0.0|2765.81378|2773.31|2780.29|2766.29|2773.3|-1|0.01|-0.656|2832.26|2818.26|2804.26|2790.26|2783.26|2769.26|2762.26|2748.26|2734.26|2720.26|2738.29|2745.29|2752.29|2759.29|2787.29|2794.29|2801.29|2808.29|2783.64157|2761.40871|2778.14091|2780.35901|2766.96067|0|1770869869
1770678900|XAUUSD|2770.38|2774.93|2760.13|2764.46|9753|M15|2765.21335|2763.08896|2756.91241|0.11733|1|2764.32545|2767.75101|2750.25646|2775.15757|2776.94937|2769.89813|0.0|2759.85142|2772.21178|2779.58429|2779.41545|2759.608|2763.03922|2753.71964|0.0|0.0|2767.42|2774.93|2760.13|2767.475|1|0.055|1.59533|2823.66|2808.86|2794.06|2779.26|2771.86|2757.06|2749.66|2734.86|2720.06|2705.26|2730.53|2737.93|2745.33|2752.73|2782.33|2789.73|2797.13|2804.53|0.0|2756.82905|2776.55646|2775.13051|2759.99149|0|1770869869
1770679800|XAUUSD|2768.22|2774.35|2763.49|2770.95|6240|M15|2775.98069|2768.48502|2764.20851|-0.17208|-1|2767.20881|2758.34997|2749.45838|2769.33679|2782.37866|2783.5762|0.0|0.0|2772.10415|2769.9888|2778.01617|2761.4894|2758.51193|2765.68294|0.0|0.0|2769.585|2774.35|2763.49|2769.2525|-1|0.3325|-1.2225|2814.39|2803.53|2792.67|2781.81|2776.38|2765.52|2760.09|2749.23|2738.37|2727.51|2741.77|2747.2|2752.63|2758.06|2779.78|2785.21|2790.64|2796.07|0.0|0.0|2769.27247|2774.79107|2763.20019|0|1770869869
1770680700|XAUUSD|2775.72|2779.83|2775.25|2778.68|6949|M15|2781.71123|2777.21262|2766.15436|-2.71245|2|2771.14794|2772.37109|2774.22215|2783.00387|2787.28001|2766.17238|0.0|0.0|2780.19019|2778.98523|2775.611|2776.59713|2779.74995|2767.18311|0.0|0.0|2777.2|2779.83|2775.25|2777.37|1|0.17|-1.13127|2797.0|2792.42|2787.84|2783.26|2780.97|2776.39|2774.1|2769.52|2764.94|2760.36|2766.09|2768.38|2770.67|2772.96|2782.12|2784.41|2786.7|2788.99|0.0|0.0|2777.63067|2779.42941|2774.87708|0|1770869869
1770681600|XAUUSD|2781.06|2783.88|2780.93|2782.97|3689|M15|2784.38026|2793.30987|2784.10992|-0.29254|1|2780.17219|2778.82099|2764.59103|2787.5997|2787.12321|2775.28785|2784.795|0.0|2784.88701|2782.93297|2779.18678|2783.11279|2777.11226|2779.01883|0.0|2780.85728|2782.015|2783.88|2780.93|2782.21|1|0.195|-1.60328|2794.77|2791.82|2788.87|2785.92|2784.445|2781.495|2780.02|2777.07|2774.12|2771.17|2775.03|2776.505|2777.98|2779.455|2785.355|2786.83|2788.305|2789.78|0.0|0.0|2787.39298|2784.82689|2781.91006|0|1770869869
1770682500|XAUUSD|2778.86|2781.01|2777.51|2779.65|6789|M15|2776.65688|2783.54455|2774.50735|-1.71452|1|2773.92456|2775.96151|2770.65775|2784.42163|2790.61023|2779.09617|0.0|0.0|2782.49576|2778.62433|2775.98313|2777.22491|2777.33415|2780.3966|0.0|0.0|2779.255|2781.01|2777.51|2779.2575|1|0.0025|1.76969|2793.65|2790.15|2786.65|2783.15|2781.4|2777.9|2776.15|2772.65|2769.15|2765.65|2770.51|2772.26|2774.01|2775.76|2782.76|2784.51|2786.26|2788.01|0.0|0.0|2794.84526|2781.83909|2777.56647|0|1770869869
1770683400|XAUUSD|2783.04|2785.2|2778.21|2782.66|8014|M15|2780.08184|2773.13373|2777.101|-0.74806|-2|2783.61846|2789.26686|2768.54075|2787.06146|2785.87679|2801.26464|0.0|0.0|2783.30426|2788.30415|2780.62896|2776.11608|2779.26093|2775.66298|0.0|0.0|2782.85|2785.2|2778.21|2782.2775|-1|0.5725|1.13476|2810.62|2803.63|2796.64|2789.65|2786.155|2779.165|2775.67|2768.68|2761.69|2754.7|2764.23|2767.725|2771.22|2774.715|2788.695|2792.19|2795.685|2799.18|2786.92913|0.0|2766.61907|2784.44193|2778.72639|0|1770869869
1770684300|XAUUSD|2787.79|2796.37|2784.81|2791.59|8637|M15|2792.18203|2794.4539|2779.58702|2.92023|-2|2784.5744|2784.08659|2774.54703|2800.58708|2793.32518|2791.34211|2796.96485|0.0|2795.61751|2793.294|2801.46344|2783.88213|2788.88261|2791.56936|0.0|0.0|2789.69|2796.37|2784.81|2790.14|1|0.45|-1.95153|2837.83|2826.27|2814.71|2803.15|2797.37|2785.81|2780.03|2768.47|2756.91|2745.35|2761.69|2767.47|2773.25|2779.03|2802.15|2807.93|2813.71|2819.49|0.0|0.0|2800.5568|2797.31624|2784.64205|0|1770869869
1770685200|XAUUSD|2786.38|2794.2|2785.08|2791.81|1923|M15|2785.38899|2800.03643|2803.28523|0.00275|0|2780.86172|2778.67717|2769.73847|2793.57574|2787.19743|2810.15984|0.0|2784.31971|2794.64413|2798.00573|2792.0672|2784.85918|2782.50617|2782.36159|0.0|2784.22526|2789.095|2794.2|2785.08|2789.3675|1|0.2725|-1.32376|2828.29|2819.17|2810.05|2800.93|2796.37|2787.25|2782.69|2773.57|2764.45|2755.33|2766.84|2771.4|2775.96|2780.52|2798.76|2803.32|2807.88|2812.44|2796.71993|0.0|2787.23493|2794.29803|2785.99602|0|1770869869
1770686100|XAUUSD|2790.22|2793.79|2787.39|2790.51|3110|M15|2782.67933|2795.59593|2793.81501|0.69225|-1|2782.50664|2789.60089|2798.91809|2792.45467|2801.21773|2777.99082|0.0|0.0|2794.70468|2795.91892|2787.75322|2785.4162|2783.46462|2793.60912|0.0|0.0|2790.365|2793.79|2787.39|2790.4775|1|0.1125|1.56967|2816.11|2809.71|2803.31|2796.91|2793.71|2787.31|2784.11|2777.71|2771.31|2764.91|2774.59|2777.79|2780.99|2784.19|2796.99|2800.19|2803.39|2806.59|0.0|0.0|2806.85285|2792.81854|2788.38106|0|1770869869
1770687000|XAUUSD|2793.41|2801.59|2791.95|2801.1|2539|M15|2806.30396|2793.54275|2794.94965|-2.40636|0|2791.39435|2787.9144|2792.37331|2799.5232|2791.66432|2805.98622|0.0|0.0|2803.85191|2800.78367|2801.0115|2793.41504|2795.15001|2788.96668|0.0|0.0|2797.255|2801.59|2791.95|2797.0125|-1|0.2425|1.88176|2839.66|2830.02|2820.38|2810.74|2805.92|2796.28|2791.46|2781.82|2772.18|2762.54|2772.67|2777.49|2782.31|2787.13|2806.41|2811.23|2816.05|2820.87|2802.09798|0.0|2786.88981|2801.09156|2792.86739|0|1770869869
1770687900|XAUUSD|2795.73|2798.74|2792.94|2798.4|4594|M15|2799.12866|2793.79632|2797.42355|-0.07852|-2|2796.6696|2794.17611|2784.06608|2794.60882|2797.22994|2801.28919|0.0|0.0|2797.33099|2793.36123|2796.50096|2790.69906|2789.96757|2792.18441|0.0|2792.08879|2797.065|2798.74|2792.94|2796.4525|-1|0.6125|0.89994|2821.6|2815.8|2810.0|2804.2|2801.3|2795.5|2792.6|2786.8|2781.0|2775.2|2781.34|2784.24|2787.14|2790.04|2801.64|2804.54|2807.44|2810.34|0.0|0.0|2785.43842|2798.22327|2793.69501|0|1770869869
1770688800|XAUUSD|2801.61|2802.59|2799.95|2800.41|7997|M15|2801.22677|2803.97536|2808.59588|-0.71123|0|2799.41503|2806.45399|2813.06746|2806.91834|2794.76292|2811.78711|0.0|2799.78057|2804.50379|2806.05114|2799.96588|2802.58626|2796.91678|2806.06025|0.0|0.0|2801.01|2802.59|2799.95|2801.14|1|0.13|-1.39964|2810.97|2808.33|2805.69|2803.05|2801.73|2799.09|2797.77|2795.13|2792.49|2789.85|2794.67|2795.99|2797.31|2798.63|2803.91|2805.23|2806.55|2807.87|0.0|0.0|2787.92546|2802.79221|2799.69525|1|1770869869
1770689700|XAUUSD|2798.27|2802.38|2794.88|2797.87|9074|M15|2797.35217|2805.36537|2790.54488|1.66902|-1|2799.8678|2796.74816|2804.61312|2803.48284|2810.73078|2795.01515|0.0|0.0|2805.16235|2798.81331|2796.66138|2793.09692|2794.46289|2792.67303|0.0|0.0|2798.07|2802.38|2794.88|2798.35|1|0.28|1.02335|2827.87|2820.37|2812.87|2805.37|2801.62|2794.12|2790.37|2782.87|2775.37|2767.87|2779.88|2783.63|2787.38|2791.13|2806.13|2809.88|2813.63|2817.38|0.0|0.0|2810.90323|2803.01719|2795.41546|0|1770869869
1770690600|XAUUSD|2797.57|2803.09|2797.16|2802.85|7839|M15|2805.13218|2804.57349|2801.01463|-1.6824|-2|2796.68266|2794.02569|2810.10557|2800.6089|2811.03434|2814.38115|0.0|0.0|2802.00438|2806.677|2805.13953|2798.70936|2796.30687|2789.15781|0.0|0.0|2800.21|2803.09|2797.16|2800.1675|-1|0.0425|1.60194|2826.57|2820.64|2814.71|2808.78|2805.815|2799.885|2796.92|2790.99|2785.06|2779.13|2785.3|2788.265|2791.23|2794.195|2806.055|2809.02|2811.985|2814.95|0.0|2793.16557|2798.27154|2802.15099|2798.08632|0|1770869869
1770691500|XAUUSD|2798.7|2808.82|2797.69|2807.59|6491|M15|2800.91298|2803.6242|2796.29314|2.58852|-2|2794.13578|2805.96457|2799.00489|2806.47297|2808.53694|2798.10973|0.0|0.0|2811.4141|2807.00292|2812.65593|2798.60886|2797.43829|2795.31014|2809.68589|0.0|2803.145|2808.82|2797.69|2803.2|1|0.055|0.92029|2852.11|2840.98|2829.85|2818.72|2813.155|2802.025|2796.46|2785.33|2774.2|2763.07|2775.43|2780.995|2786.56|2792.125|2814.385|2819.95|2825.515|2831.08|0.0|0.0|2797.38284|2807.89963|2796.96659|0|1770869869
1770692400|XAUUSD|2803.27|2804.15|2800.55|2801.05|2810|M15|2807.77591|2801.03625|2799.42546|-1.18678|0|2803.80929|2805.69641|2787.64184|2806.31657|2797.54996|2789.64126|0.0|0.0|2806.83525|2806.36593|2797.61482|2800.06607|2800.59196|2801.58828|0.0|0.0|2802.16|2804.15|2800.55|2802.255|1|0.095|-1.16914|2815.45|2811.85|2808.25|2804.65|2802.85|2799.25|2797.45|2793.85|2790.25|2786.65|2793.35|2795.15|2796.95|2798.75|2805.95|2807.75|2809.55|2811.35|2805.54967|0.0|2813.06951|2803.26461|2801.4147|0|1770869869
1770693300|XAUUSD|2805.34|2814.12|2805.25|2810.56|4039|M15|2812.27429|2799.83415|2801.37153|2.39609|-2|2801.76603|2806.40568|2818.38324|2818.07026|2807.32321|2806.63718|0.0|0.0|2816.59044|2818.19239|2808.13953|2804.67022|2805.21393|2807.83939|0.0|0.0|2807.95|2814.12|2805.25|2808.8175|1|0.8675|1.19625|2846.04|2837.17|2828.3|2819.43|2814.995|2806.125|2801.69|2792.82|2783.95|2775.08|2787.51|2791.945|2796.38|2800.815|2818.555|2822.99|2827.425|2831.86|2815.27522|2802.36718|2811.4018|2814.62537|2804.84826|0|1770869869
1770694200|XAUUSD|2804.28|2806.44|2797.39|2798.6|8463|M15|2794.06297|2787.9356|2792.8436|1.21784|1|2794.76579|2787.17536|2804.05354|2803.03753|2801.61249|2808.94253|0.0|0.0|2806.58248|2802.01349|2812.42154|2797.36154|2800.02028|2804.93997|2807.26469|0.0|2801.44|2806.44|2797.39|2801.6775|1|0.2375|1.28666|2834.8|2825.75|2816.7|2807.65|2803.125|2794.075|2789.55|2780.5|2771.45|2762.4|2779.29|2783.815|2788.34|2792.865|2810.965|2815.49|2820.015|2824.54|0.0|0.0|2794.22699|2806.39497|2797.49706|0|1770869869
1770695100|XAUUSD|2804.0|2809.27|2799.62|2807.02|5244|M15|2804.1447|2797.75217|2804.1689|-1.90915|0|2801.45403|2796.18356|2789.05511|2809.12728|2800.13873|2804.68518|0.0|0.0|2811.9128|2812.93227|2802.28371|2799.34636|2803.12942|2798.60941|0.0|0.0|2805.51|2809.27|2799.62|2804.9775|-1|0.5325|-1.24879|2845.62|2835.97|2826.32|2816.67|2811.845|2802.195|2797.37|2787.72|2778.07|2768.42|2780.32|2785.145|2789.97|2794.795|2814.095|2818.92|2823.745|2828.57|2809.60761|0.0|2823.07887|2808.60354|2798.95811|0|1770869869
1770696000|XAUUSD|2805.95|2809.59|2798.95|2803.63|8515|M15|2802.99885|2803.7775|2800.18714|1.88835|0|2793.98271|2790.5535|2814.75259|2807.34869|2812.54469|2816.56163|0.0|2797.48657|2808.49598|2804.43521|2816.38046|2796.95827|2804.44569|2798.17358|0.0|0.0|2804.79|2809.59|2798.95|2804.53|-1|0.26|-0.87381|2846.19|2835.55|2824.91|2814.27|2808.95|2798.31|2792.99|2782.35|2771.71|2761.07|2777.67|2782.99|2788.31|2793.63|2814.91|2820.23|2825.55|2830.87|0.0|2795.91362|2788.53575|2810.40275|2799.13102|0|1770869869
1770696900|XAUUSD|2803.28|2807.03|2795.15|2797.51|8906|M15|2798.69069|2791.6107|2789.10107|0.02806|1|2798.2497|2800.06369|2801.31185|2807.5352|2816.1008|2812.83044|0.0|0.0|2806.80644|2810.82113|2804.65828|2794.87975|2793.77216|2801.87923|0.0|0.0|2800.395|2807.03|2795.15|2800.7425|1|0.3475|1.45328|2845.03|2833.15|2821.27|2809.39|2803.45|2791.57|2785.63|2773.75|2761.87|2749.99|2771.39|2777.33|2783.27|2789.21|2812.97|2818.91|2824.85|2830.79|2810.82503|0.0|2810.34133|2806.50875|2794.45257|0|1770869869
1770697800|XAUUSD|2803.73|2812.37|2801.27|2809.87|3263|M15|2810.23331|2811.78543|2814.04106|-0.77667|-2|2798.38387|2790.45201|2804.64811|2815.72969|2815.60131|2796.24772|0.0|2800.45153|2813.91293|2817.66662|2808.41177|2801.97442|2806.10747|2802.80182|0.0|2800.45274|2806.8|2812.37|2801.27|2806.81|1|0.01|1.25425|2854.27|2843.17|2832.07|2820.97|2815.42|2804.32|2798.77|2787.67|2776.57|2765.47|2779.07|2784.62|2790.17|2795.72|2817.92|2823.47|2829.02|2834.57|2814.59753|2797.11634|2797.9481|2811.4613|2801.87442|0|1770869869
1770698700|XAUUSD|2813.81|2825.0|2809.27|2823.17|3188|M15|2831.60594|2813.22091|2829.56238|0.88075|-1|2806.02518|2811.5303|2806.95388|2821.91549|2816.41892|2828.6476|0.0|0.0|2822.67613|2821.99816|2826.6411|2811.42691|2810.80244|2802.55492|2825.5923|2809.01534|2818.49|2825.0|2809.27|2817.8125|-1|0.6775|-0.80206|2886.09|2870.36|2854.63|2838.9|2831.035|2815.305|2807.44|2791.71|2775.98|2760.25|2777.81|2785.675|2793.54|2801.405|2832.865|2840.73|2848.595|2856.46|2829.34045|0.0|2828.25033|2824.87233|2809.44851|0|1770869869
1770699600|XAUUSD|2825.29|2832.23|2824.45|2831.61|8226|M15|2823.40221|2824.73927|2822.49826|2.96979|0|2821.45065|2814.95231|2816.8767|2831.23101|2824.58545|2837.27612|0.0|0.0|2834.44615|2826.72314|2824.42651|2823.13475|2819.74468|2831.99335|0.0|0.0|2828.45|2832.23|2824.45|2828.395|-1|0.055|1.41759|2862.73|2854.95|2847.17|2839.39|2835.5|2827.72|2823.83|2816.05|2808.27|2800.49|2808.89|2812.78|2816.67|2820.56|2836.12|2840.01|2843.9|2847.79|2836.95992|0.0|2820.45913|2832.90164|2824.80021|1|1770869869
1770700500|XAUUSD|2828.34|2830.22|2820.28|2824.37|9924|M15|2824.87744|2824.27723|2811.93162|-0.39129|2|2814.67924|2822.75887|2818.44159|2835.58942|2829.01167|2826.72373|0.0|0.0|2832.16804|2829.9524|2832.08725|2819.92338|2816.33481|2825.57853|0.0|0.0|2826.355|2830.22|2820.28|2825.8025|-1|0.5525|-1.57242|2864.13|2854.19|2844.25|2834.31|2829.34|2819.4|2814.43|2804.49|2794.55|2784.61|2800.4|2805.37|2810.34|2815.31|2835.19|2840.16|2845.13|2850.1|2834.96526|0.0|2809.15753|2830.51566|2819.78741|0|1770869869
1770701400|XAUUSD|2821.87|2822.51|2812.2|2814.36|9113|M15|2810.30756|2806.67717|2822.04713|-2.64263|-1|2807.20277|2819.65032|2819.18318|2817.70659|2822.44712|2818.89838|0.0|0.0|2823.92427|2826.6827|2821.43638|2809.53683|2814.27887|2820.49485|0.0|0.0|2818.115|2822.51|2812.2|2817.735|-1|0.38|1.30336|2855.6|2845.29|2834.98|2824.67|2819.515|2809.205|2804.05|2793.74|2783.43|2773.12|2791.58|2796.735|2801.89|2807.045|2827.665|2832.82|2837.975|2843.13|0.0|0.0|2814.13928|2821.66804|2813.01508|0|1770869869
1770702300|XAUUSD|2811.38|2817.15|2810.82|2814.87|2300|M15|2810.60339|2815.59758|2817.52254|0.69727|-2|2813.89482|2816.87938|2822.72065|2815.40392|2823.95021|2809.13742|0.0|0.0|2815.76682|2819.06715|2819.24505|2812.21183|2806.60763|2816.36364|0.0|0.0|2813.125|2817.15|2810.82|2813.555|1|0.43|-0.98465|2840.19|2833.86|2827.53|2821.2|2818.035|2811.705|2808.54|2802.21|2795.88|2789.55|2798.16|2801.325|2804.49|2807.655|2820.315|2823.48|2826.645|2829.81|0.0|2808.6695|2809.15705|2817.67601|2810.03406|0|1770869869
1770703200|XAUUSD|2811.84|2820.88|2807.39|2816.57|1778|M15|2811.45558|2811.27913|2828.74321|-2.73061|0|2805.73374|2797.41408|2800.35283|2817.5726|2828.15367|2822.89262|0.0|0.0|2818.49621|2825.26507|2817.16604|2805.23479|2803.50079|2807.99021|0.0|0.0|2814.205|2820.88|2807.39|2814.17|-1|0.035|1.25246|2870.53|2857.04|2843.55|2830.06|2823.315|2809.825|2803.08|2789.59|2776.1|2762.61|2780.41|2787.155|2793.9|2800.645|2827.625|2834.37|2841.115|2847.86|0.0|2805.3812|2810.48159|2820.29933|2807.67039|0|1770869869
1770704100|XAUUSD|2813.32|2815.65|2807.62|2810.71|8447|M15|2816.27996|2820.32967|2817.45202|2.84874|2|2809.63137|2799.71353|2817.35903|2816.99081|2815.55317|2810.06158|0.0|0.0|2813.4561|2810.51339|2818.86081|2806.46025|2808.64587|2813.74445|0.0|0.0|2812.015|2815.65|2807.62|2811.825|-1|0.19|-1.92589|2842.83|2834.8|2826.77|2818.74|2814.725|2806.695|2802.68|2794.65|2786.62|2778.59|2791.56|2795.575|2799.59|2803.605|2819.665|2823.68|2827.695|2831.71|2817.07031|2807.47693|2826.99338|2815.63476|2808.10084|1|1770869869
1770705000|XAUUSD|2808.44|2820.66|2808.39|2817.62|6784|M15|2821.42503|2813.44611|2821.93709|-1.7109|-1|2805.42532|2800.9102|2824.63719|2818.68497|2821.12421|2820.47769|0.0|0.0|2822.18441|2820.59524|2826.67552|2808.26909|2804.80954|2815.76416|2821.1218|0.0|2813.03|2820.66|2808.39|2813.7775|1|0.7475|-1.69571|2866.7|2854.43|2842.16|2829.89|2823.755|2811.485|2805.35|2793.08|2780.81|2768.54|2783.85|2789.985|2796.12|2802.255|2826.795|2832.93|2839.065|2845.2|0.0|0.0|2821.62939|2820.91256|2808.72136|0|1770869869
1770705900|XAUUSD|2814.7|2818.1|2811.74|2814.53|3346|M15|2820.18979|2819.03557|2816.74562|1.25389|2|2811.30417|2817.81173|2798.5131|2818.00246|2807.36087|2819.50506|0.0|0.0|2815.76848|2819.3899|2818.97792|2812.44234|2806.20087|2815.14571|0.0|0.0|2814.615|2818.1|2811.74|2814.7675|1|0.1525|-0.47672|2839.97|2833.61|2827.25|2820.89|2817.71|2811.35|2808.17|2801.81|2795.45|2789.09|2799.02|2802.2|2805.38|2808.56|2821.28|2824.46|2827.64|2830.82|0.0|2809.84531|2813.66374|2818.98613|2810.83665|0|1770869869
1770706800|XAUUSD|2816.68|2824.88|2814.73|2820.88|1668|M15|2822.24265|2821.87368|2816.1324|0.1952|1|2813.18875|2817.7466|2819.83048|2829.11185|2815.89283|2836.12961|2825.8269|0.0|2826.33266|2827.23387|2827.76829|2815.11069|2812.21767|2819.96739|0.0|2814.3832|2818.78|2824.88|2814.73|2819.2925|1|0.5125|-1.25747|2861.48|2851.33|2841.18|2831.03|2825.955|2815.805|2810.73|2800.58|2790.43|2780.28|2794.43|2799.505|2804.58|2809.655|2829.955|2835.03|2840.105|2845.18|0.0|0.0|2808.8768|2825.00175|2814.23075|0|1770869869
1770707700|XAUUSD|2824.79|2835.2|2823.85|2834.2|5045|M15|2826.08342|2829.02248|2834.96758|-0.13399|2|2824.93328|2812.71256|2811.10836|2829.63842|2840.84228|2828.13055|0.0|2823.35393|2836.46711|2840.53105|2840.45844|2821.15049|2828.13619|2831.82936|0.0|0.0|2829.495|2835.2|2823.85|2829.51|1|0.015|1.35974|2879.6|2868.25|2856.9|2845.55|2839.875|2828.525|2822.85|2811.5|2800.15|2788.8|2801.15|2806.825|2812.5|2818.175|2840.875|2846.55|2852.225|2857.9|0.0|0.0|2832.56796|2835.63507|2823.10114|0|1770869869
1770708600|XAUUSD|2833.63|2835.81|2830.55|2835.53|2227|M15|2841.6957|2843.48415|2830.22731|-2.49048|1|2826.97905|2829.13738|2839.76345|2838.72436|2826.37164|2841.99741|0.0|2829.38259|2834.93055|2833.27335|2833.89159|2831.63511|2835.04055|2830.18848|0.0|0.0|2834.58|2835.81|2830.55|2833.88|-1|0.7|1.49153|2856.57|2851.31|2846.05|2840.79|2838.16|2832.9|2830.27|2825.01|2819.75|2814.49|2820.03|2822.66|2825.29|2827.92|2838.44|2841.07|2843.7|2846.33|0.0|0.0|2829.87812|2834.94965|2829.81009|0|1770869869
1770709500|XAUUSD|2831.06|2842.29|2830.32|2838.52|8693|M15|2841.39988|2839.63542|2850.50752|-0.1317|-1|2828.52773|2829.65453|2845.10236|2846.93283|2849.61692|2842.14532|0.0|0.0|2839.57077|2841.56835|2834.34097|2829.11388|2827.53199|2829.38709|2843.0346|0.0|2834.79|2842.29|2830.32|2835.5475|1|0.7575|0.64179|2886.4|2874.43|2862.46|2850.49|2844.505|2832.535|2826.55|2814.58|2802.61|2790.64|2806.38|2812.365|2818.35|2824.335|2848.275|2854.26|2860.245|2866.23|0.0|2827.9422|2828.89177|2843.10349|2831.23023|0|1770869869
1770710400|XAUUSD|2843.6|2852.87|2841.51|2848.4|2968|M15|2840.67763|2845.81106|2856.62355|2.43436|0|2837.0916|2839.48865|2850.18863|2856.5092|2848.64836|2857.33482|0.0|0.0|2855.64622|2849.38662|2851.35054|2839.23256|2838.33313|2833.82545|0.0|2841.33304|2846.0|2852.87|2841.51|2846.595|1|0.595|1.20556|2893.84|2882.48|2871.12|2859.76|2854.08|2842.72|2837.04|2825.68|2814.32|2802.96|2818.79|2824.47|2830.15|2835.83|2858.55|2864.23|2869.91|2875.59|0.0|0.0|2834.01752|2853.74209|2841.98051|0|1770869869
1770711300|XAUUSD|2843.28|2848.07|2842.98|2844.33|7766|M15|2838.84568|2850.09494|2851.53707|-0.86837|1|2840.00545|2837.56652|2843.02746|2853.65258|2857.02204|2851.59847|0.0|0.0|2846.12963|2845.45204|2852.59295|2843.24197|2848.61806|2839.94774|0.0|0.0|2843.805|2848.07|2842.98|2844.665|1|0.86|1.48255|2864.69|2859.6|2854.51|2849.42|2846.875|2841.785|2839.24|2834.15|2829.06|2823.97|2832.8|2835.345|2837.89|2840.435|2850.615|2853.16|2855.705|2858.25|2852.51123|2840.45527|2841.00836|2848.28401|2842.04149|0|1770869869
1770712200|XAUUSD|2847.09|2851.99|2838.02|2839.74|4280|M15|2844.1323|2845.25611|2843.87369|2.50961|-2|2832.96713|2835.10115|2851.28681|2855.01442|2843.79144|2868.70714|0.0|0.0|2853.90482|2850.0371|2853.72182|2838.77609|2832.75285|2833.15161|0.0|0.0|2843.415|2851.99|2838.02|2844.21|1|0.795|1.24316|2895.62|2881.65|2867.68|2853.71|2846.725|2832.755|2825.77|2811.8|2797.83|2783.86|2810.08|2817.065|2824.05|2831.035|2858.975|2865.96|2872.945|2879.93|0.0|2833.57326|2854.67398|2852.7191|2838.10363|0|1770869869
1770713100|XAUUSD|2841.51|2853.82|2837.73|2851.17|4746|M15|2857.33085|2857.76772|2860.13972|0.96532|-2|2843.28599|2846.77871|2847.91501|2851.21903|2852.67029|2864.34684|0.0|0.0|2852.01995|2858.36201|2853.0206|2839.02823|2842.7512|2839.33845|0.0|0.0|2846.34|2853.82|2837.73|2846.0575|-1|0.2825|0.50451|2915.53|2899.44|2883.35|2867.26|2859.215|2843.125|2835.08|2818.99|2802.9|2786.81|2805.55|2813.595|2821.64|2829.685|2861.865|2869.91|2877.955|2886.0|0.0|0.0|2840.62749|2854.10515|2837.14577|1|1770869869
1770714000|XAUUSD|2854.55|2861.31|2854.05|2860.72|7672|M15|2857.30336|2871.1486|2856.54255|0.01526|1|2851.5658|2850.17858|2852.58928|2863.07604|2870.96217|2867.40711|0.0|0.0|2864.1615|2864.49092|2854.65839|2855.0804|2852.01961|2861.24801|0.0|0.0|2857.635|2861.31|2854.05|2857.6575|1|0.0225|-1.39971|2889.76|2882.5|2875.24|2867.98|2864.35|2857.09|2853.46|2846.2|2838.94|2831.68|2839.53|2843.16|2846.79|2850.42|2864.94|2868.57|2872.2|2875.83|2862.20136|0.0|2848.1062|2862.25508|2853.38516|0|1770869869
1770714900|XAUUSD|2863.14|2872.15|2861.36|2871.05|2333|M15|2868.64025|2860.07952|2885.22654|-1.59192|0|2865.18875|2854.57679|2868.10253|2868.40026|2881.40537|2858.40582|0.0|0.0|2869.8154|2869.9545|2872.74367|2864.13749|2866.4323|2868.32197|0.0|0.0|2867.095|2872.15|2861.36|2866.925|-1|0.17|-1.87914|2914.21|2903.42|2892.63|2881.84|2876.445|2865.655|2860.26|2849.47|2838.68|2827.89|2839.78|2845.175|2850.57|2855.965|2877.545|2882.94|2888.335|2893.73|0.0|0.0|2887.43795|2872.85479|2861.01158|0|1770869869
1770715800|XAUUSD|2873.8|2877.33|2866.14|2870.73|2131|M15|2873.17359|2861.936|2876.92689|-2.21203|0|2860.85955|2872.27356|2856.37778|2872.92156|2872.99706|2865.9187|0.0|0.0|2875.03642|2879.41753|2884.64064|2864.16092|2870.23399|2866.47331|2877.51046|0.0|2872.265|2877.33|2866.14|2872.0|-1|0.265|1.76095|2915.49|2904.3|2893.11|2881.92|2876.325|2865.135|2859.54|2848.35|2837.16|2825.97|2843.76|2849.355|2854.95|2860.545|2882.925|2888.52|2894.115|2899.71|0.0|2865.39611|2877.71864|2877.90392|2866.66137|0|1770869869
1770716700|XAUUSD|2866.53|2876.47|2862.98|2872.67|5110|M15|2871.04334|2861.91521|2867.65598|-0.22054|0|2865.50634|2870.1374|2857.5045|2873.6773|2884.2897|2891.73969|2877.95401|0.0|2874.10113|2871.47641|2877.69294|2864.13144|2861.57269|2855.87813|0.0|2862.50621|2869.6|2876.47|2862.98|2869.6625|1|0.0625|-0.60129|2926.63|2913.14|2899.65|2886.16|2879.415|2865.925|2859.18|2845.69|2832.2|2818.71|2836.0|2842.745|2849.49|2856.235|2883.215|2889.96|2896.705|2903.45|2876.9455|0.0|2870.24314|2877.18205|2861.98565|0|1770869869
1770717600|XAUUSD|2872.34|2885.61|2871.98|2881.62|4033|M15|2876.83981|2876.94483|2880.34044|2.13062|2|2870.38741|2865.28765|2888.42231|2882.5192|2894.85383|2897.40164|0.0|2870.37509|2884.15657|2889.55332|2878.40221|2869.68355|2866.91993|2876.35814|0.0|0.0|2876.98|2885.61|2871.98|2877.8875|1|0.9075|0.31878|2936.14|2922.51|2908.88|2895.25|2888.435|2874.805|2867.99|2854.36|2840.73|2827.1|2844.72|2851.535|2858.35|2865.165|2892.425|2899.24|2906.055|2912.87|0.0|2870.50107|2868.72192|2885.24405|2871.81991|0|1770869869
1770718500|XAUUSD|2880.44|2881.85|2868.19|2870.76|5115|M15|2877.7884|2874.07063|2874.10586|-1.40268|-2|2870.20737|2878.01121|2858.99512|2881.31591|2892.42896|2879.25515|0.0|0.0|2879.17943|2876.4012|2878.41496|2866.10037|2866.95809|2863.23313|2882.79584|0.0|2875.6|2881.85|2868.19|2875.31|-1|0.29|1.69651|2925.4|2911.74|2898.08|2884.42|2877.59|2863.93|2857.1|2843.44|2829.78|2816.12|2840.87|2847.7|2854.53|2861.36|2888.68|2895.51|2902.34|2909.17|0.0|0.0|2858.98201|2881.40998|2867.81395|0|1770869869
1770719400|XAUUSD|2869.71|2873.62|2858.35|2859.76|2985|M15|2852.39126|2858.69958|2854.90597|2.36827|-1|2852.87635|2864.5235|2844.27328|2878.20477|2877.82018|2871.70883|0.0|0.0|2876.26926|2872.19824|2870.23202|2855.95662|2858.99672|2857.8517|2874.51399|0.0|2864.735|2873.62|2858.35|2865.36|1|0.625|-1.29252|2920.84|2905.57|2890.3|2875.03|2867.395|2852.125|2844.49|2829.22|2813.95|2798.68|2827.81|2835.445|2843.08|2850.715|2881.255|2888.89|2896.525|2904.16|0.0|2854.01324|2851.10819|2873.93313|2858.77341|0|1770869869
1770720300|XAUUSD|2854.9|2857.13|2841.52|2846.36|9640|M15|2848.176|2856.92158|2856.40633|2.14078|-2|2837.11152|2845.84886|2827.62022|2854.994|2859.17249|2874.14433|0.0|2839.58496|2857.47433|2860.11164|2857.72868|2839.306|2845.36772|2840.60423|0.0|0.0|2850.63|2857.13|2841.52|2849.9775|-1|0.6525|-1.12907|2908.8|2893.19|2877.58|2861.97|2854.165|2838.555|2830.75|2815.14|2799.53|2783.92|2810.3|2818.105|2825.91|2833.715|2864.935|2872.74|2880.545|2888.35|2859.4885|0.0|2856.83419|2856.63238|2842.3635|0|1770869869
1770721200|XAUUSD|2842.65|2850.09|2841.92|2847.65|4990|M15|2847.70647|2844.74517|2843.21497|-0.87727|1|2842.2953|2838.60186|2855.36573|2851.79258|2842.04457|2847.40558|0.0|0.0|2847.62754|2851.0121|2850.18954|2840.19274|2840.0911|2833.50979|2850.63259|0.0|2845.15|2850.09|2841.92|2845.5775|1|0.4275|-1.95268|2880.33|2872.16|2863.99|2855.82|2851.735|2843.565|2839.48|2831.31|2823.14|2814.97|2825.58|2829.665|2833.75|2837.835|2854.175|2858.26|2862.345|2866.43|0.0|0.0|2849.13511|2849.27481|2841.24629|0|1770869869
1770722100|XAUUSD|2850.92|2857.63|2847.36|2853.62|3867|M15|2849.99502|2849.79145|2839.45265|-0.95116|-2|2852.80683|2847.22293|2841.33399|2858.4773|2847.05736|2858.11304|0.0|0.0|2855.82448|2862.85272|2849.30216|2850.17794|2850.46864|2845.76229|0.0|0.0|2852.27|2857.63|2847.36|2852.3825|1|0.1125|-1.66908|2894.7|2884.43|2874.16|2863.89|2858.755|2848.485|2843.35|2833.08|2822.81|2812.54|2826.82|2831.955|2837.09|2842.225|2862.765|2867.9|2873.035|2878.17|0.0|0.0|2845.16323|2858.22295|2847.69559|0|1770869869
1770723000|XAUUSD|2855.85|2858.34|2849.31|2849.74|7364|M15|2853.06092|2850.94226|2844.55497|0.26346|-1|2846.57213|2850.98674|2863.84068|2855.76717|2857.16518|2843.09689|0.0|0.0|2856.14828|2854.19459|2854.67806|2850.56868|2844.23158|2849.13342|0.0|2848.60864|2852.795|2858.34|2849.31|2853.31|1|0.515|1.15498|2885.86|2876.83|2867.8|2858.77|2854.255|2845.225|2840.71|2831.68|2822.65|2813.62|2831.25|2835.765|2840.28|2844.795|2862.855|2867.37|2871.885|2876.4|2862.6681|0.0|2861.17021|2858.42629|2848.43394|1|1770869869
1770723900|XAUUSD|2846.92|2850.27|2846.12|2846.15|1707|M15|2849.77252|2855.07517|2841.02689|0.06407|-1|2843.06596|2843.84846|2857.02139|2855.06814|2858.00074|2859.89995|2851.78221|0.0|2848.91305|2855.26189|2844.07226|2847.75061|2843.6304|2843.16908|2850.52511|0.0|2846.535|2850.27|2846.12|2847.365|1|0.83|0.71652|2862.75|2858.6|2854.45|2850.3|2848.225|2844.075|2842.0|2837.85|2833.7|2829.55|2837.82|2839.895|2841.97|2844.045|2852.345|2854.42|2856.495|2858.57|2854.48569|2843.83754|2831.45163|2850.34654|2846.28252|0|1770869869
1770724800|XAUUSD|2850.84|2854.29|2840.51|2843.82|1896|M15|2843.46926|2838.88423|2846.06758|1.49536|0|2835.75404|2846.4008|2835.04547|2858.49099|2844.00707|2850.07531|0.0|0.0|2851.90216|2858.17577|2859.14045|2841.02519|2841.9257|2838.14173|0.0|0.0|2847.33|2854.29|2840.51|2847.365|1|0.035|0.29264|2898.94|2885.16|2871.38|2857.6|2850.71|2836.93|2830.04|2816.26|2802.48|2788.7|2812.95|2819.84|2826.73|2833.62|2861.18|2868.07|2874.96|2881.85|0.0|2839.89777|2850.60921|2853.98183|2840.63055|0|1770869869
1770725700|XAUUSD|2846.21|2852.54|2845.02|2848.58|3721|M15|2843.01127|2839.11331|2856.01468|-0.76857|2|2842.90026|2839.51396|2838.56203|2848.75874|2850.6022|2840.00114|0.0|0.0|2851.34103|2854.58662|2846.08682|2845.2446|2839.85223|2846.89945|0.0|0.0|2847.395|2852.54|2845.02|2848.0875|1|0.6925|-1.44306|2878.66|2871.14|2863.62|2856.1|2852.34|2844.82|2841.06|2833.54|2826.02|2818.5|2829.98|2833.74|2837.5|2841.26|2856.3|2860.06|2863.82|2867.58|2856.31999|0.0|2857.66647|2851.6157|2845.99871|0|1770869869
1770726600|XAUUSD|2849.0|2852.88|2846.64|2852.06|9583|M15|2852.01924|2853.45493|2843.15396|-1.92608|-1|2845.4622|2842.63458|2856.36042|2857.18712|2856.83326|2858.9881|0.0|0.0|2853.13754|2853.9098|2861.20419|2844.31408|2844.99433|2845.96657|0.0|0.0|2850.53|2852.88|2846.64|2850.145|-1|0.385|1.13324|2877.02|2870.78|2864.54|2858.3|2855.18|2848.94|2845.82|2839.58|2833.34|2827.1|2834.16|2837.28|2840.4|2843.52|2856.0|2859.12|2862.24|2865.36|0.0|0.0|2838.19321|2852.54505|2845.8679|0|1770869869
1770727500|XAUUSD|2846.45|2848.54|2839.68|2840.97|8342|M15|2843.2854|2842.85881|2836.41613|0.25825|-2|2841.28948|2849.43549|2846.24065|2845.16973|2853.02372|2853.11227|0.0|0.0|2846.132|2844.47619|2856.12572|2839.92451|2842.6352|2844.35376|0.0|2839.53697|2843.71|2848.54|2839.68|2843.91|1|0.2|0.13546|2876.41|2867.55|2858.69|2849.83|2845.4|2836.54|2832.11|2823.25|2814.39|2805.53|2821.96|2826.39|2830.82|2835.25|2852.97|2857.4|2861.83|2866.26|0.0|2836.71561|2836.33437|2848.44604|2838.98389|0|1770869869
1770728400|XAUUSD|2839.42|2845.05|2838.92|2844.24|9908|M15|2852.14164|2833.72096|2836.65739|0.54378|2|2833.54744|2836.16933|2849.4774|2843.80713|2844.6392|2852.08503|0.0|0.0|2844.99186|2848.08031|2839.02706|2836.65868|2840.34499|2834.92655|0.0|0.0|2841.83|2845.05|2838.92|2841.9075|1|0.0775|1.39493|2868.76|2862.63|2856.5|2850.37|2847.305|2841.175|2838.11|2831.98|2825.85|2819.72|2826.66|2829.725|2832.79|2835.855|2848.115|2851.18|2854.245|2857.31|0.0|0.0|2858.22415|2844.08645|2839.54367|0|1770869869
1770729300|XAUUSD|2844.54|2849.3|2842.96|2847.03|8497|M15|2848.72366|2842.21779|2852.38906|-2.90797|-2|2843.74385|2849.26081|2831.99501|2851.43117|2857.20712|2843.6208|0.0|0.0|2848.87345|2844.6774|2854.23281|2842.94787|2842.08386|2844.00955|0.0|0.0|2845.785|2849.3|2842.96|2845.9575|1|0.1725|-1.87511|2872.39|2866.05|2859.71|2853.37|2850.2|2843.86|2840.69|2834.35|2828.01|2821.67|2830.28|2833.45|2836.62|2839.79|2852.47|2855.64|2858.81|2861.98|0.0|0.0|2863.83474|2849.41069|2842.11848|0|1770869869
1770730200|XAUUSD|2843.41|2847.36|2842.04|2843.59|4021|M15|2847.43653|2853.42501|2829.81251|-1.12629|1|2836.84577|2835.49806|2856.14851|2850.64909|2844.81011|2840.31649|0.0|0.0|2849.96881|2844.07367|2848.5105|2843.59477|2837.25052|2844.95446|2847.45087|0.0|2843.5|2847.36|2842.04|2844.1|1|0.6|1.01418|2864.87|2859.55|2854.23|2848.91|2846.25|2840.93|2838.27|2832.95|2827.63|2822.31|2831.4|2834.06|2836.72|2839.38|2850.02|2852.68|2855.34|2858.0|0.0|0.0|2841.82851|2847.54219|2842.82907|0|1770869869
1770731100|XAUUSD|2840.17|2848.36|2836.68|2844.56|3348|M15|2840.76687|2847.35021|2854.24053|0.16317|1|2837.42272|2846.67815|2830.31005|2850.39062|2849.94573|2857.60454|0.0|0.0|2847.27709|2845.67828|2852.8756|2838.50554|2835.99272|2845.06913|0.0|0.0|2842.365|2848.36|2836.68|2842.4425|1|0.0775|0.41472|2891.28|2879.6|2867.92|2856.24|2850.4|2838.72|2832.88|2821.2|2809.52|2797.84|2813.32|2819.16|2825.0|2830.84|2854.2|2860.04|2865.88|2871.72|0.0|0.0|2855.88549|2849.12029|2837.34666|0|1770869869
1770732000|XAUUSD|2843.02|2846.74|2835.5|2837.6|1181|M15|2834.58151|2846.83892|2839.71215|-1.43546|2|2839.0803|2830.03799|2826.52542|2843.95673|2857.9909|2833.03301|0.0|0.0|2844.01349|2852.29872|2842.07036|2834.43272|2840.97936|2834.50506|0.0|0.0|2840.31|2846.74|2835.5|2840.715|1|0.405|0.26038|2882.56|2871.32|2860.08|2848.84|2843.22|2831.98|2826.36|2815.12|2803.88|2792.64|2813.02|2818.64|2824.26|2829.88|2852.36|2857.98|2863.6|2869.22|2847.85816|2833.00956|2841.83422|2846.97046|2835.91274|1|1770869869
1770732900|XAUUSD|2840.97|2843.15|2835.5|2839.82|8691|M15|2834.78316|2829.24564|2839.96894|-1.07621|-1|2832.31178|2846.55366|2835.83028|2839.27761|2840.74013|2829.99534|0.0|0.0|2842.53215|2839.59355|2837.51887|2834.31397|2838.06103|2831.49134|0.0|0.0|2840.395|2843.15|2835.5|2839.86|-1|0.535|1.44813|2870.42|2862.77|2855.12|2847.47|2843.645|2835.995|2832.17|2824.52|2816.87|2809.22|2820.2|2824.025|2827.85|2831.675|2846.975|2850.8|2854.625|2858.45|0.0|2832.02283|2852.2285|2842.24508|2834.81993|0|1770869869
1770733800|XAUUSD|2842.62|2847.28|2837.68|2847.17|4672|M15|2838.75535|2845.247|2844.64067|-2.43404|0|2835.20127|2842.44009|2825.37227|2841.96026|2858.13567|2858.91628|0.0|0.0|2848.99925|2851.57546|2853.19298|2836.70836|2834.57976|2840.62928|2847.51136|0.0|2844.895|2847.28|2837.68|2843.6875|-1|1.2075|-0.35568|2885.57|2875.97|2866.37|2856.77|2851.97|2842.37|2837.57|2827.97|2818.37|2808.77|2818.48|2823.28|2828.08|2832.88|2852.08|2856.88|2861.68|2866.48|0.0|0.0|2860.02477|2846.7821|2837.09277|0|1770869869
1770734700|XAUUSD|2851.43|2860.76|2848.7|2859.77|8809|M15|2852.78737|2858.28001|2855.38361|-0.38379|1|2854.026|2843.45853|2842.33565|2857.72391|2859.48202|2877.84834|0.0|0.0|2859.76622|2863.91706|2861.02788|2847.0179|2849.26848|2843.57582|0.0|0.0|2855.6|2860.76|2848.7|2855.165|-1|0.435|1.12195|2908.01|2895.95|2883.89|2871.83|2865.8|2853.74|2847.71|2835.65|2823.59|2811.53|2824.58|2830.61|2836.64|2842.67|2866.79|2872.82|2878.85|2884.88|0.0|0.0|2871.60674|2860.53543|2849.4556|0|1770869869
1770735600|XAUUSD|2857.22|2860.24|2851.35|2851.44|7888|M15|2851.82538|2842.7406|2856.73693|-1.59904|-2|2851.3433|2856.66017|2864.10189|2856.77029|2853.25982|2844.20714|2862.15104|0.0|2862.25075|2864.62774|2853.25454|2853.42298|2855.32293|2854.37939|0.0|0.0|2854.33|2860.24|2851.35|2855.0625|1|0.7325|0.29492|2887.0|2878.11|2869.22|2860.33|2855.885|2846.995|2842.55|2833.66|2824.77|2815.88|2833.57|2838.015|2842.46|2846.905|2864.685|2869.13|2873.575|2878.02|0.0|0.0|2859.99582|2860.75359|2850.86081|0|1770869869
1770736500|XAUUSD|2852.26|2859.45|2851.1|2858.11|6722|M15|2853.92647|2856.5424|2856.5418|0.8636|-2|2846.94024|2845.95385|2843.51418|2864.27221|2857.45579|2870.03189|0.0|0.0|2860.15492|2856.78926|2858.17336|2849.43501|2852.74394|2844.07248|0.0|0.0|2855.185|2859.45|2851.1|2855.23|1|0.045|-0.97603|2891.51|2883.16|2874.81|2866.46|2862.285|2853.935|2849.76|2841.41|2833.06|2824.71|2834.4|2838.575|2842.75|2846.925|2863.625|2867.8|2871.975|2876.15|0.0|0.0|2861.46885|2860.01753|2850.65168|0|1770869869
1770737400|XAUUSD|2862.68|2863.03|2851.91|2855.86|1355|M15|2854.32402|2845.01155|2849.17919|0.83665|0|2847.12352|2845.26011|2848.84548|2868.62588|2867.72234|2848.96385|0.0|0.0|2865.22191|2868.44966|2859.00002|2854.63357|2853.0485|2852.44669|0.0|0.0|2859.27|2863.03|2851.91|2858.37|-1|0.9|0.36792|2900.34|2889.22|2878.1|2866.98|2861.42|2850.3|2844.74|2833.62|2822.5|2811.38|2829.67|2835.23|2840.79|2846.35|2868.59|2874.15|2879.71|2885.27|0.0|0.0|2843.95786|2862.19292|2850.94994|0|1770869869
1770738300|XAUUSD|2855.63|2857.81|2853.52|2854.01|4580|M15|2852.15712|2847.40107|2857.96104|1.04544|0|2854.02931|2844.68932|2857.82787|2854.21189|2846.89136|2862.30355|0.0|0.0|2857.56588|2858.09882|2858.28522|2855.0171|2854.92765|2848.04702|0.0|0.0|2854.82|2857.81|2853.52|2855.2425|1|0.4225|1.19417|2871.17|2866.88|2862.59|2858.3|2856.155|2851.865|2849.72|2845.43|2841.14|2836.85|2844.94|2847.085|2849.23|2851.375|2859.955|2862.1|2864.245|2866.39|0.0|0.0|2863.11487|2857.62276|2853.25925|0|1770869869
1770739200|XAUUSD|2851.63|2851.95|2847.95|2849.67|4027|M15|2850.05842|2849.33328|2854.19909|0.09768|1|2853.52695|2850.90727|2862.45618|2853.99525|2840.85396|2851.48717|0.0|0.0|2852.22698|2857.02965|2858.87065|2845.52636|2851.79237|2849.23731|0.0|0.0|2850.65|2851.95|2847.95|2850.3|-1|0.35|1.94592|2865.67|2861.67|2857.67|2853.67|2851.67|2847.67|2845.67|2841.67|2837.67|2833.67|2839.95|2841.95|2843.95|2845.95|2853.95|2855.95|2857.95|2859.95|0.0|0.0|2858.30309|2852.00299|2848.84089|0|1770869869
1770740100|XAUUSD|2844.95|2848.89|2843.43|2845.88|8745|M15|2844.40166|2855.86548|2832.60839|0.54432|-1|2840.24343|2839.2487|2831.48501|2851.8251|2839.34124|2848.48292|0.0|0.0|2848.17808|2853.7516|2850.5584|2840.87769|2848.0856|2849.13883|2849.81297|0.0|2845.415|2848.89|2843.43|2845.7875|1|0.3725|-0.64749|2867.72|2862.26|2856.8|2851.34|2848.61|2843.15|2840.42|2834.96|2829.5|2824.04|2832.51|2835.24|2837.97|2840.7|2851.62|2854.35|2857.08|2859.81|0.0|0.0|2849.43559|2849.09127|2842.61597|0|1770869869
1770741000|XAUUSD|2843.99|2848.18|2837.65|2839.3|1390|M15|2839.01918|2846.65366|2825.80982|-0.14425|-2|2835.48895|2835.34445|2844.75655|2849.13983|2854.30074|2850.75416|0.0|0.0|2846.61589|2843.04393|2853.63206|2837.56548|2832.30917|2841.62458|0.0|0.0|2841.645|2848.18|2837.65|2842.28|1|0.635|1.27542|2881.42|2870.89|2860.36|2849.83|2844.565|2834.035|2828.77|2818.24|2807.71|2797.18|2816.59|2821.855|2827.12|2832.385|2853.445|2858.71|2863.975|2869.24|0.0|0.0|2823.80896|2848.34803|2837.11579|0|1770869869
1770741900|XAUUSD|2841.83|2842.49|2832.27|2835.39|1841|M15|2833.80931|2839.8406|2849.51565|-0.05741|-2|2831.46937|2841.88533|2844.93858|2838.59873|2836.3665|2837.02693|0.0|0.0|2842.0853|2844.04848|2848.08834|2834.22899|2829.60471|2833.20992|0.0|2832.23879|2838.61|2842.49|2832.27|2837.995|-1|0.615|-0.31736|2876.27|2866.05|2855.83|2845.61|2840.5|2830.28|2825.17|2814.95|2804.73|2794.51|2811.83|2816.94|2822.05|2827.16|2847.6|2852.71|2857.82|2862.93|0.0|2828.41004|2831.03193|2841.61506|2831.58655|0|1770869869
1770742800|XAUUSD|2835.14|2838.52|2828.64|2831.71|4581|M15|2825.79755|2826.95218|2830.15778|1.59658|-1|2825.61835|2834.09163|2831.39087|2835.07965|2848.09114|2826.57256|0.0|0.0|2839.09131|2842.69815|2841.33215|2831.23466|2833.64741|2835.20752|0.0|0.0|2833.425|2838.52|2828.64|2833.5025|1|0.0775|1.2259|2871.23|2861.35|2851.47|2841.59|2836.65|2826.77|2821.83|2811.95|2802.07|2792.19|2808.88|2813.82|2818.76|2823.7|2843.46|2848.4|2853.34|2858.28|0.0|0.0|2847.89365|2838.46688|2829.24793|0|1770869869
1770743700|XAUUSD|2828.98|2829.52|2822.68|2822.89|8908|M15|2819.54095|2821.90164|2820.12765|-0.70586|0|2823.55079|2825.68289|2824.48137|2825.16484|2828.63665|2837.64898|0.0|2820.97948|2830.01286|2828.62767|2821.63289|2825.30865|2825.08999|2814.91087|2829.75957|0.0|2825.935|2829.52|2822.68|2826.0175|1|0.0825|-1.45414|2850.25|2843.41|2836.57|2829.73|2826.31|2819.47|2816.05|2809.21|2802.37|2795.53|2809.0|2812.42|2815.84|2819.26|2832.94|2836.36|2839.78|2843.2|0.0|0.0|2809.43828|2828.59654|2823.57434|1|1770869869
1770744600|XAUUSD|2820.3|2830.72|2820.29|2826.56|5055|M15|2831.91174|2820.19542|2827.67363|-2.10652|-1|2816.52367|2809.23999|2824.92384|2829.15011|2834.0872|2837.67422|0.0|2819.5596|2833.0967|2825.60615|2827.07808|2818.73228|2819.19842|2822.66026|0.0|2819.63568|2823.43|2830.72|2820.29|2824.4675|1|1.0375|0.31056|2868.28|2857.85|2847.42|2836.99|2831.775|2821.345|2816.13|2805.7|2795.27|2784.84|2799.43|2804.645|2809.86|2815.075|2835.935|2841.15|2846.365|2851.58|2831.02978|2816.67693|2818.5589|2831.68206|2820.1491|0|1770869869
1770745500|XAUUSD|2826.81|2834.3|2826.23|2832.53|3834|M15|2831.79228|2832.65551|2844.27076|0.11154|0|2829.60601|2817.75298|2840.49494|2830.04971|2835.21783|2841.82018|0.0|0.0|2834.99025|2830.46255|2827.79897|2828.34446|2829.36084|2821.32663|0.0|0.0|2829.67|2834.3|2826.23|2829.9675|1|0.2975|-1.0069|2864.81|2856.74|2848.67|2840.6|2836.565|2828.495|2824.46|2816.39|2808.32|2800.25|2810.09|2814.125|2818.16|2822.195|2838.335|2842.37|2846.405|2850.44|0.0|0.0|2846.48766|2834.93121|2826.99256|0|1770869869
1770746400|XAUUSD|2835.2|2845.16|2834.52|2842.98|5129|M15|2840.42128|2844.96883|2849.31975|-0.01518|1|2832.41463|2845.5893|2828.424|2847.40421|2850.03918|2845.65341|0.0|0.0|2843.87488|2845.00167|2849.17077|2834.85944|2837.04118|2833.7692|0.0|0.0|2839.09|2845.16|2834.52|2839.465|1|0.375|0.07062|2885.54|2874.9|2864.26|2853.62|2848.3|2837.66|2832.34|2821.7|2811.06|2800.42|2813.24|2818.56|2823.88|2829.2|2850.48|2855.8|2861.12|2866.44|0.0|0.0|2831.42461|2845.43541|2834.37557|0|1770869869
1770747300|XAUUSD|2847.17|2849.16|2845.73|2846.16|2412|M15|2844.38237|2844.82444|2849.44224|2.14815|1|2846.28881|2848.83072|2860.75665|2849.74138|2844.73121|2832.99375|0.0|0.0|2851.28933|2853.31667|2844.46929|2844.71912|2849.78427|2840.53222|2850.03409|2845.52263|2846.665|2849.16|2845.73|2847.055|1|0.39|0.29876|2859.88|2856.45|2853.02|2849.59|2847.875|2844.445|2842.73|2839.3|2835.87|2832.44|2838.87|2840.585|2842.3|2844.015|2850.875|2852.59|2854.305|2856.02|0.0|2841.24861|2852.66393|2849.55701|2845.74091|0|1770869869
1770748200|XAUUSD|2841.1|2845.15|2831.77|2833.71|9552|M15|2828.53765|2841.37275|2831.99897|0.61517|0|2835.0875|2821.3675|2825.26005|2842.36109|2834.19155|2860.96899|0.0|0.0|2845.48063|2840.37969|2845.89095|2829.4273|2828.80171|2829.43512|0.0|0.0|2837.405|2845.15|2831.77|2837.9325|1|0.5275|1.43764|2887.23|2873.85|2860.47|2847.09|2840.4|2827.02|2820.33|2806.95|2793.57|2780.19|2805.01|2811.7|2818.39|2825.08|2851.84|2858.53|2865.22|2871.91|0.0|2830.25073|2844.4473|2844.74867|2831.54985|0|1770869869
1770749100|XAUUSD|2836.59|2849.26|2833.61|2846.36|5410|M15|2844.38775|2843.47757|2833.57098|0.83985|-1|2838.63351|2844.1701|2830.06903|2853.07916|2848.5905|2856.1788|0.0|0.0|2851.00413|2849.7284|2847.8946|2833.09983|2834.24147|2831.62759|0.0|0.0|2841.475|2849.26|2833.61|2841.455|-1|0.02|-1.568|2908.96|2893.31|2877.66|2862.01|2854.185|2838.535|2830.71|2815.06|2799.41|2783.76|2802.31|2810.135|2817.96|2825.785|2857.085|2864.91|2872.735|2880.56|0.0|0.0|2844.57172|2848.92739|2834.54787|0|1770869869
1770750000|XAUUSD|2846.48|2854.72|2841.98|2854.65|5168|M15|2858.73269|2856.25636|2851.66528|-1.65256|0|2842.09778|2843.86116|2851.41137|2853.3042|2853.35819|2867.69217|2854.93132|0.0|2852.77935|2858.64364|2852.51757|2843.33308|2847.21411|2840.73349|0.0|0.0|2850.565|2854.72|2841.98|2849.4575|-1|1.1075|1.11708|2905.61|2892.87|2880.13|2867.39|2861.02|2848.28|2841.91|2829.17|2816.43|2803.69|2816.5|2822.87|2829.24|2835.61|2861.09|2867.46|2873.83|2880.2|0.0|2839.89174|2845.75772|2854.08605|2841.86719|0|1770869869
1770750900|XAUUSD|2851.09|2855.28|2840.56|2842.98|1136|M15|2838.10212|2843.39309|2833.46998|-0.4675|2|2840.48315|2845.34322|2837.61995|2860.78303|2859.80702|2847.68669|0.0|0.0|2856.04249|2849.85284|2853.58114|2838.65383|2844.9778|2834.61926|2855.6857|0.0|2847.035|2855.28|2840.56|2847.4775|1|0.4425|0.58302|2901.86|2887.14|2872.42|2857.7|2850.34|2835.62|2828.26|2813.54|2798.82|2784.1|2811.12|2818.48|2825.84|2833.2|2862.64|2870.0|2877.36|2884.72|0.0|0.0|2847.98612|2855.64683|2839.59664|0|1770869869
1770751800|XAUUSD|2837.74|2840.97|2833.28|2835.57|1448|M15|2833.3253|2840.55045|2836.73984|2.79431|-1|2832.5677|2831.04328|2817.52995|2846.1459|2833.73274|2828.29169|0.0|0.0|2839.67289|2845.72789|2834.91804|2834.59446|2836.94595|2837.28775|2841.89659|0.0|2836.655|2840.97|2833.28|2836.89|1|0.235|-1.37167|2866.33|2858.64|2850.95|2843.26|2839.415|2831.725|2827.88|2820.19|2812.5|2804.81|2817.9|2821.745|2825.59|2829.435|2844.815|2848.66|2852.505|2856.35|0.0|0.0|2845.18463|2841.4633|2834.20444|0|1770869869
1770752700|XAUUSD|2835.75|2836.26|2829.62|2832.01|9778|M15|2832.43474|2838.57488|2840.95221|-1.1504|-1|2829.01718|2838.37337|2825.42744|2836.76426|2843.42639|2846.40963|0.0|2828.53515|2833.52526|2834.51635|2840.42234|2831.15945|2826.39515|2831.07131|0.0|2829.16751|2833.88|2836.26|2829.62|2833.41|-1|0.47|-0.1403|2858.57|2851.93|2845.29|2838.65|2835.33|2828.69|2825.37|2818.73|2812.09|2805.45|2816.34|2819.66|2822.98|2826.3|2839.58|2842.9|2846.22|2849.54|2839.06094|2827.47701|2818.63515|2835.81857|2829.65063|0|1770869869
1770753600|XAUUSD|2832.82|2835.66|2830.97|2835.23|7361|M15|2837.25106|2836.62162|2832.29638|-2.72009|-2|2834.77636|2835.44471|2821.5319|2835.15575|2829.11866|2832.27095|0.0|0.0|2836.46046|2836.58655|2836.87036|2828.48745|2836.11885|2829.38164|2836.61285|0.0|2834.025|2835.66|2830.97|2833.67|-1|0.355|0.0205|2853.99|2849.3|2844.61|2839.92|2837.575|2832.885|2830.54|2825.85|2821.16|2816.47|2821.59|2823.935|2826.28|2828.625|2838.005|2840.35|2842.695|2845.04|0.0|0.0|2830.32143|2835.48231|2831.46171|0|1770869869
1770754500|XAUUSD|2836.01|2837.25|2826.77|2827.72|4661|M15|2819.28353|2836.94551|2831.90016|2.54714|-2|2821.66904|2834.20397|2842.42926|2832.81141|2827.08019|2833.40138|0.0|0.0|2836.93059|2835.38784|2833.8332|2828.86545|2821.59231|2821.4372|0.0|2826.26582|2831.865|2837.25|2826.77|2831.9375|1|0.0725|-1.80608|2869.64|2859.16|2848.68|2838.2|2832.96|2822.48|2817.24|2806.76|2796.28|2785.8|2805.81|2811.05|2816.29|2821.53|2842.49|2847.73|2852.97|2858.21|0.0|0.0|2812.96708|2836.33663|2826.34794|0|1770869869
1770755400|XAUUSD|2825.73|2828.76|2813.76|2816.57|7071|M15|2808.51556|2806.13614|2829.45185|-0.39868|0|2813.13374|2813.98295|2814.05609|2827.39704|2820.38436|2842.02461|0.0|2813.73008|2826.95855|2833.70202|2829.06609|2812.78723|2816.3889|2809.41652|2829.12835|0.0|2821.15|2828.76|2813.76|2821.205|1|0.055|0.6448|2876.57|2861.57|2846.57|2831.57|2824.07|2809.07|2801.57|2786.57|2771.57|2756.57|2783.76|2791.26|2798.76|2806.26|2836.26|2843.76|2851.26|2858.76|0.0|0.0|2821.5846|2828.87871|2813.02374|0|1770869869
1770756300|XAUUSD|2817.27|2820.74|2814.69|2815.75|4568|M15|2816.63072|2806.23847|2822.17542|-0.43097|-2|2811.30884|2821.04972|2811.52218|2819.5024|2816.48556|2833.39942|0.0|2813.20153|2823.40043|2815.36514|2828.28717|2815.22921|2814.45726|2813.22449|0.0|0.0|2816.51|2820.74|2814.69|2817.1125|1|0.6025|0.42164|2839.95|2833.9|2827.85|2821.8|2818.775|2812.725|2809.7|2803.65|2797.6|2791.55|2802.59|2805.615|2808.64|2811.665|2823.765|2826.79|2829.815|2832.84|2823.65774|0.0|2815.34225|2820.73336|2814.38452|0|1770869869
1770757200|XAUUSD|2809.69|2810.9|2799.23|2802.18|7540|M15|2805.8196|2802.45651|2790.35256|-2.65911|-2|2801.46191|2798.86285|2800.98203|2810.88287|2817.87235|2804.4102|0.0|0.0|2811.94521|2809.15146|2805.50585|2799.58594|2796.78305|2797.57651|0.0|2798.74946|2805.935|2810.9|2799.23|2805.5|-1|0.435|-1.72811|2848.86|2837.19|2825.52|2813.85|2808.015|2796.345|2790.51|2778.84|2767.17|2755.5|2775.89|2781.725|2787.56|2793.395|2816.735|2822.57|2828.405|2834.24|2814.94329|0.0|2808.61372|2811.87273|2798.47133|0|1770869869
1770758100|XAUUSD|2803.49|2806.69|2800.01|2801.98|8552|M15|2801.49371|2799.1279|2800.94832|1.42325|2|2800.77641|2810.59989|2790.56618|2807.35137|2806.58633|2804.66175|0.0|0.0|2803.89597|2805.61572|2800.88064|2801.93992|2805.04221|2796.28919|0.0|0.0|2802.735|2806.69|2800.01|2803.0425|1|0.3075|-1.65425|2828.7|2822.02|2815.34|2808.66|2805.32|2798.64|2795.3|2788.62|2781.94|2775.26|2786.65|2789.99|2793.33|2796.67|2810.03|2813.37|2816.71|2820.05|2806.98568|2798.37358|2792.85585|2806.51123|2800.34799|0|1770869869
1770759000|XAUUSD|2796.73|2801.29|2789.01|2793.18|5315|M15|2792.92457|2790.6927|2795.81307|-2.56817|-2|2790.09677|2789.7026|2796.42998|2802.26442|2803.20879|2818.06782|0.0|0.0|2800.79788|2806.37504|2798.66255|2789.77067|2789.20906|2786.57135|0.0|0.0|2794.955|2801.29|2789.01|2795.0525|1|0.0975|1.14235|2842.3|2830.02|2817.74|2805.46|2799.32|2787.04|2780.9|2768.62|2756.34|2744.06|2764.45|2770.59|2776.73|2782.87|2807.43|2813.57|2819.71|2825.85|2801.82424|0.0|2790.123|2800.89003|2788.60746|0|1770869869
1770759900|XAUUSD|2790.36|2792.46|2789.16|2791.99|3025|M15|2793.63597|2787.98949|2798.35748|0.38669|0|2791.8004|2798.33691|2794.23851|2796.85873|2797.36852|2782.32956|0.0|0.0|2792.00839|2786.96073|2788.29719|2788.07494|2790.4051|2794.55003|0.0|0.0|2791.175|2792.46|2789.16|2790.9925|-1|0.1825|0.94336|2805.19|2801.89|2798.59|2795.29|2793.64|2790.34|2788.69|2785.39|2782.09|2778.79|2782.56|2784.21|2785.86|2787.51|2794.11|2795.76|2797.41|2799.06|2792.91667|2786.43926|2792.30956|2791.50894|2789.59068|0|1770869869
1770760800|XAUUSD|2792.22|2802.79|2787.67|2799.37|5567|M15|2804.53684|2807.07411|2799.22763|1.66349|0|2787.30192|2791.56354|2780.60578|2798.88507|2802.70821|2808.30283|0.0|0.0|2803.61603|2802.61668|2796.66237|2789.95975|2782.87972|2795.2769|0.0|2787.00391|2795.795|2802.79|2787.67|2795.5125|-1|0.2825|0.21461|2859.85|2844.73|2829.61|2814.49|2806.93|2791.81|2784.25|2769.13|2754.01|2738.89|2757.43|2764.99|2772.55|2780.11|2810.35|2817.91|2825.47|2833.03|0.0|0.0|2803.75747|2802.23902|2787.12165|0|1770869869
1770761700|XAUUSD|2794.79|2796.06|2784.11|2787.79|7825|M15|2784.98262|2786.45738|2794.79269|2.74472|0|2783.26007|2784.08414|2796.04957|2793.8129|2802.37481|2794.0901|2796.53446|0.0|2793.47521|2799.01758|2792.43006|2783.35588|2783.64243|2789.98869|0.0|0.0|2791.29|2796.06|2784.11|2790.6875|-1|0.6025|1.86273|2835.59|2823.64|2811.69|2799.74|2793.765|2781.815|2775.84|2763.89|2751.94|2739.99|2760.21|2766.185|2772.16|2778.135|2802.035|2808.01|2813.985|2819.96|2797.43574|0.0|2772.6406|2795.70272|2785.06666|0|1770869869
1770762600|XAUUSD|2784.27|2784.93|2782.12|2783.3|2991|M15|2789.55707|2785.46511|2791.0167|-1.96998|-1|2781.38145|2789.19277|2782.12741|2788.46337|2779.37299|2781.04342|0.0|0.0|2784.88049|2780.75678|2787.57292|2784.3047|2783.12552|2776.59154|2785.86772|0.0|2783.785|2784.93|2782.12|2783.655|-1|0.13|-1.0056|2794.54|2791.73|2788.92|2786.11|2784.705|2781.895|2780.49|2777.68|2774.87|2772.06|2776.5|2777.905|2779.31|2780.715|2786.335|2787.74|2789.145|2790.55|0.0|0.0|2768.82736|2785.30723|2782.32374|0|1770869869
1770763500|XAUUSD|2788.31|2789.45|2785.05|2789.32|7244|M15|2784.33335|2781.53398|2779.75452|-0.91408|2|2787.60158|2782.61064|2770.54188|2787.44051|2780.02486|2791.90884|2789.68109|0.0|2790.40234|2790.98838|2788.52409|2787.747|2783.14916|2777.24111|0.0|0.0|2788.815|2789.45|2785.05|2788.0325|-1|0.7825|0.38909|2806.92|2802.52|2798.12|2793.72|2791.52|2787.12|2784.92|2780.52|2776.12|2771.72|2776.25|2778.45|2780.65|2782.85|2791.65|2793.85|2796.05|2798.25|2793.93038|2780.29551|2784.32782|2789.19933|2785.89785|0|1770869869
1770764400|XAUUSD|2795.22|2799.8|2780.39|2785.29|2472|M15|2783.64568|2777.98069|2782.20696|1.97978|2|2775.37342|2778.33594|2785.99539|2803.04312|2808.32417|2808.30978|0.0|0.0|2797.50116|2804.34045|2804.48219|2782.37088|2782.79333|2777.07617|2800.11847|0.0|2790.255|2799.8|2780.39|2790.175|-1|0.08|-1.30018|2862.93|2843.52|2824.11|2804.7|2794.995|2775.585|2765.88|2746.47|2727.06|2707.65|2741.57|2751.275|2760.98|2770.685|2809.505|2819.21|2828.915|2838.62|0.0|2778.76495|2781.01299|2799.25082|2779.74863|0|1770869869
1770765300|XAUUSD|2780.88|2793.15|2779.86|2789.19|1415|M15|2781.88605|2779.06714|2802.13889|-0.00915|-1|2774.70306|2784.87614|2766.87955|2794.7441|2784.98472|2806.4116|0.0|0.0|2792.04899|2796.47073|2789.79007|2777.15725|2783.11251|2781.69169|0.0|0.0|2785.035|2793.15|2779.86|2785.77|1|0.735|-1.55893|2842.35|2829.06|2815.77|2802.48|2795.835|2782.545|2775.9|2762.61|2749.32|2736.03|2753.28|2759.925|2766.57|2773.215|2799.795|2806.44|2813.085|2819.73|2794.84258|0.0|2791.36938|2793.23287|2779.351|0|1770869869
1770766200|XAUUSD|2790.16|2800.04|2786.43|2796.17|3928|M15|2802.768|2800.57118|2789.59758|0.93905|-1|2787.72224|2781.9271|2772.37954|2796.26745|2808.26026|2802.73968|0.0|0.0|2799.17008|2805.25056|2807.02989|2786.20971|2791.1981|2785.59923|0.0|0.0|2793.165|2800.04|2786.43|2793.2|1|0.035|0.28611|2850.61|2837.0|2823.39|2809.78|2802.975|2789.365|2782.56|2768.95|2755.34|2741.73|2759.21|2766.015|2772.82|2779.625|2806.845|2813.65|2820.455|2827.26|0.0|0.0|2796.84846|2799.51912|2786.69283|0|1770869869
1770767100|XAUUSD|2800.22|2809.15|2797.11|2805.63|1607|M15|2813.00384|2801.91277|2818.15793|-0.17998|-2|2800.9007|2790.94094|2807.08777|2805.03374|2801.45289|2798.75497|2809.4608|2796.06919|2809.44774|2811.66991|2805.54838|2798.7484|2802.67326|2789.33547|0.0|0.0|2802.925|2809.15|2797.11|2803.0275|1|0.1025|0.40827|2853.79|2841.75|2829.71|2817.67|2811.65|2799.61|2793.59|2781.55|2769.51|2757.47|2773.03|2779.05|2785.07|2791.09|2815.17|2821.19|2827.21|2833.23|0.0|0.0|2799.47157|2808.86077|2797.42718|0|1770869869