zigzag_TimeStamp	zigzag_symbol	zigzag_timeframe	zigzag_close	zigzag_Type	CurrentPoint	CurrentPrChg	Current%Chg	Current%ChgClass	CurrentBars	CurrentBarsClass	CurrentPrPerBar	CurrentPrPerBarClass	CurrentSlope	CurrentCategory
1788475501	XAUUSD	M5	4474.76000	Bottom	4471.49000	-7.24000	-0.16	3	6	3	-1.20667	3	-50.3505	HL
1788480601	XAUUSD	M5	4480.86000	Peak	4483.24000	11.75000	0.26	0	17	0	0.69118	0	34.6513	HH
1788481801	XAUUSD	M5	4479.42000	Bottom	4472.81000	-10.43000	-0.23	3	4	3	-2.60750	3	-69.0177	HL
1788483301	XAUUSD	M5	4486.54000	Peak	4487.09000	14.28000	0.32	0	5	0	2.85600	0	70.7028	HH
1788494401	XAUUSD	M5	4468.95000	Bottom	4465.51000	-21.58000	-0.48	3	37	3	-0.58324	3	-30.2526	LL
1788496501	XAUUSD	M5	4474.39000	Peak	4474.90000	9.39000	0.21	0	7	0	1.34143	0	53.2964	LH
1788498601	XAUUSD	M5	4469.31000	Bottom	4467.38000	-7.52000	-0.17	3	7	3	-1.07429	3	-47.0510	HL
1788498901	XAUUSD	M5	4473.85000	Peak	4475.23000	7.85000	0.18	0	1	0	7.85000	2	82.7403	HH
1788499801	XAUUSD	M5	4473.23000	Bottom	4466.81000	-8.42000	-0.19	3	3	3	-2.80667	3	-70.3893	LL
1788500401	XAUUSD	M5	4471.00000	Peak	4477.61000	10.80000	0.24	0	2	0	5.40000	2	79.5085	HH
1788504901	XAUUSD	M5	4462.94000	Bottom	4460.05000	-17.56000	-0.39	3	15	3	-1.17067	3	-49.4956	LL
1788507901	XAUUSD	M5	4487.89000	Peak	4490.71000	30.66000	0.69	0	10	0	3.06600	0	71.9359	HH
1788513901	XAUUSD	M5	4466.65000	Bottom	4463.88000	-26.83000	-0.60	3	20	3	-1.34150	3	-53.2979	HL
1788518701	XAUUSD	M5	4474.78000	Peak	4476.42000	12.54000	0.28	0	16	0	0.78375	0	38.0876	LH
1788524101	XAUUSD	M5	4468.02000	Bottom	4464.51000	-11.91000	-0.27	3	18	3	-0.66167	3	-33.4913	HL
1788524701	XAUUSD	M5	4472.68000	Peak	4476.24000	11.73000	0.26	0	2	0	5.86500	2	80.3239	LH
1788526801	XAUUSD	M5	4379.22000	Bottom	4365.49000	-110.75000	-2.47	5	7	3	-15.82143	5	-86.3834	LL
1788535201	XAUUSD	M5	4442.95000	Peak	4448.95000	83.46000	1.91	2	28	0	2.98071	0	71.4539	LH
1788544801	XAUUSD	M5	4412.69000	Bottom	4412.00000	-36.95000	-0.83	3	32	3	-1.15469	3	-49.1063	HL
1788550201	XAUUSD	M5	4437.69000	Peak	4438.41000	26.41000	0.60	0	18	0	1.46722	0	55.7232	LH
1788732001	XAUUSD	M5	4422.64000	Bottom	4417.68000	-20.73000	-0.47	3	18	3	-1.15167	3	-49.0320	HL
1788734701	XAUUSD	M5	4434.02000	Peak	4435.12000	17.44000	0.39	0	9	0	1.93778	0	62.7038	LH
1788741001	XAUUSD	M5	4419.16000	Bottom	4418.53000	-16.59000	-0.37	3	21	3	-0.79000	3	-38.3087	HL
1788741901	XAUUSD	M5	4427.11000	Peak	4429.56000	11.03000	0.25	0	3	0	3.67667	0	74.7844	LH
1788744001	XAUUSD	M5	4396.06000	Bottom	4389.69000	-39.87000	-0.90	3	7	3	-5.69571	3	-80.0420	LL
1788749101	XAUUSD	M5	4417.36000	Peak	4419.05000	29.36000	0.67	0	17	0	1.72706	0	59.9283	LH
1788755701	XAUUSD	M5	4395.18000	Bottom	4394.47000	-24.58000	-0.56	3	22	3	-1.11727	3	-48.1703	HL
1788759001	XAUUSD	M5	4408.31000	Peak	4413.19000	18.72000	0.43	0	11	0	1.70182	0	59.5612	LH
1788760801	XAUUSD	M5	4387.65000	Bottom	4385.31000	-27.88000	-0.63	3	6	3	-4.64667	3	-77.8547	LL
1788769801	XAUUSD	M5	4421.15000	Peak	4423.95000	38.64000	0.88	0	30	0	1.28800	0	52.1743	HH
1788780601	XAUUSD	M5	4382.50000	Bottom	4381.13000	-42.82000	-0.97	3	36	4	-1.18944	3	-49.9453	LL
1788792601	XAUUSD	M5	4417.02000	Peak	4419.58000	38.45000	0.88	0	40	1	0.96125	0	43.8681	LH
1788795601	XAUUSD	M5	4411.78000	Bottom	4408.89000	-10.69000	-0.24	3	10	3	-1.06900	3	-46.9101	HL
1788797401	XAUUSD	M5	4415.35000	Peak	4417.28000	8.39000	0.19	0	6	0	1.39833	0	54.4300	LH
1788804901	XAUUSD	M5	4404.91000	Bottom	4403.70000	-13.58000	-0.31	3	25	3	-0.54320	3	-28.5108	LL
1788832201	XAUUSD	M5	4438.72000	Peak	4440.75000	37.05000	0.84	0	48	2	0.77188	0	37.6637	HH
1788835801	XAUUSD	M5	4422.99000	Bottom	4421.32000	-19.43000	-0.44	3	12	3	-1.61917	3	-58.3005	HL
1788840301	XAUUSD	M5	4440.59000	Peak	4442.97000	21.65000	0.49	0	15	0	1.44333	0	55.2842	HH
1788854701	XAUUSD	M5	4388.05000	Bottom	4387.87000	-55.10000	-1.24	4	48	5	-1.14792	3	-48.9395	LL
1788858901	XAUUSD	M5	4397.09000	Peak	4399.42000	11.55000	0.26	0	14	0	0.82500	0	39.5226	LH
1788859801	XAUUSD	M5	4395.71000	Bottom	4391.01000	-8.41000	-0.19	3	3	3	-2.80333	3	-70.3678	HL
1788862801	XAUUSD	M5	4400.53000	Peak	4406.85000	15.84000	0.36	0	10	0	1.58400	0	57.7352	HH
1788865801	XAUUSD	M5	4395.10000	Bottom	4391.22000	-15.63000	-0.35	3	10	3	-1.56300	3	-57.3891	HL
1788867301	XAUUSD	M5	4404.97000	Peak	4407.93000	16.71000	0.38	0	5	0	3.34200	0	73.3417	HH
1788869701	XAUUSD	M5	4391.45000	Bottom	4385.32000	-22.61000	-0.51	3	8	3	-2.82625	3	-70.5149	LL
1788872401	XAUUSD	M5	4406.21000	Peak	4412.55000	27.23000	0.62	0	9	0	3.02556	0	71.7104	HH
1788879001	XAUUSD	M5	4393.71000	Bottom	4389.23000	-23.32000	-0.53	3	22	3	-1.06000	3	-46.6683	HL
1788880501	XAUUSD	M5	4405.93000	Peak	4409.33000	20.10000	0.46	0	5	0	4.02000	0	76.0308	LH
1788883801	XAUUSD	M5	4386.46000	Bottom	4380.71000	-28.62000	-0.65	3	11	3	-2.60182	3	-68.9759	LL
1788887101	XAUUSD	M5	4397.78000	Peak	4403.74000	23.03000	0.53	0	11	0	2.09364	0	64.4691	LH
1788900301	XAUUSD	M5	4347.77000	Bottom	4345.81000	-57.93000	-1.32	4	44	5	-1.31659	3	-52.7820	LL
1788910201	XAUUSD	M5	4358.90000	Peak	4359.96000	14.15000	0.33	0	21	0	0.67381	0	33.9725	LH
1788913501	XAUUSD	M5	4346.97000	Bottom	4341.25000	-18.71000	-0.43	3	11	3	-1.70091	3	-59.5478	LL
1788918301	XAUUSD	M5	4375.47000	Peak	4378.17000	36.92000	0.85	0	16	0	2.30750	0	66.5696	HH
1788921301	XAUUSD	M5	4368.34000	Bottom	4367.25000	-10.92000	-0.25	3	10	3	-1.09200	3	-47.5181	HL
1788922201	XAUUSD	M5	4380.34000	Peak	4384.46000	17.21000	0.39	0	3	0	5.73667	0	80.1117	HH
1788927001	XAUUSD	M5	4373.43000	Bottom	4370.64000	-13.82000	-0.32	3	16	3	-0.86375	3	-40.8188	HL
1788939901	XAUUSD	M5	4412.00000	Peak	4412.78000	42.14000	0.96	0	43	2	0.98000	0	44.4213	HH
1788948001	XAUUSD	M5	4390.20000	Bottom	4386.20000	-26.58000	-0.60	3	27	3	-0.98444	3	-44.5509	HL
1788954601	XAUUSD	M5	4407.13000	Peak	4415.27000	29.07000	0.66	0	22	0	1.32136	0	52.8818	HH
1788957601	XAUUSD	M5	4395.35000	Bottom	4390.90000	-24.37000	-0.55	3	10	3	-2.43700	3	-67.6897	HL
1788960601	XAUUSD	M5	4430.66000	Peak	4434.07000	43.17000	0.98	0	10	0	4.31700	0	76.9579	HH
1788963601	XAUUSD	M5	4409.87000	Bottom	4409.87000	-24.20000	-0.55	3	10	3	-2.42000	3	-67.5485	HL
1788966001	XAUUSD	M5	4395.18000	Peak	4431.80000	21.93000	0.50	0	8	0	2.74125	0	69.9582	LH
1788967201	XAUUSD	M5	4383.18000	Bottom	4375.04000	-56.76000	-1.28	4	4	3	-14.19000	5	-85.9689	LL
1788977401	XAUUSD	M5	4420.38000	Peak	4421.56000	46.52000	1.06	0	34	0	1.36824	0	53.8381	LH
1788985201	XAUUSD	M5	4394.85000	Bottom	4393.44000	-28.12000	-0.64	3	26	3	-1.08154	3	-47.2433	HL
1788991201	XAUUSD	M5	4405.15000	Peak	4406.41000	12.97000	0.30	0	8	0	1.62125	0	58.3334	LH
1788998401	XAUUSD	M5	4392.08000	Bottom	4389.66000	-16.75000	-0.38	3	24	3	-0.69792	3	-34.9118	LL
1789008001	XAUUSD	M5	4418.11000	Peak	4420.85000	31.19000	0.71	0	32	0	0.97469	0	44.2656	HH
1789012201	XAUUSD	M5	4408.09000	Bottom	4406.85000	-14.00000	-0.32	3	14	3	-1.00000	3	-45.0000	HL
1789013401	XAUUSD	M5	4414.08000	Peak	4415.54000	8.69000	0.20	0	4	0	2.17250	0	65.2834	LH
1789015201	XAUUSD	M5	4406.62000	Bottom	4405.69000	-9.85000	-0.22	3	6	3	-1.64167	3	-58.6529	LL
1789020001	XAUUSD	M5	4426.85000	Peak	4434.72000	29.03000	0.66	0	16	0	1.81438	0	61.1385	HH
1789033201	XAUUSD	M5	4392.80000	Bottom	4388.43000	-46.29000	-1.04	4	44	5	-1.05205	3	-46.4529	LL
1789035301	XAUUSD	M5	4398.71000	Peak	4400.18000	11.75000	0.27	0	7	0	1.67857	0	59.2159	LH
1789038601	XAUUSD	M5	4383.47000	Bottom	4375.36000	-24.82000	-0.56	3	11	3	-2.25636	3	-66.0975	LL
1789040401	XAUUSD	M5	4384.58000	Peak	4390.77000	15.41000	0.35	0	6	0	2.56833	0	68.7262	LH
1789043701	XAUUSD	M5	4326.92000	Bottom	4324.10000	-66.67000	-1.52	5	11	3	-6.06091	4	-80.6311	LL
1789050301	XAUUSD	M5	4363.38000	Peak	4376.22000	52.12000	1.21	1	22	0	2.36909	0	67.1153	LH
1789052401	XAUUSD	M5	4353.64000	Bottom	4352.64000	-23.58000	-0.54	3	7	3	-3.36857	3	-73.4659	HL
1789054501	XAUUSD	M5	4368.38000	Peak	4372.20000	19.56000	0.45	0	7	0	2.79429	0	70.3091	LH
1789066801	XAUUSD	M5	4316.31000	Bottom	4313.79000	-58.41000	-1.34	5	41	5	-1.42463	3	-54.9337	LL
1789077601	XAUUSD	M5	4322.41000	Peak	4324.92000	11.13000	0.26	0	24	0	0.46375	0	24.8795	LH
1789080001	XAUUSD	M5	4316.07000	Bottom	4313.81000	-11.11000	-0.26	3	8	3	-1.38875	3	-54.2434	HL
1789082401	XAUUSD	M5	4318.27000	Peak	4320.49000	6.68000	0.15	0	8	0	0.83500	0	39.8619	LH
1789084501	XAUUSD	M5	4315.19000	Bottom	4311.27000	-9.22000	-0.21	3	7	3	-1.31714	3	-52.7935	LL
1789088401	XAUUSD	M5	4340.42000	Peak	4340.49000	29.22000	0.68	0	13	0	2.24769	0	66.0157	HH
1789098601	XAUUSD	M5	4304.21000	Bottom	4300.88000	-39.61000	-0.91	3	34	4	-1.16500	3	-49.3582	LL
1789107001	XAUUSD	M5	4359.03000	Peak	4360.76000	59.88000	1.39	2	28	0	2.13857	0	64.9391	HH
1789113001	XAUUSD	M5	4342.65000	Bottom	4340.57000	-20.19000	-0.46	3	20	3	-1.00950	3	-45.2709	HL
1789114801	XAUUSD	M5	4352.31000	Peak	4357.46000	16.89000	0.39	0	6	0	2.81500	0	70.4429	LH
1789119601	XAUUSD	M5	4343.48000	Bottom	4340.89000	-16.57000	-0.38	3	16	3	-1.03562	3	-46.0026	HL
1789122301	XAUUSD	M5	4349.22000	Peak	4349.98000	9.09000	0.21	0	9	0	1.01000	0	45.2851	LH
1789128601	XAUUSD	M5	4327.76000	Bottom	4324.98000	-25.00000	-0.57	3	21	3	-1.19048	3	-49.9697	LL
1789129501	XAUUSD	M5	4341.27000	Peak	4343.21000	18.23000	0.42	0	3	0	6.07667	1	80.6549	LH
1789129801	XAUUSD	M5	4329.90000	Bottom	4292.06000	-51.15000	-1.18	4	1	3	-51.15000	5	-88.8800	LL
1789135201	XAUUSD	M5	4390.39000	Peak	4402.51000	110.45000	2.57	2	18	0	6.13611	0	80.7439	HH
1789143601	XAUUSD	M5	4353.03000	Bottom	4351.95000	-50.56000	-1.15	3	28	3	-1.80571	3	-61.0224	HL
1789147801	XAUUSD	M5	4369.06000	Peak	4370.43000	18.48000	0.42	0	14	0	1.32000	0	52.8533	LH
1789150801	XAUUSD	M5	4349.04000	Bottom	4344.28000	-26.15000	-0.60	3	10	3	-2.61500	3	-69.0727	LL
1789154101	XAUUSD	M5	4349.50000	Peak	4353.68000	9.40000	0.22	0	11	0	0.85455	0	40.5154	LH
1789338001	XAUUSD	M5	4329.14000	Bottom	4328.31000	-25.37000	-0.58	3	25	3	-1.01480	3	-45.4209	LL
1789341001	XAUUSD	M5	4339.60000	Peak	4342.44000	14.13000	0.33	0	10	0	1.41300	0	54.7124	LH
1789344001	XAUUSD	M5	4333.74000	Bottom	4329.88000	-12.56000	-0.29	3	10	3	-1.25600	3	-51.4740	HL
1789344601	XAUUSD	M5	4342.68000	Peak	4347.51000	17.63000	0.41	0	2	0	8.81500	0	83.5279	HH
1789348801	XAUUSD	M5	4335.07000	Bottom	4326.31000	-21.20000	-0.49	3	14	3	-1.51429	3	-56.5601	LL
1789353001	XAUUSD	M5	4354.39000	Peak	4355.34000	29.03000	0.67	0	14	0	2.07357	0	64.2539	HH
1789361101	XAUUSD	M5	4324.93000	Bottom	4322.17000	-33.17000	-0.76	3	27	3	-1.22852	3	-50.8548	LL
1789364101	XAUUSD	M5	4335.15000	Peak	4337.11000	14.94000	0.35	0	10	0	1.49400	0	56.2039	LH
1789365001	XAUUSD	M5	4334.61000	Bottom	4323.40000	-13.71000	-0.32	3	3	3	-4.57000	3	-77.6572	HL
1789365601	XAUUSD	M5	4334.47000	Peak	4338.75000	15.35000	0.36	0	2	0	7.67500	0	82.5766	HH
1789380001	XAUUSD	M5	4281.62000	Bottom	4278.28000	-60.47000	-1.39	4	48	5	-1.25979	3	-51.5581	LL
1789384801	XAUUSD	M5	4296.69000	Peak	4296.84000	18.56000	0.43	0	16	0	1.16000	0	49.2364	LH
1789386901	XAUUSD	M5	4287.08000	Bottom	4284.24000	-12.60000	-0.29	3	7	3	-1.80000	3	-60.9454	HL
1789388101	XAUUSD	M5	4290.28000	Peak	4297.60000	13.36000	0.31	0	4	0	3.34000	0	73.3322	HH
1789391101	XAUUSD	M5	4260.24000	Bottom	4253.61000	-43.99000	-1.02	3	10	3	-4.39900	3	-77.1929	LL
1789395301	XAUUSD	M5	4276.24000	Peak	4282.95000	29.34000	0.69	0	14	0	2.09571	0	64.4912	LH
1789395901	XAUUSD	M5	4270.03000	Bottom	4264.15000	-18.80000	-0.44	3	2	3	-9.40000	3	-83.9275	HL
1789404601	XAUUSD	M5	4316.65000	Peak	4317.63000	53.48000	1.25	0	29	0	1.84414	0	61.5308	HH
1789416001	XAUUSD	M5	4284.61000	Bottom	4282.31000	-35.32000	-0.82	3	38	5	-0.92947	3	-42.9067	HL
1789423201	XAUUSD	M5	4299.55000	Peak	4302.35000	20.04000	0.47	0	12	0	1.67000	0	59.0867	LH
1789431601	XAUUSD	M5	4287.54000	Bottom	4283.71000	-18.64000	-0.43	3	28	3	-0.66571	3	-33.6523	HL
1789440301	XAUUSD	M5	4316.82000	Peak	4317.41000	33.70000	0.79	0	29	0	1.16207	0	49.2869	HH
1789453801	XAUUSD	M5	4287.14000	Bottom	4286.03000	-31.38000	-0.73	3	45	5	-0.69733	3	-34.8893	HL
1789455601	XAUUSD	M5	4291.56000	Peak	4295.37000	9.34000	0.22	0	6	0	1.55667	0	57.2834	LH
1789462501	XAUUSD	M5	4262.39000	Bottom	4261.38000	-33.99000	-0.79	3	23	3	-1.47783	3	-55.9150	LL
1789473301	XAUUSD	M5	4284.62000	Peak	4286.71000	25.33000	0.59	0	36	1	0.70361	0	35.1306	LH
1789474801	XAUUSD	M5	4273.38000	Bottom	4271.40000	-15.31000	-0.36	3	5	3	-3.06200	3	-71.9138	HL
1789481101	XAUUSD	M5	4297.93000	Peak	4300.36000	28.96000	0.68	0	21	0	1.37905	0	54.0527	HH
1789483801	XAUUSD	M5	4280.00000	Bottom	4274.14000	-26.22000	-0.61	3	9	3	-2.91333	3	-71.0552	HL
1789498801	XAUUSD	M5	4305.03000	Peak	4310.70000	36.56000	0.86	0	50	2	0.73120	0	36.1743	HH
1789510801	XAUUSD	M5	4294.65000	Bottom	4291.75000	-18.95000	-0.44	3	28	3	-0.67679	3	-34.0896	HL
1789511101	XAUUSD	M5	4298.77000	Peak	4298.92000	7.17000	0.17	0	1	0	7.17000	0	82.0602	LH
1789520101	XAUUSD	M5	4277.53000	Bottom	4275.58000	-23.34000	-0.54	3	30	3	-0.77800	3	-37.8829	LL
1789528801	XAUUSD	M5	4336.62000	Peak	4341.00000	65.42000	1.53	2	29	0	2.25586	0	66.0928	HH
1789534201	XAUUSD	M5	4321.48000	Bottom	4320.65000	-20.35000	-0.47	3	18	3	-1.13056	3	-48.5066	HL
1789544401	XAUUSD	M5	4336.21000	Peak	4339.08000	18.43000	0.43	0	34	0	0.54206	0	28.4603	LH
1789546201	XAUUSD	M5	4327.54000	Bottom	4323.08000	-16.00000	-0.37	3	6	3	-2.66667	3	-69.4440	HL
1789557901	XAUUSD	M5	4350.73000	Peak	4353.59000	30.51000	0.71	0	39	1	0.78231	0	38.0363	HH
1789561801	XAUUSD	M5	4341.41000	Bottom	4335.21000	-18.38000	-0.42	3	13	3	-1.41385	3	-54.7286	HL
1789564501	XAUUSD	M5	4353.64000	Peak	4360.24000	25.03000	0.58	0	9	0	2.78111	0	70.2230	HH
1789567501	XAUUSD	M5	4329.56000	Bottom	4324.16000	-36.08000	-0.83	3	10	3	-3.60800	3	-74.5087	LL
1789573501	XAUUSD	M5	4353.10000	Peak	4361.34000	37.18000	0.86	0	20	0	1.85900	0	61.7231	HH
1789578601	XAUUSD	M5	4343.63000	Bottom	4341.81000	-19.53000	-0.45	3	17	3	-1.14882	3	-48.9619	HL
1789581301	XAUUSD	M5	4361.38000	Peak	4364.82000	23.01000	0.53	0	9	0	2.55667	0	68.6378	HH
1789585801	XAUUSD	M5	4252.97000	Bottom	4235.22000	-129.60000	-2.97	5	15	3	-8.64000	5	-83.3979	LL
1789608901	XAUUSD	M5	4312.01000	Peak	4318.19000	82.97000	1.96	2	65	2	1.27646	0	51.9243	LH
1789613701	XAUUSD	M5	4277.27000	Bottom	4274.01000	-44.18000	-1.02	3	16	3	-2.76125	3	-70.0919	HL
1789621201	XAUUSD	M5	4297.97000	Peak	4299.10000	25.09000	0.59	0	25	0	1.00360	0	45.1029	LH
1789622401	XAUUSD	M5	4286.89000	Bottom	4285.47000	-13.63000	-0.32	3	4	3	-3.40750	3	-73.6446	HL
1789631101	XAUUSD	M5	4332.26000	Peak	4335.30000	49.83000	1.16	0	29	0	1.71828	0	59.8015	HH
1789637401	XAUUSD	M5	4307.66000	Bottom	4305.16000	-30.14000	-0.70	3	21	3	-1.43524	3	-55.1332	HL
1789647901	XAUUSD	M5	4381.09000	Peak	4381.24000	76.08000	1.77	2	35	0	2.17371	0	65.2956	HH
1789652701	XAUUSD	M5	4367.54000	Bottom	4355.49000	-25.75000	-0.59	3	16	3	-1.60938	3	-58.1449	HL
1789653901	XAUUSD	M5	4377.16000	Peak	4379.91000	24.42000	0.56	0	4	0	6.10500	1	80.6976	LH
1789657201	XAUUSD	M5	4355.88000	Bottom	4351.41000	-28.50000	-0.65	3	11	3	-2.59091	3	-68.8952	LL
1789660801	XAUUSD	M5	4369.77000	Peak	4372.44000	21.03000	0.48	0	12	0	1.75250	0	60.2903	LH
1789664101	XAUUSD	M5	4362.37000	Bottom	4356.04000	-16.40000	-0.38	3	11	3	-1.49091	3	-56.1490	HL
1789668901	XAUUSD	M5	4360.97000	Peak	4365.59000	9.55000	0.22	0	16	0	0.59688	0	30.8319	LH
1789678201	XAUUSD	M5	4341.80000	Bottom	4340.60000	-24.99000	-0.57	3	31	3	-0.80613	3	-38.8733	LL
1789684501	XAUUSD	M5	4348.82000	Peak	4349.48000	8.88000	0.20	0	9	0	0.98667	0	44.6155	LH
1789686301	XAUUSD	M5	4344.39000	Bottom	4339.75000	-9.73000	-0.22	3	6	3	-1.62167	3	-58.3400	LL
1789693501	XAUUSD	M5	4361.40000	Peak	4365.57000	25.82000	0.59	0	24	0	1.07583	0	47.0922	HH
1789696201	XAUUSD	M5	4349.17000	Bottom	4343.99000	-21.58000	-0.49	3	9	3	-2.39778	3	-67.3613	HL
1789698901	XAUUSD	M5	4352.15000	Peak	4356.52000	12.53000	0.29	0	9	0	1.39222	0	54.3112	LH
1789701901	XAUUSD	M5	4340.96000	Bottom	4334.45000	-22.07000	-0.51	3	10	3	-2.20700	3	-65.6245	LL
1789717801	XAUUSD	M5	4397.16000	Peak	4399.56000	65.11000	1.50	1	53	2	1.22849	0	50.8542	HH
1789720801	XAUUSD	M5	4386.82000	Bottom	4385.20000	-14.36000	-0.33	3	10	3	-1.43600	3	-55.1475	HL
1789722601	XAUUSD	M5	4394.49000	Peak	4398.14000	12.94000	0.30	0	6	0	2.15667	0	65.1239	LH
1789724701	XAUUSD	M5	4374.73000	Bottom	4373.38000	-24.76000	-0.56	3	7	3	-3.53714	3	-74.2137	LL
1789729801	XAUUSD	M5	4388.22000	Peak	4388.49000	15.11000	0.35	0	17	0	0.88882	0	41.6314	LH
1789741801	XAUUSD	M5	4346.94000	Bottom	4342.77000	-45.72000	-1.04	3	40	3	-1.14300	3	-48.8176	LL
1789753801	XAUUSD	M5	4393.28000	Peak	4396.81000	54.04000	1.24	0	40	0	1.35100	0	53.4914	HH
1789761301	XAUUSD	M5	4376.88000	Bottom	4374.90000	-21.91000	-0.50	3	25	3	-0.87640	3	-41.2313	HL
1789899179	XAUUSD	M5	4377.99000	Peak	4383.35000	8.45000	0.19	0	12	0	0.70417	0	35.1519	LH
