z-score_timestamp	z-score_symbol	z-score_timeframe	z-score_close	z-score_open	z-score_high	z-score_low	body_direction	body_size	body_classification
1789124401	XAUUSD	M15	4338.06	4337.52	4342.53	4334.61	1	0.92711	0
1789125301	XAUUSD	M15	4336.43	4338.07	4341.65	4336.04	-1	0.62000	3
1789126201	XAUUSD	M15	4334.61	4336.43	4337.21	4330.16	-1	0.56999	3
1789127101	XAUUSD	M15	4333.35	4334.71	4336.17	4330.83	-1	0.69477	3
1789128001	XAUUSD	M15	4327.76	4333.60	4334.84	4324.98	-1	0.54204	3
1789128901	XAUUSD	M15	4341.27	4327.96	4343.21	4327.64	1	2.57960	2
1789129801	XAUUSD	M15	4354.26	4341.42	4362.49	4292.06	1	2.42775	1
1789130701	XAUUSD	M15	4388.66	4353.92	4390.10	4352.54	1	7.76772	2
1789131601	XAUUSD	M15	4389.65	4388.30	4394.32	4380.56	1	0.66587	0
1789132501	XAUUSD	M15	4389.94	4389.35	4398.49	4380.53	1	0.85852	0
1789133401	XAUUSD	M15	4394.70	4390.20	4400.17	4381.71	1	0.13225	0
1789134301	XAUUSD	M15	4401.66	4394.69	4402.43	4387.22	1	0.75731	0
1789135201	XAUUSD	M15	4383.05	4401.67	4402.51	4381.69	-1	3.64436	5
1789136101	XAUUSD	M15	4375.09	4382.86	4385.44	4374.40	-1	0.93159	3
1789137001	XAUUSD	M15	4371.24	4375.07	4375.52	4364.81	-1	0.05086	3
1789137901	XAUUSD	M15	4370.80	4371.39	4384.11	4370.51	-1	0.85569	3
1789138801	XAUUSD	M15	4362.20	4370.70	4372.83	4359.26	-1	1.11245	3
1789139701	XAUUSD	M15	4370.53	4362.42	4372.31	4361.52	1	1.01083	0
1789140601	XAUUSD	M15	4372.95	4370.54	4377.09	4369.11	1	0.40804	0
1789141501	XAUUSD	M15	4367.05	4372.85	4373.77	4365.20	-1	0.43365	3
1789142401	XAUUSD	M15	4361.27	4367.03	4372.70	4361.01	-1	0.42095	3
1789143301	XAUUSD	M15	4354.89	4361.38	4363.97	4351.95	-1	0.59971	3
1789144201	XAUUSD	M15	4363.54	4354.88	4365.78	4353.42	1	1.13613	0
1789145101	XAUUSD	M15	4361.67	4363.51	4364.97	4360.30	-1	0.56303	3
1789146001	XAUUSD	M15	4365.89	4361.85	4368.83	4360.84	1	0.01623	0
1789146901	XAUUSD	M15	4366.98	4365.63	4369.69	4363.43	1	0.68663	0
1789147801	XAUUSD	M15	4362.04	4366.88	4370.43	4360.00	-1	0.18084	3
1789148701	XAUUSD	M15	4358.22	4362.03	4363.75	4357.89	-1	0.07658	3
1789149601	XAUUSD	M15	4346.82	4358.23	4360.07	4345.98	-1	1.80753	4
1789150501	XAUUSD	M15	4350.60	4346.85	4352.91	4344.28	1	0.09543	0
1789151401	XAUUSD	M15	4346.97	4350.58	4351.51	4345.78	-1	0.13131	3
1789152301	XAUUSD	M15	4346.94	4347.08	4347.38	4344.29	-1	0.99173	3
1789153201	XAUUSD	M15	4351.96	4346.96	4352.01	4344.42	1	0.21394	0
1789154101	XAUUSD	M15	4347.34	4351.94	4353.68	4347.34	-1	0.11885	3
1789155001	XAUUSD	M15	4346.19	4347.45	4348.35	4345.15	-1	0.71114	3
1789155901	XAUUSD	M15	4348.79	4346.11	4349.42	4342.78	1	0.35473	0
1789156801	XAUUSD	M15	4348.34	4348.54	4351.43	4348.26	-1	0.97175	3
1789157701	XAUUSD	M15	4348.79	4348.34	4350.32	4346.27	1	0.90852	0
1789158601	XAUUSD	M15	4346.47	4348.75	4349.05	4345.88	-1	0.44843	3
1789159501	XAUUSD	M15	4349.02	4346.44	4349.34	4345.57	1	0.37259	0
1789336801	XAUUSD	M15	4330.85	4333.51	4341.00	4330.15	-1	0.35012	3
1789337701	XAUUSD	M15	4336.17	4330.86	4336.44	4328.31	1	0.31407	0
1789338601	XAUUSD	M15	4337.23	4336.12	4338.06	4333.82	1	0.73827	0
1789339501	XAUUSD	M15	4337.87	4337.22	4339.81	4335.23	1	0.85335	0
1789340401	XAUUSD	M15	4339.60	4337.86	4342.44	4337.86	1	0.57741	0
1789341301	XAUUSD	M15	4339.42	4339.60	4340.51	4335.73	-1	0.96626	3
1789342201	XAUUSD	M15	4337.90	4339.36	4342.02	4337.90	-1	0.64507	3
1789343101	XAUUSD	M15	4332.81	4337.95	4338.20	4331.87	-1	0.27553	3
1789344001	XAUUSD	M15	4342.68	4332.62	4347.51	4329.88	1	1.50046	1
1789344901	XAUUSD	M15	4337.92	4342.63	4345.06	4333.14	-1	0.16299	3
1789345801	XAUUSD	M15	4338.25	4337.94	4340.68	4332.20	1	0.93264	0
1789346701	XAUUSD	M15	4338.54	4338.22	4343.44	4337.34	1	0.92583	0
1789347601	XAUUSD	M15	4331.66	4338.83	4344.61	4329.60	-1	0.78399	3
1789348501	XAUUSD	M15	4335.52	4331.58	4337.97	4326.31	1	0.01860	0
1789349401	XAUUSD	M15	4342.34	4335.70	4346.63	4328.38	1	0.65451	0
1789350301	XAUUSD	M15	4353.38	4342.45	4355.19	4342.45	1	1.71769	1
1789351201	XAUUSD	M15	4349.35	4353.35	4354.91	4348.46	-1	0.01241	3
1789352101	XAUUSD	M15	4352.17	4349.34	4354.10	4348.23	1	0.30395	0
1789353001	XAUUSD	M15	4345.68	4352.17	4355.34	4343.22	-1	0.61112	3
1789353901	XAUUSD	M15	4330.93	4345.69	4348.13	4330.25	-1	2.65134	5
1789354801	XAUUSD	M15	4333.46	4330.92	4336.12	4327.47	1	0.37850	0
1789355701	XAUUSD	M15	4334.82	4333.46	4336.53	4332.02	1	0.66750	0
1789356601	XAUUSD	M15	4329.00	4334.93	4335.29	4327.22	-1	0.47262	3
1789357501	XAUUSD	M15	4330.45	4329.27	4333.60	4328.66	1	0.71043	0
1789358401	XAUUSD	M15	4329.15	4330.39	4331.73	4329.11	-1	0.69287	3
1789359301	XAUUSD	M15	4331.47	4329.18	4331.64	4328.89	1	0.43040	0
1789360201	XAUUSD	M15	4323.42	4331.47	4331.61	4323.42	-1	0.99937	3
1789361101	XAUUSD	M15	4329.53	4323.45	4331.55	4322.17	1	0.50842	0
1789362001	XAUUSD	M15	4330.74	4329.51	4332.67	4326.60	1	0.69722	0
1789362901	XAUUSD	M15	4326.93	4330.80	4332.14	4326.39	-1	0.04021	3
1789363801	XAUUSD	M15	4331.04	4326.57	4337.11	4325.54	1	0.10803	0
1789364701	XAUUSD	M15	4337.34	4331.08	4337.39	4323.40	1	0.55407	0
1789365601	XAUUSD	M15	4329.93	4337.43	4338.75	4327.07	-1	0.85929	3
1789366501	XAUUSD	M15	4330.20	4329.94	4332.59	4326.97	1	0.93762	0
1789367401	XAUUSD	M15	4327.26	4330.19	4332.34	4325.16	-1	0.27425	3
1789368301	XAUUSD	M15	4322.20	4327.27	4329.69	4320.65	-1	0.25740	3
1789369201	XAUUSD	M15	4323.96	4322.13	4324.20	4317.66	1	0.54768	0
1789370101	XAUUSD	M15	4316.89	4323.96	4324.28	4316.38	-1	0.75175	3
1789371001	XAUUSD	M15	4319.23	4316.87	4319.52	4315.68	1	0.41741	0
1789371901	XAUUSD	M15	4310.86	4319.23	4321.96	4307.95	-1	1.07288	3
1789372801	XAUUSD	M15	4313.29	4311.19	4318.21	4310.83	1	0.48397	0
1789373701	XAUUSD	M15	4310.62	4313.21	4314.39	4310.21	-1	0.36400	3
1789374601	XAUUSD	M15	4311.82	4310.62	4316.02	4309.67	1	0.70602	0
1789375501	XAUUSD	M15	4306.62	4311.85	4313.29	4303.34	-1	0.29307	3
1789376401	XAUUSD	M15	4305.87	4306.69	4311.70	4304.97	-1	0.80442	3
1789377301	XAUUSD	M15	4288.06	4305.85	4306.01	4280.55	-1	3.36598	5
1789378201	XAUUSD	M15	4281.41	4287.98	4289.74	4279.23	-1	0.60740	3
1789379101	XAUUSD	M15	4285.49	4281.42	4288.30	4278.82	1	0.00895	0
1789380001	XAUUSD	M15	4288.55	4285.48	4289.40	4278.28	1	0.25377	0
1789380901	XAUUSD	M15	4291.16	4288.43	4292.59	4285.87	1	0.33655	0
1789381801	XAUUSD	M15	4293.91	4291.22	4294.96	4289.40	1	0.34726	0
1789382701	XAUUSD	M15	4294.75	4293.91	4296.57	4290.21	1	0.80130	0
1789383601	XAUUSD	M15	4292.11	4294.71	4296.82	4291.12	-1	0.36956	3
1789384501	XAUUSD	M15	4296.10	4292.21	4296.84	4291.10	1	0.05303	0
1789385401	XAUUSD	M15	4292.36	4296.11	4296.84	4292.09	-1	0.08919	3
1789386301	XAUUSD	M15	4287.08	4292.32	4293.79	4284.24	-1	0.27571	3
1789387201	XAUUSD	M15	4294.61	4287.15	4296.68	4285.11	1	0.81856	0
1789388101	XAUUSD	M15	4286.12	4294.79	4297.60	4283.75	-1	1.11137	3
1789389001	XAUUSD	M15	4283.66	4285.99	4289.52	4273.57	-1	0.44949	3
1789389901	XAUUSD	M15	4271.04	4283.66	4283.66	4265.92	-1	2.06863	4
1789390801	XAUUSD	M15	4266.38	4270.95	4272.63	4253.61	-1	0.09290	3
1789391701	XAUUSD	M15	4273.21	4266.13	4277.75	4263.88	1	0.70640	0
1789392601	XAUUSD	M15	4274.88	4273.97	4278.32	4267.16	1	0.80542	0
1789393501	XAUUSD	M15	4272.69	4274.86	4281.14	4269.84	-1	0.49811	3
1789394401	XAUUSD	M15	4281.84	4272.57	4282.01	4264.99	1	1.23749	0
1789395301	XAUUSD	M15	4270.03	4281.71	4282.95	4264.15	-1	1.81650	4
1789396201	XAUUSD	M15	4276.81	4270.20	4277.05	4266.76	1	0.57543	0
1789397101	XAUUSD	M15	4279.49	4276.80	4279.49	4274.06	1	0.38357	0
1789398001	XAUUSD	M15	4277.11	4279.49	4286.38	4272.71	-1	0.45843	3
1789398901	XAUUSD	M15	4283.63	4277.07	4284.77	4272.72	1	0.56000	0
1789399801	XAUUSD	M15	4294.32	4283.59	4298.30	4282.84	1	1.59534	1
1789400701	XAUUSD	M15	4288.22	4294.25	4295.04	4286.39	-1	0.43591	3
1789401601	XAUUSD	M15	4294.35	4288.26	4297.64	4286.35	1	0.45079	0
1789402501	XAUUSD	M15	4300.13	4294.39	4305.26	4294.39	1	0.36368	0
1789403401	XAUUSD	M15	4306.11	4300.09	4307.96	4299.50	1	0.42975	0
1789404301	XAUUSD	M15	4315.78	4306.11	4317.63	4304.78	1	1.32421	0
1789405201	XAUUSD	M15	4311.49	4315.87	4316.47	4311.36	-1	0.02114	3
1789406101	XAUUSD	M15	4311.80	4311.30	4314.15	4309.25	1	0.93024	0
1789407001	XAUUSD	M15	4309.96	4312.03	4313.66	4307.84	-1	0.54487	3
1789407901	XAUUSD	M15	4311.00	4310.00	4313.84	4308.69	1	0.80610	0
1789408801	XAUUSD	M15	4312.62	4311.06	4315.91	4308.28	1	0.66486	0
1789409701	XAUUSD	M15	4309.73	4312.62	4312.69	4306.35	-1	0.33720	3
1789410601	XAUUSD	M15	4309.47	4309.74	4313.27	4308.62	-1	0.98068	3
1789411501	XAUUSD	M15	4307.40	4309.39	4309.78	4304.98	-1	0.55731	3
1789412401	XAUUSD	M15	4306.03	4307.39	4307.87	4302.87	-1	0.70961	3
1789413301	XAUUSD	M15	4296.33	4306.03	4306.03	4295.95	-1	1.33415	3
1789414201	XAUUSD	M15	4291.89	4296.36	4297.38	4290.53	-1	0.04848	3
1789415101	XAUUSD	M15	4283.57	4291.86	4291.90	4282.88	-1	0.98398	3
1789416001	XAUUSD	M15	4287.78	4283.76	4288.45	4282.31	1	0.06533	0
1789416901	XAUUSD	M15	4296.67	4287.79	4298.30	4287.79	1	1.12540	0
1789417801	XAUUSD	M15	4294.93	4296.76	4299.63	4294.69	-1	0.60222	3
1789418701	XAUUSD	M15	4298.71	4294.94	4299.42	4294.94	1	0.12859	0
1789423201	XAUUSD	M15	4296.98	4302.10	4302.35	4296.57	-1	0.20511	3
1789424101	XAUUSD	M15	4295.73	4296.98	4298.34	4292.88	-1	0.74267	3
1789425001	XAUUSD	M15	4295.73	4295.76	4298.60	4293.59	-1	1.03823	3
1789425901	XAUUSD	M15	4295.46	4295.73	4298.25	4293.16	-1	0.97503	3
1789426801	XAUUSD	M15	4292.18	4295.39	4297.45	4291.18	-1	0.25175	3
1789427701	XAUUSD	M15	4290.00	4292.26	4292.40	4287.12	-1	0.48129	3
1789428601	XAUUSD	M15	4289.53	4289.98	4291.72	4287.94	-1	0.92278	3
1789429501	XAUUSD	M15	4288.24	4289.53	4289.59	4287.31	-1	0.71448	3
1789430401	XAUUSD	M15	4286.89	4288.23	4289.08	4283.77	-1	0.70315	3
1789431301	XAUUSD	M15	4288.17	4286.89	4289.74	4283.71	1	0.71792	0
1789432201	XAUUSD	M15	4292.68	4288.15	4293.11	4283.71	1	0.08280	0
1789433101	XAUUSD	M15	4293.04	4292.69	4296.65	4291.85	1	0.94357	0
1789434001	XAUUSD	M15	4299.78	4293.04	4299.94	4287.99	1	0.62505	0
1789434901	XAUUSD	M15	4301.87	4299.71	4305.91	4299.11	1	0.49988	0
1789435801	XAUUSD	M15	4298.68	4302.01	4306.42	4295.26	-1	0.21316	3
1789436701	XAUUSD	M15	4304.44	4298.68	4304.97	4294.32	1	0.38209	0
1789437601	XAUUSD	M15	4307.38	4304.45	4311.73	4304.45	1	0.31379	0
1789438501	XAUUSD	M15	4309.91	4307.37	4309.95	4305.47	1	0.40862	0
1789439401	XAUUSD	M15	4311.45	4310.35	4317.19	4307.29	1	0.75904	0
1789440301	XAUUSD	M15	4314.17	4311.42	4317.41	4311.14	1	0.35385	0
1789441201	XAUUSD	M15	4310.86	4314.23	4314.45	4309.93	-1	0.19923	3
1789442101	XAUUSD	M15	4310.82	4310.88	4314.38	4309.96	-1	1.01177	3
1789443001	XAUUSD	M15	4308.71	4310.83	4313.57	4308.19	-1	0.50483	3
1789443901	XAUUSD	M15	4303.56	4308.64	4310.10	4303.40	-1	0.22164	3
1789444801	XAUUSD	M15	4307.36	4303.38	4309.68	4302.56	1	0.05127	0
1789445701	XAUUSD	M15	4303.61	4307.36	4308.58	4302.74	-1	0.10622	3
1789446601	XAUUSD	M15	4305.04	4303.61	4306.18	4300.72	1	0.67804	0
1789447501	XAUUSD	M15	4304.79	4305.01	4307.89	4304.22	-1	0.97404	3
1789448401	XAUUSD	M15	4301.67	4304.77	4307.60	4300.52	-1	0.26020	3
1789449301	XAUUSD	M15	4297.38	4301.66	4301.92	4296.40	-1	0.03601	3
1789450201	XAUUSD	M15	4296.27	4297.34	4300.17	4289.15	-1	0.75967	3
1789451101	XAUUSD	M15	4291.06	4296.29	4299.82	4290.78	-1	0.28269	3
1789452001	XAUUSD	M15	4289.75	4291.02	4294.40	4286.13	-1	0.70890	3
1789452901	XAUUSD	M15	4289.53	4289.78	4292.24	4287.24	-1	0.96008	3
1789453801	XAUUSD	M15	4290.80	4289.51	4291.21	4286.03	1	0.69749	0
1789454701	XAUUSD	M15	4293.49	4290.80	4295.27	4290.53	1	0.34790	0
1789455601	XAUUSD	M15	4288.07	4293.49	4295.37	4286.71	-1	0.33402	3
1789456501	XAUUSD	M15	4291.97	4288.14	4292.25	4287.61	1	0.06551	0
1789457401	XAUUSD	M15	4283.91	4291.98	4292.86	4281.05	-1	0.99337	3
1789458301	XAUUSD	M15	4280.55	4283.88	4289.72	4276.27	-1	0.19656	3
1789459201	XAUUSD	M15	4267.94	4280.61	4280.63	4263.70	-1	2.13229	4
1789460101	XAUUSD	M15	4273.29	4267.97	4274.90	4266.96	1	0.29777	0
1789461001	XAUUSD	M15	4267.56	4273.22	4274.84	4267.14	-1	0.38009	3
1789461901	XAUUSD	M15	4262.39	4267.56	4269.58	4261.38	-1	0.25785	3
1789462801	XAUUSD	M15	4265.74	4262.35	4267.00	4261.57	1	0.18426	0
1789463701	XAUUSD	M15	4267.00	4265.71	4269.55	4261.73	1	0.70607	0
1789464601	XAUUSD	M15	4269.59	4266.86	4272.19	4264.94	1	0.34758	0
1789465501	XAUUSD	M15	4268.25	4269.61	4272.07	4267.89	-1	0.69149	3
1789466401	XAUUSD	M15	4273.12	4268.32	4277.61	4268.32	1	0.16896	0
1789467301	XAUUSD	M15	4274.56	4273.11	4274.75	4269.93	1	0.67084	0
1789468201	XAUUSD	M15	4274.98	4274.57	4277.36	4273.66	1	0.92723	0
1789469101	XAUUSD	M15	4281.56	4274.96	4283.82	4274.64	1	0.62381	0
1789470001	XAUUSD	M15	4283.67	4281.56	4283.87	4278.67	1	0.50154	0
1789470901	XAUUSD	M15	4283.34	4283.67	4285.61	4282.47	-1	0.94623	3
1789471801	XAUUSD	M15	4282.65	4283.31	4285.01	4280.40	-1	0.86418	3
1789472701	XAUUSD	M15	4284.62	4282.84	4286.71	4282.47	1	0.58000	0
1789473601	XAUUSD	M15	4278.55	4284.62	4284.90	4275.86	-1	0.49670	3
1789474501	XAUUSD	M15	4277.83	4278.49	4279.22	4271.40	-1	0.86061	3
1789475401	XAUUSD	M15	4281.22	4277.82	4286.06	4274.71	1	0.17514	0
1789476301	XAUUSD	M15	4290.66	4281.26	4295.73	4281.12	1	1.33251	0
1789477201	XAUUSD	M15	4286.78	4290.35	4294.48	4283.89	-1	0.13399	3
1789478101	XAUUSD	M15	4287.32	4286.79	4293.07	4283.78	1	0.89577	0
1789479001	XAUUSD	M15	4289.72	4287.35	4294.12	4284.17	1	0.43459	0
1789479901	XAUUSD	M15	4294.80	4289.68	4298.32	4288.37	1	0.25509	0
1789480801	XAUUSD	M15	4294.60	4294.83	4300.36	4293.58	-1	0.97400	3
1789481701	XAUUSD	M15	4284.13	4294.70	4295.66	4283.12	-1	1.61563	4
1789482601	XAUUSD	M15	4278.21	4284.12	4285.99	4275.66	-1	0.44564	3
1789483501	XAUUSD	M15	4277.16	4278.17	4282.92	4274.14	-1	0.78148	3
1789484401	XAUUSD	M15	4285.37	4276.93	4286.12	4276.63	1	1.07520	0
1789485301	XAUUSD	M15	4283.83	4285.39	4287.61	4282.38	-1	0.64465	3
1789486201	XAUUSD	M15	4287.75	4284.03	4290.42	4281.60	1	0.10582	0
1789487101	XAUUSD	M15	4289.31	4287.76	4294.68	4285.03	1	0.64573	0
1789488001	XAUUSD	M15	4286.30	4289.35	4291.67	4286.26	-1	0.27160	3
1789488901	XAUUSD	M15	4295.67	4286.30	4297.09	4285.53	1	1.30763	0
1789489801	XAUUSD	M15	4296.59	4295.68	4297.77	4291.57	1	0.80707	0
1789490701	XAUUSD	M15	4295.52	4296.64	4298.34	4295.08	-1	0.75072	3
1789491601	XAUUSD	M15	4295.32	4295.57	4299.09	4290.34	-1	0.96604	3
1789492501	XAUUSD	M15	4293.07	4295.11	4296.45	4291.46	-1	0.51646	3
1789493401	XAUUSD	M15	4293.28	4293.21	4299.05	4292.35	1	1.00618	0
1789494301	XAUUSD	M15	4294.80	4293.27	4296.22	4293.21	1	0.63980	0
1789495201	XAUUSD	M15	4302.30	4294.93	4304.25	4293.01	1	0.81750	0
1789496101	XAUUSD	M15	4304.91	4302.49	4306.80	4302.17	1	0.42278	0
1789497001	XAUUSD	M15	4304.83	4304.90	4308.33	4301.78	-1	1.01003	3
1789497901	XAUUSD	M15	4308.64	4304.84	4310.39	4304.52	1	0.07395	0
1789498801	XAUUSD	M15	4300.30	4308.84	4310.70	4300.30	-1	1.10933	3
1789499701	XAUUSD	M15	4301.19	4300.26	4302.25	4298.25	1	0.79513	0
1789500601	XAUUSD	M15	4296.83	4301.13	4302.48	4296.83	-1	0.04604	3
1789501501	XAUUSD	M15	4297.83	4296.84	4299.80	4294.32	1	0.78116	0
1789502401	XAUUSD	M15	4296.29	4297.80	4299.06	4295.65	-1	0.65089	3
1789503301	XAUUSD	M15	4294.38	4296.29	4296.85	4294.03	-1	0.54810	3
1789504201	XAUUSD	M15	4293.02	4294.38	4296.10	4291.89	-1	0.68524	3
1789505101	XAUUSD	M15	4293.93	4293.03	4294.32	4292.01	1	0.79817	0
1789509601	XAUUSD	M15	4292.98	4294.40	4296.13	4292.94	-1	0.66525	3
1789510501	XAUUSD	M15	4298.77	4293.04	4298.92	4291.75	1	0.41063	0
1789511401	XAUUSD	M15	4294.72	4298.64	4298.90	4294.44	-1	0.03837	3
1789512301	XAUUSD	M15	4288.98	4294.68	4295.38	4288.87	-1	0.40651	3
1789513201	XAUUSD	M15	4286.20	4288.89	4289.47	4284.95	-1	0.34830	3
1789514101	XAUUSD	M15	4284.46	4286.20	4287.25	4282.16	-1	0.58549	3
1789515001	XAUUSD	M15	4284.67	4284.42	4287.72	4282.69	1	0.95702	0
1789515901	XAUUSD	M15	4283.48	4284.67	4286.29	4281.18	-1	0.72257	3
1789516801	XAUUSD	M15	4282.60	4283.56	4284.69	4280.64	-1	0.77696	3
1789517701	XAUUSD	M15	4284.11	4282.60	4286.21	4281.78	1	0.63938	0
1789518601	XAUUSD	M15	4283.70	4284.11	4285.65	4279.79	-1	0.91287	3
1789519501	XAUUSD	M15	4277.53	4283.69	4285.13	4275.58	-1	0.52343	3
1789520401	XAUUSD	M15	4287.26	4277.38	4287.87	4276.76	1	1.44871	0
1789521301	XAUUSD	M15	4290.60	4287.25	4293.67	4284.61	1	0.18169	0
1789522201	XAUUSD	M15	4288.52	4290.52	4291.33	4285.84	-1	0.52034	3
1789523101	XAUUSD	M15	4282.52	4288.55	4289.06	4280.07	-1	0.48417	3
1789524001	XAUUSD	M15	4292.43	4282.52	4294.83	4281.90	1	1.44692	0
1789524901	XAUUSD	M15	4298.93	4292.26	4300.63	4289.96	1	0.63500	0
1789525801	XAUUSD	M15	4311.02	4298.95	4316.02	4298.69	1	1.96946	1
1789526701	XAUUSD	M15	4321.68	4311.04	4323.37	4310.91	1	1.60628	1
1789527601	XAUUSD	M15	4337.03	4321.75	4338.74	4321.47	1	2.72722	2
1789528501	XAUUSD	M15	4331.94	4337.12	4341.00	4331.94	-1	0.24081	3
1789529401	XAUUSD	M15	4327.11	4331.99	4332.55	4325.98	-1	0.16469	3
1789530301	XAUUSD	M15	4327.12	4327.12	4327.90	4322.82	0	1.03323	0
1789531201	XAUUSD	M15	4326.89	4327.11	4328.44	4325.58	-1	0.97607	3
1789532101	XAUUSD	M15	4325.72	4326.89	4328.50	4323.34	-1	0.74014	3
1789533001	XAUUSD	M15	4322.92	4325.72	4328.28	4322.90	-1	0.33989	3
1789533901	XAUUSD	M15	4321.92	4322.93	4323.46	4320.65	-1	0.77902	3
1789534801	XAUUSD	M15	4321.62	4321.93	4324.48	4320.80	-1	0.94649	3
1789535701	XAUUSD	M15	4325.02	4321.61	4326.92	4321.61	1	0.18411	0
1789536601	XAUUSD	M15	4332.86	4325.00	4332.97	4324.48	1	0.90462	0
1789537501	XAUUSD	M15	4326.45	4332.84	4333.72	4326.45	-1	0.54269	3
1789538401	XAUUSD	M15	4325.82	4326.79	4331.96	4321.51	-1	0.78414	3
1789539301	XAUUSD	M15	4326.99	4325.80	4330.24	4324.93	1	0.72843	0
1789540201	XAUUSD	M15	4328.03	4326.86	4328.22	4323.79	1	0.73015	0
1789541101	XAUUSD	M15	4332.93	4328.02	4333.11	4325.34	1	0.20386	0
1789542001	XAUUSD	M15	4335.48	4332.92	4335.83	4330.10	1	0.38116	0
1789542901	XAUUSD	M15	4335.65	4335.45	4337.57	4332.16	1	0.97025	0
1789543801	XAUUSD	M15	4336.21	4335.65	4339.08	4333.65	1	0.87617	0
1789544701	XAUUSD	M15	4329.36	4336.21	4338.08	4328.53	-1	0.69426	3
1789545601	XAUUSD	M15	4327.54	4329.34	4329.62	4323.08	-1	0.58080	3
1789546501	XAUUSD	M15	4334.12	4327.54	4337.54	4326.74	1	0.67152	0
1789547401	XAUUSD	M15	4328.37	4334.09	4334.34	4323.81	-1	0.44814	3
1789548301	XAUUSD	M15	4330.24	4328.37	4331.34	4324.91	1	0.56062	0
1789549201	XAUUSD	M15	4332.09	4330.23	4332.53	4329.73	1	0.56431	0
1789550101	XAUUSD	M15	4329.70	4332.09	4333.96	4327.51	-1	0.42424	3
1789551001	XAUUSD	M15	4335.02	4329.70	4337.42	4329.65	1	0.34507	0
1789551901	XAUUSD	M15	4338.21	4335.09	4339.32	4331.37	1	0.23299	0
1789552801	XAUUSD	M15	4342.86	4338.21	4349.02	4337.70	1	0.17047	0
1789553701	XAUUSD	M15	4348.05	4342.85	4348.75	4340.93	1	0.31302	0
1789554601	XAUUSD	M15	4349.15	4348.05	4349.43	4345.86	1	0.76456	0
1789555501	XAUUSD	M15	4350.54	4349.13	4350.54	4345.53	1	0.68216	0
1789556401	XAUUSD	M15	4347.14	4350.82	4353.27	4346.92	-1	0.08535	3
1789557301	XAUUSD	M15	4350.73	4347.14	4353.59	4346.53	1	0.10968	0
1789558201	XAUUSD	M15	4349.70	4350.77	4353.23	4347.28	-1	0.76812	3
1789559101	XAUUSD	M15	4341.74	4349.96	4350.80	4341.69	-1	1.11019	3
1789560001	XAUUSD	M15	4343.42	4341.70	4348.23	4340.59	1	0.59673	0
1789560901	XAUUSD	M15	4339.63	4343.42	4345.73	4338.04	-1	0.05493	3
1789561801	XAUUSD	M15	4343.84	4339.72	4345.10	4335.21	1	0.02953	0
1789562701	XAUUSD	M15	4347.74	4343.87	4348.90	4342.60	1	0.03824	0
1789563601	XAUUSD	M15	4356.52	4347.66	4357.21	4343.82	1	1.26997	0
1789564501	XAUUSD	M15	4352.06	4356.58	4360.24	4349.53	-1	0.12733	3
1789565401	XAUUSD	M15	4340.52	4351.98	4354.29	4340.44	-1	1.94113	4
1789566301	XAUUSD	M15	4338.65	4340.54	4345.70	4335.08	-1	0.56598	3
1789567201	XAUUSD	M15	4340.02	4338.65	4340.03	4324.16	1	0.70214	0
1789568101	XAUUSD	M15	4338.08	4340.09	4341.06	4330.90	-1	0.53576	3
1789569001	XAUUSD	M15	4345.80	4338.07	4345.98	4334.47	1	0.95933	0
1789569901	XAUUSD	M15	4355.12	4345.71	4356.03	4345.06	1	1.39241	0
1789570801	XAUUSD	M15	4353.26	4355.08	4358.03	4350.08	-1	0.59362	3
1789571701	XAUUSD	M15	4344.21	4353.26	4355.16	4344.18	-1	1.29217	3
1789572601	XAUUSD	M15	4350.68	4344.23	4352.58	4342.89	1	0.61083	0
1789573501	XAUUSD	M15	4352.62	4350.68	4361.34	4349.97	1	0.56817	0
1789574401	XAUUSD	M15	4350.04	4352.74	4352.89	4346.67	-1	0.37105	3
1789575301	XAUUSD	M15	4346.01	4350.58	4352.07	4344.40	-1	0.11644	3
1789576201	XAUUSD	M15	4347.45	4346.04	4348.48	4345.12	1	0.70660	0
1789577101	XAUUSD	M15	4346.70	4347.45	4348.57	4343.81	-1	0.88002	3
1789578001	XAUUSD	M15	4343.63	4346.65	4346.81	4341.81	-1	0.28161	3
1789578901	XAUUSD	M15	4346.88	4343.63	4347.48	4342.56	1	0.22169	0
1789579801	XAUUSD	M15	4344.07	4346.87	4349.98	4343.39	-1	0.34163	3
1789580701	XAUUSD	M15	4361.38	4344.10	4364.82	4342.72	1	3.41552	2
1789581601	XAUUSD	M15	4310.46	4355.93	4367.58	4308.07	-1	9.52067	5
1789582501	XAUUSD	M15	4322.41	4310.31	4324.08	4306.34	1	1.80464	1
1789583401	XAUUSD	M15	4301.28	4322.55	4323.54	4262.57	-1	3.83823	5
1789584301	XAUUSD	M15	4261.02	4301.59	4307.39	4257.36	-1	7.61551	5
1789585201	XAUUSD	M15	4252.97	4261.03	4287.28	4235.22	-1	0.77109	3
1789586101	XAUUSD	M15	4253.43	4252.83	4257.70	4239.64	1	0.79729	0
1789587001	XAUUSD	M15	4265.54	4253.58	4271.11	4253.45	1	1.58278	1
1789587901	XAUUSD	M15	4272.57	4264.88	4276.46	4264.86	1	0.68405	0
1789588801	XAUUSD	M15	4264.83	4272.13	4273.87	4263.53	-1	0.60087	3
1789589701	XAUUSD	M15	4260.34	4264.81	4268.18	4257.42	-1	0.00651	3
1789590601	XAUUSD	M15	4262.35	4260.33	4265.26	4258.29	1	0.50557	0
1789591501	XAUUSD	M15	4264.07	4262.51	4266.59	4260.96	1	0.60181	0
1789596001	XAUUSD	M15	4259.18	4264.62	4264.62	4258.59	-1	0.21435	3
1789596901	XAUUSD	M15	4262.09	4259.18	4263.47	4257.51	1	0.31761	0
1789597801	XAUUSD	M15	4273.21	4262.08	4276.28	4262.01	1	1.40473	0
1789598701	XAUUSD	M15	4266.64	4273.19	4273.84	4265.73	-1	0.44261	3
1789599601	XAUUSD	M15	4262.64	4266.62	4267.90	4258.90	-1	0.09135	3
1789600501	XAUUSD	M15	4271.82	4262.64	4273.17	4262.06	1	1.00065	0
1789601401	XAUUSD	M15	4273.57	4271.82	4274.45	4268.60	1	0.56188	0
1789602301	XAUUSD	M15	4271.56	4273.78	4275.58	4271.47	-1	0.46310	3
1789603201	XAUUSD	M15	4284.95	4271.64	4286.76	4266.41	1	1.87310	1
1789604101	XAUUSD	M15	4284.53	4285.01	4289.46	4281.63	-1	0.82697	3
1789605001	XAUUSD	M15	4288.72	4284.52	4292.28	4282.04	1	0.04534	0
1789605901	XAUUSD	M15	4280.17	4288.71	4289.22	4277.16	-1	0.86507	3
1789606801	XAUUSD	M15	4298.70	4280.16	4310.23	4280.16	1	2.93444	2
1789607701	XAUUSD	M15	4309.90	4298.71	4312.52	4298.37	1	1.39553	0
1789608601	XAUUSD	M15	4309.30	4309.90	4318.19	4308.53	-1	0.80469	3
1789609501	XAUUSD	M15	4300.23	4309.30	4311.92	4298.13	-1	0.95511	3
1789610401	XAUUSD	M15	4287.55	4300.22	4300.96	4281.10	-1	1.69447	4
1789611301	XAUUSD	M15	4291.77	4287.35	4292.99	4287.07	1	0.02000	0
1789612201	XAUUSD	M15	4288.54	4291.78	4292.57	4281.52	-1	0.26693	3
1789613101	XAUUSD	M15	4277.27	4288.53	4289.58	4274.01	-1	1.39349	3
1789614001	XAUUSD	M15	4285.20	4277.22	4286.64	4277.10	1	0.70932	0
1789614901	XAUUSD	M15	4286.06	4285.13	4287.05	4283.21	1	0.75405	0
1789615801	XAUUSD	M15	4295.89	4285.97	4296.26	4285.79	1	1.11240	0
1789616701	XAUUSD	M15	4296.06	4295.89	4297.43	4293.76	1	0.90874	0
1789617601	XAUUSD	M15	4293.78	4296.04	4296.54	4292.95	-1	0.47402	3
1789618501	XAUUSD	M15	4291.35	4293.78	4295.77	4291.13	-1	0.43881	3
1789619401	XAUUSD	M15	4295.34	4291.34	4296.54	4290.42	1	0.11458	0
1789620301	XAUUSD	M15	4297.42	4295.28	4298.90	4295.27	1	0.49731	0
1789621201	XAUUSD	M15	4294.17	4297.45	4299.10	4294.11	-1	0.26204	3
1789622101	XAUUSD	M15	4286.48	4294.13	4294.14	4285.47	-1	0.64952	3
1789623001	XAUUSD	M15	4297.05	4286.41	4298.10	4286.41	1	1.29754	0
1789623901	XAUUSD	M15	4304.51	4297.04	4305.34	4296.01	1	0.62402	0
1789624801	XAUUSD	M15	4312.07	4304.52	4312.36	4304.37	1	0.63886	0
1789625701	XAUUSD	M15	4312.20	4312.07	4313.02	4304.82	1	0.92664	0
1789626601	XAUUSD	M15	4309.47	4312.19	4315.21	4305.78	-1	0.37526	3
1789627501	XAUUSD	M15	4310.72	4309.47	4311.98	4306.74	1	0.68703	0
1789628401	XAUUSD	M15	4322.92	4310.88	4323.46	4309.30	1	1.59517	1
1789629301	XAUUSD	M15	4329.30	4322.89	4329.86	4319.32	1	0.40265	0
1789630201	XAUUSD	M15	4331.42	4329.29	4335.02	4329.29	1	0.50040	0
1789631101	XAUUSD	M15	4327.19	4331.42	4335.30	4323.84	-1	0.05738	3
1789632001	XAUUSD	M15	4320.36	4327.21	4328.20	4317.90	-1	0.49463	3
1789632901	XAUUSD	M15	4316.05	4320.29	4321.96	4314.58	-1	0.05716	3
1789633801	XAUUSD	M15	4313.93	4316.00	4319.52	4312.06	-1	0.51755	3
1789634701	XAUUSD	M15	4311.57	4313.79	4313.96	4310.17	-1	0.48721	3
1789635601	XAUUSD	M15	4315.91	4311.60	4319.31	4311.59	1	0.04299	0
1789636501	XAUUSD	M15	4306.59	4315.82	4316.50	4305.98	-1	0.99659	3
1789637401	XAUUSD	M15	4309.20	4306.53	4311.07	4305.16	1	0.39069	0
1789638301	XAUUSD	M15	4306.21	4309.17	4311.27	4305.60	-1	0.32713	3
1789639201	XAUUSD	M15	4310.19	4306.21	4313.76	4305.21	1	0.11223	0
1789640101	XAUUSD	M15	4313.68	4310.27	4315.55	4306.66	1	0.23312	0
1789641001	XAUUSD	M15	4316.46	4313.46	4318.49	4312.15	1	0.31831	0
1789641901	XAUUSD	M15	4324.30	4316.42	4325.08	4316.19	1	0.71544	0
1789642801	XAUUSD	M15	4332.02	4324.29	4339.91	4323.89	1	0.68727	0
1789643701	XAUUSD	M15	4328.45	4332.03	4334.56	4326.63	-1	0.19512	3
1789644601	XAUUSD	M15	4324.96	4328.45	4328.75	4323.43	-1	0.21342	3
1789645501	XAUUSD	M15	4350.10	4324.96	4352.94	4324.52	1	4.28333	2
1789646401	XAUUSD	M15	4354.67	4349.87	4355.31	4343.75	1	0.05467	0
1789647301	XAUUSD	M15	4381.09	4354.66	4381.24	4353.43	1	4.44634	2
1789648201	XAUUSD	M15	4360.63	4380.98	4380.98	4360.51	-1	3.16341	5
1789649101	XAUUSD	M15	4373.34	4360.65	4374.85	4359.13	1	1.61293	1
1789650001	XAUUSD	M15	4366.23	4373.34	4374.19	4360.28	-1	0.48994	3
1789650901	XAUUSD	M15	4366.94	4366.35	4375.10	4365.10	1	0.81709	0
1789651801	XAUUSD	M15	4358.10	4367.05	4374.10	4356.34	-1	0.85666	3
1789652701	XAUUSD	M15	4366.75	4358.30	4371.67	4355.49	1	0.75291	0
1789653601	XAUUSD	M15	4371.77	4366.86	4379.91	4364.68	1	0.04173	0
1789654501	XAUUSD	M15	4366.62	4371.76	4372.84	4365.65	-1	0.08628	3
1789655401	XAUUSD	M15	4361.10	4366.82	4367.89	4359.45	-1	0.20178	3
1789656301	XAUUSD	M15	4354.09	4361.10	4364.71	4352.28	-1	0.45866	3
1789657201	XAUUSD	M15	4361.91	4354.08	4362.23	4351.41	1	0.62026	0
1789658101	XAUUSD	M15	4358.16	4361.95	4364.48	4356.39	-1	0.19212	3
1789659001	XAUUSD	M15	4365.77	4358.45	4367.14	4355.61	1	0.51460	0
1789659901	XAUUSD	M15	4369.99	4365.73	4370.04	4363.41	1	0.10175	0
1789660801	XAUUSD	M15	4368.04	4369.99	4372.44	4367.17	-1	0.56506	3
1789661701	XAUUSD	M15	4367.76	4368.09	4368.88	4363.75	-1	0.88768	3
1789662601	XAUUSD	M15	4359.97	4367.53	4367.57	4357.57	-1	0.56193	3
1789663501	XAUUSD	M15	4362.37	4360.13	4362.37	4356.04	1	0.50465	0
1789664401	XAUUSD	M15	4361.92	4362.45	4365.83	4358.39	-1	0.84746	3
1789665301	XAUUSD	M15	4360.55	4361.93	4363.15	4357.93	-1	0.67488	3
1789666201	XAUUSD	M15	4360.49	4360.57	4363.77	4357.91	-1	0.93436	3
1789667101	XAUUSD	M15	4361.29	4360.49	4361.70	4358.68	1	0.78893	0
1789668001	XAUUSD	M15	4364.71	4361.29	4365.42	4360.21	1	0.26510	0
1789668901	XAUUSD	M15	4356.32	4364.65	4365.59	4355.98	-1	0.71718	3
1789669801	XAUUSD	M15	4352.17	4356.28	4356.45	4348.52	-1	0.12702	3
1789670701	XAUUSD	M15	4351.65	4352.19	4352.65	4349.32	-1	0.83991	3
1789671601	XAUUSD	M15	4354.64	4351.56	4356.04	4351.42	1	0.33157	0
1789672501	XAUUSD	M15	4343.35	4354.73	4354.73	4343.33	-1	1.32846	3
1789673401	XAUUSD	M15	4345.25	4343.35	4346.80	4342.77	1	0.56852	0
1789674301	XAUUSD	M15	4346.22	4345.26	4349.37	4344.20	1	0.75448	0
1789675201	XAUUSD	M15	4343.06	4346.35	4346.93	4342.52	-1	0.28411	3
1789676101	XAUUSD	M15	4342.17	4343.05	4345.42	4342.17	-1	0.76652	3
1789677001	XAUUSD	M15	4341.37	4342.21	4343.64	4340.64	-1	0.77385	3
1789677901	XAUUSD	M15	4341.70	4340.97	4342.45	4340.60	1	0.79559	0
1789682401	XAUUSD	M15	4344.46	4343.25	4345.38	4341.88	1	0.69632	0
1789683301	XAUUSD	M15	4344.92	4344.48	4345.03	4341.75	1	0.84921	0
1789684201	XAUUSD	M15	4344.46	4344.87	4349.48	4344.29	-1	0.85140	3
1789685101	XAUUSD	M15	4344.45	4344.25	4346.16	4341.55	1	0.89167	0
1789686001	XAUUSD	M15	4345.04	4344.45	4346.40	4339.75	1	0.80959	0
1789686901	XAUUSD	M15	4344.24	4345.04	4347.51	4341.66	-1	0.76399	3
1789687801	XAUUSD	M15	4344.33	4344.23	4345.01	4343.30	1	0.90419	0
1789688701	XAUUSD	M15	4346.35	4344.33	4348.14	4343.56	1	0.51756	0
1789689601	XAUUSD	M15	4354.38	4346.12	4354.92	4342.18	1	0.73466	0
1789690501	XAUUSD	M15	4353.45	4354.08	4357.31	4350.84	-1	0.79743	3
1789691401	XAUUSD	M15	4358.76	4353.43	4360.13	4353.09	1	0.14544	0
1789692301	XAUUSD	M15	4356.44	4358.72	4359.29	4352.43	-1	0.46926	3
1789693201	XAUUSD	M15	4358.20	4356.63	4365.57	4356.63	1	0.61162	0
1789694101	XAUUSD	M15	4359.84	4358.14	4364.57	4354.86	1	0.58399	0
1789695001	XAUUSD	M15	4347.39	4359.92	4360.03	4347.34	-1	1.58527	4
1789695901	XAUUSD	M15	4348.36	4347.37	4350.40	4343.99	1	0.72793	0
1789696801	XAUUSD	M15	4350.45	4348.29	4351.80	4345.93	1	0.49204	0
1789697701	XAUUSD	M15	4352.99	4350.40	4353.77	4348.20	1	0.40663	0
1789698601	XAUUSD	M15	4351.67	4352.99	4356.52	4350.34	-1	0.66209	3
1789699501	XAUUSD	M15	4346.86	4351.71	4355.78	4343.32	-1	0.04529	3
1789700401	XAUUSD	M15	4344.81	4346.82	4351.88	4344.37	-1	0.52585	3
1789701301	XAUUSD	M15	4340.96	4344.81	4344.92	4334.45	-1	0.15676	3
1789702201	XAUUSD	M15	4357.51	4340.90	4358.90	4340.65	1	2.38413	1
1789703101	XAUUSD	M15	4359.31	4357.46	4360.78	4357.01	1	0.55770	0
1789704001	XAUUSD	M15	4356.96	4359.15	4361.48	4356.96	-1	0.49087	3
1789704901	XAUUSD	M15	4357.91	4356.96	4357.97	4352.81	1	0.73791	0
1789705801	XAUUSD	M15	4364.59	4358.11	4365.50	4357.15	1	0.36363	0
1789706701	XAUUSD	M15	4366.99	4364.57	4366.99	4361.19	1	0.44741	0
1789707601	XAUUSD	M15	4365.46	4366.88	4369.18	4364.10	-1	0.64476	3
1789708501	XAUUSD	M15	4364.66	4365.46	4369.54	4363.85	-1	0.76487	3
1789709401	XAUUSD	M15	4377.09	4365.45	4378.20	4360.39	1	1.40645	0
1789710301	XAUUSD	M15	4377.38	4377.10	4378.03	4370.53	1	0.89091	0
1789711201	XAUUSD	M15	4389.04	4377.36	4390.26	4377.31	1	1.48569	0
1789712101	XAUUSD	M15	4392.43	4388.98	4393.87	4381.85	1	0.23388	0
1789713001	XAUUSD	M15	4396.12	4392.42	4396.95	4390.83	1	0.18126	0
1789713901	XAUUSD	M15	4393.43	4396.12	4397.17	4389.73	-1	0.39022	3
1789714801	XAUUSD	M15	4390.48	4393.46	4395.68	4388.97	-1	0.32531	3
1789715701	XAUUSD	M15	4395.67	4390.51	4395.87	4389.72	1	0.13606	0
1789716601	XAUUSD	M15	4393.72	4395.69	4397.20	4391.30	-1	0.53638	3
1789717501	XAUUSD	M15	4393.36	4393.75	4399.56	4392.68	-1	0.86970	3
1789718401	XAUUSD	M15	4390.44	4393.62	4398.38	4390.40	-1	0.27847	3
1789719301	XAUUSD	M15	4387.88	4390.46	4393.82	4387.76	-1	0.40269	3
1789720201	XAUUSD	M15	4386.82	4387.92	4389.47	4385.20	-1	0.71452	3
1789721101	XAUUSD	M15	4392.24	4386.90	4394.24	4386.36	1	0.18134	0
1789722001	XAUUSD	M15	4394.49	4392.35	4398.14	4391.71	1	0.49277	0
1789722901	XAUUSD	M15	4387.97	4394.51	4395.34	4385.77	-1	0.43648	3
1789723801	XAUUSD	M15	4376.75	4387.80	4388.76	4376.75	-1	1.38598	3
1789724701	XAUUSD	M15	4376.55	4376.59	4378.22	4373.38	-1	0.93474	3
1789725601	XAUUSD	M15	4379.07	4376.55	4380.03	4375.83	1	0.41119	0
1789726501	XAUUSD	M15	4381.46	4379.09	4381.46	4377.58	1	0.44342	0
1789727401	XAUUSD	M15	4381.39	4381.44	4382.01	4378.32	-1	0.92921	3
1789728301	XAUUSD	M15	4381.79	4381.40	4381.95	4376.28	1	0.85523	0
1789729201	XAUUSD	M15	4388.22	4381.79	4388.49	4377.78	1	0.41905	0
1789730101	XAUUSD	M15	4377.72	4388.23	4388.49	4377.72	-1	1.27383	3
1789731001	XAUUSD	M15	4375.88	4377.85	4382.67	4374.70	-1	0.52292	3
1789731901	XAUUSD	M15	4381.32	4375.83	4381.83	4372.72	1	0.21543	0
1789732801	XAUUSD	M15	4373.44	4381.54	4382.78	4370.65	-1	0.76317	3
1789733701	XAUUSD	M15	4358.33	4373.54	4376.25	4353.90	-1	2.24142	4
1789734601	XAUUSD	M15	4369.17	4358.26	4372.98	4358.26	1	1.33486	0
1789735501	XAUUSD	M15	4368.91	4369.37	4370.61	4366.42	-1	0.84693	3
1789736401	XAUUSD	M15	4371.41	4368.89	4375.63	4363.91	1	0.41823	0
1789737301	XAUUSD	M15	4367.15	4371.62	4374.55	4363.07	-1	0.01272	3
1789738201	XAUUSD	M15	4353.50	4367.12	4367.63	4352.29	-1	1.88797	4
1789739101	XAUUSD	M15	4349.44	4353.49	4358.07	4347.38	-1	0.10636	3
1789740001	XAUUSD	M15	4351.54	4349.40	4356.54	4347.74	1	0.50402	0
1789740901	XAUUSD	M15	4343.01	4351.65	4355.07	4342.97	-1	0.84785	3
1789741801	XAUUSD	M15	4353.60	4342.90	4354.81	4342.77	1	1.27043	0
1789742701	XAUUSD	M15	4353.07	4353.56	4361.72	4351.66	-1	0.85208	3
1789743601	XAUUSD	M15	4352.18	4353.01	4356.44	4348.07	-1	0.78073	3
1789744501	XAUUSD	M15	4356.24	4352.18	4357.03	4351.73	1	0.11144	0
1789745401	XAUUSD	M15	4354.88	4356.31	4357.42	4348.80	-1	0.65851	3
1789746301	XAUUSD	M15	4356.71	4354.88	4358.09	4352.35	1	0.57350	0
1789747201	XAUUSD	M15	4361.85	4356.75	4364.92	4354.87	1	0.10903	0
1789748101	XAUUSD	M15	4377.67	4361.64	4378.37	4360.05	1	2.36428	1
1789749001	XAUUSD	M15	4378.06	4377.67	4383.67	4374.62	1	0.87166	0
1789749901	XAUUSD	M15	4382.85	4378.06	4383.65	4376.98	1	0.03661	0
1789750801	XAUUSD	M15	4385.46	4382.83	4387.22	4381.63	1	0.40859	0
1789751701	XAUUSD	M15	4386.93	4385.49	4389.14	4383.03	1	0.65355	0
1789752601	XAUUSD	M15	4393.18	4386.92	4396.60	4385.40	1	0.34450	0
1789753501	XAUUSD	M15	4393.15	4393.18	4396.81	4392.15	-1	0.94103	3
1789754401	XAUUSD	M15	4392.15	4393.10	4394.34	4389.21	-1	0.74843	3
1789755301	XAUUSD	M15	4390.64	4392.16	4392.70	4389.18	-1	0.62956	3
1789756201	XAUUSD	M15	4380.94	4390.71	4390.81	4380.94	-1	1.07572	3
1789757101	XAUUSD	M15	4382.17	4380.92	4383.87	4379.74	1	0.68293	0
1789758001	XAUUSD	M15	4384.31	4382.19	4386.07	4379.51	1	0.50193	0
1789758901	XAUUSD	M15	4380.55	4384.37	4384.93	4379.02	-1	0.15001	3
1789759801	XAUUSD	M15	4381.45	4380.59	4382.35	4379.57	1	0.76236	0
1789760701	XAUUSD	M15	4376.88	4381.44	4383.21	4374.90	-1	0.00460	3
1789761601	XAUUSD	M15	4381.57	4376.70	4383.35	4375.53	1	0.06733	0
1789762501	XAUUSD	M15	4381.08	4381.57	4383.26	4379.17	-1	0.84217	3
1789763401	XAUUSD	M15	4380.93	4381.08	4383.00	4379.35	-1	0.90872	3
1789764301	XAUUSD	M15	4377.99	4380.89	4380.89	4376.37	-1	0.33584	3
