z-score_timestamp	z-score_symbol	z-score_timeframe	z-score_close	z-score_open	z-score_high	z-score_low	body_direction	body_size	body_classification
1789611601	XAUUSD	M5	4290.31	4292.33	4292.99	4290.12	-1	0.19905	3
1789611901	XAUUSD	M5	4291.77	4290.34	4292.26	4289.87	1	0.35834	0
1789612201	XAUUSD	M5	4285.83	4291.78	4292.57	4284.82	-1	0.87541	3
1789612501	XAUUSD	M5	4283.53	4285.88	4286.61	4282.97	-1	0.10689	3
1789612801	XAUUSD	M5	4288.54	4283.56	4290.77	4281.52	1	0.60906	0
1789613101	XAUUSD	M5	4283.53	4288.53	4289.58	4282.56	-1	0.61923	3
1789613401	XAUUSD	M5	4276.10	4283.44	4283.94	4274.76	-1	1.25501	3
1789613701	XAUUSD	M5	4277.27	4275.83	4280.81	4274.01	1	0.35675	0
1789614001	XAUUSD	M5	4282.67	4277.22	4282.96	4277.10	1	0.73689	0
1789614301	XAUUSD	M5	4285.11	4282.68	4286.64	4281.16	1	0.08495	0
1789614601	XAUUSD	M5	4285.20	4284.91	4285.81	4282.23	1	0.66964	0
1789614901	XAUUSD	M5	4286.57	4285.13	4287.05	4283.46	1	0.35560	0
1789615201	XAUUSD	M5	4285.90	4286.53	4286.61	4283.21	-1	0.57466	3
1789615501	XAUUSD	M5	4286.06	4285.97	4286.97	4285.12	1	0.71924	0
1789615801	XAUUSD	M5	4290.27	4285.97	4292.28	4285.79	1	0.43032	0
1789616101	XAUUSD	M5	4292.36	4290.27	4293.34	4289.90	1	0.17566	0
1789616401	XAUUSD	M5	4295.89	4292.36	4296.26	4291.72	1	0.21832	0
1789616701	XAUUSD	M5	4295.68	4295.89	4296.71	4293.76	-1	0.68732	3
1789617001	XAUUSD	M5	4296.45	4295.71	4296.81	4294.27	1	0.54230	0
1789617301	XAUUSD	M5	4296.06	4296.44	4297.43	4295.66	-1	0.64061	3
1789617601	XAUUSD	M5	4294.14	4296.04	4296.04	4293.78	-1	0.22587	3
1789617901	XAUUSD	M5	4296.31	4294.16	4296.54	4293.26	1	0.15692	0
1789618201	XAUUSD	M5	4293.78	4296.31	4296.31	4292.95	-1	0.05237	3
1789618501	XAUUSD	M5	4293.29	4293.78	4294.29	4292.78	-1	0.61084	3
1789618801	XAUUSD	M5	4293.70	4293.25	4295.77	4292.15	1	0.61871	0
1789619101	XAUUSD	M5	4291.35	4293.71	4294.15	4291.13	-1	0.09421	3
1789619401	XAUUSD	M5	4291.37	4291.34	4293.24	4290.42	1	0.73181	0
1789619701	XAUUSD	M5	4295.10	4291.37	4296.54	4291.37	1	0.28306	0
1789620001	XAUUSD	M5	4295.34	4295.09	4296.27	4293.10	1	0.67064	0
1789620301	XAUUSD	M5	4297.19	4295.28	4298.90	4295.27	1	0.21690	0
1789620601	XAUUSD	M5	4297.44	4297.20	4298.85	4295.61	1	0.67364	0
1789620901	XAUUSD	M5	4297.42	4297.48	4298.66	4295.85	-1	0.72074	3
1789621201	XAUUSD	M5	4297.97	4297.45	4299.10	4296.73	1	0.59158	0
1789621501	XAUUSD	M5	4297.31	4297.97	4298.16	4296.74	-1	0.55346	3
1789621801	XAUUSD	M5	4294.17	4297.30	4297.45	4294.11	-1	0.12341	3
1789622101	XAUUSD	M5	4288.26	4294.13	4294.14	4288.26	-1	0.87080	3
1789622401	XAUUSD	M5	4286.89	4288.33	4288.34	4285.47	-1	0.34299	3
1789622701	XAUUSD	M5	4286.48	4286.89	4288.13	4286.48	-1	0.62426	3
1789623001	XAUUSD	M5	4294.78	4286.41	4296.81	4286.41	1	1.54714	1
1789623301	XAUUSD	M5	4296.91	4294.84	4297.19	4292.56	1	0.17345	0
1789623601	XAUUSD	M5	4297.05	4297.10	4298.10	4294.45	-1	0.72527	3
1789623901	XAUUSD	M5	4297.74	4297.04	4299.37	4296.01	1	0.54740	0
1789624201	XAUUSD	M5	4303.37	4297.72	4303.59	4297.72	1	0.80257	0
1789624501	XAUUSD	M5	4304.51	4303.39	4305.34	4302.46	1	0.43414	0
1789624801	XAUUSD	M5	4306.43	4304.52	4308.75	4304.37	1	0.21850	0
1789625101	XAUUSD	M5	4310.13	4306.32	4310.71	4305.89	1	0.29821	0
1789625401	XAUUSD	M5	4312.07	4310.16	4312.36	4308.82	1	0.21905	0
1789625701	XAUUSD	M5	4307.47	4312.07	4312.27	4304.82	-1	0.51398	3
1789626001	XAUUSD	M5	4307.40	4307.47	4308.64	4305.69	-1	0.71908	3
1789626301	XAUUSD	M5	4312.20	4307.41	4313.02	4307.08	1	0.56903	0
1789626601	XAUUSD	M5	4312.80	4312.19	4315.21	4311.22	1	0.57239	0
1789626901	XAUUSD	M5	4306.35	4312.80	4312.90	4305.78	-1	1.01991	3
1789627201	XAUUSD	M5	4309.47	4306.37	4309.83	4306.19	1	0.10445	0
1789627501	XAUUSD	M5	4310.29	4309.47	4311.98	4307.26	1	0.51772	0
1789627801	XAUUSD	M5	4310.03	4310.29	4311.03	4306.74	-1	0.66900	3
1789628101	XAUUSD	M5	4310.72	4309.98	4311.35	4308.59	1	0.53694	0
1789628401	XAUUSD	M5	4311.72	4310.88	4313.49	4309.30	1	0.50748	0
1789628701	XAUUSD	M5	4314.88	4311.68	4315.88	4311.61	1	0.13501	0
1789629001	XAUUSD	M5	4322.92	4314.95	4323.46	4314.95	1	1.42945	0
1789629301	XAUUSD	M5	4323.96	4322.89	4329.50	4322.89	1	0.44848	0
1789629601	XAUUSD	M5	4324.91	4323.96	4325.39	4319.32	1	0.47978	0
1789629901	XAUUSD	M5	4329.30	4324.90	4329.86	4324.19	1	0.45633	0
1789630201	XAUUSD	M5	4332.69	4329.29	4334.73	4329.29	1	0.18457	0
1789630501	XAUUSD	M5	4334.35	4332.74	4334.38	4329.79	1	0.30269	0
1789630801	XAUUSD	M5	4331.42	4334.35	4335.02	4329.39	-1	0.05629	3
1789631101	XAUUSD	M5	4332.26	4331.42	4335.30	4329.88	1	0.51194	0
1789631401	XAUUSD	M5	4327.66	4332.27	4332.28	4327.51	-1	0.51144	3
1789631701	XAUUSD	M5	4327.19	4327.65	4328.11	4323.84	-1	0.61833	3
1789632001	XAUUSD	M5	4327.22	4327.21	4328.20	4325.76	1	0.74053	0
1789632301	XAUUSD	M5	4326.49	4327.23	4327.91	4326.06	-1	0.54128	3
1789632601	XAUUSD	M5	4320.36	4326.41	4327.07	4317.90	-1	0.90326	3
1789632901	XAUUSD	M5	4316.78	4320.29	4321.96	4316.06	-1	0.21185	3
1789633201	XAUUSD	M5	4316.13	4316.64	4317.78	4314.58	-1	0.60431	3
1789633501	XAUUSD	M5	4316.05	4316.15	4317.19	4314.90	-1	0.71593	3
1789633801	XAUUSD	M5	4317.55	4316.00	4317.58	4312.06	1	0.32122	0
1789634101	XAUUSD	M5	4318.96	4317.56	4319.52	4316.32	1	0.36284	0
1789634401	XAUUSD	M5	4313.93	4318.92	4319.27	4313.59	-1	0.61168	3
1789634701	XAUUSD	M5	4311.75	4313.79	4313.79	4310.17	-1	0.19085	3
1789635001	XAUUSD	M5	4313.00	4311.77	4313.96	4310.65	1	0.41085	0
1789635301	XAUUSD	M5	4311.57	4313.01	4313.36	4310.61	-1	0.35469	3
1789635601	XAUUSD	M5	4314.67	4311.60	4315.52	4311.59	1	0.08940	0
1789635901	XAUUSD	M5	4316.61	4314.68	4317.01	4314.33	1	0.22165	0
1789636201	XAUUSD	M5	4315.91	4316.63	4319.31	4315.47	-1	0.54893	3
1789636501	XAUUSD	M5	4311.83	4315.82	4316.50	4311.54	-1	0.33882	3
1789636801	XAUUSD	M5	4311.44	4311.79	4313.22	4310.45	-1	0.65179	3
1789637101	XAUUSD	M5	4306.59	4311.45	4312.25	4305.98	-1	0.57320	3
1789637401	XAUUSD	M5	4307.66	4306.53	4308.88	4305.16	1	0.44219	0
1789637701	XAUUSD	M5	4308.96	4307.70	4309.76	4306.66	1	0.40742	0
1789638001	XAUUSD	M5	4309.20	4308.96	4311.07	4308.47	1	0.68363	0
1789638301	XAUUSD	M5	4309.52	4309.17	4309.79	4306.65	1	0.65223	0
1789638601	XAUUSD	M5	4310.87	4309.52	4311.27	4309.06	1	0.37952	0
1789638901	XAUUSD	M5	4306.21	4310.87	4311.01	4305.60	-1	0.51876	3
1789639201	XAUUSD	M5	4307.67	4306.21	4308.72	4305.21	1	0.35180	0
1789639501	XAUUSD	M5	4309.04	4307.66	4311.43	4307.40	1	0.37370	0
1789639801	XAUUSD	M5	4310.19	4309.01	4313.76	4309.01	1	0.42784	0
1789640101	XAUUSD	M5	4306.66	4310.27	4310.77	4306.66	-1	0.23113	3
1789640401	XAUUSD	M5	4313.11	4306.71	4313.24	4306.71	1	0.98618	0
1789640701	XAUUSD	M5	4313.68	4313.27	4315.55	4312.72	1	0.64231	0
1789641001	XAUUSD	M5	4314.59	4313.46	4315.18	4312.15	1	0.44611	0
1789641301	XAUUSD	M5	4316.75	4314.60	4318.49	4314.60	1	0.17027	0
1789641601	XAUUSD	M5	4316.46	4316.75	4317.54	4314.63	-1	0.67627	3
1789641901	XAUUSD	M5	4318.54	4316.42	4318.62	4316.19	1	0.17967	0
1789642201	XAUUSD	M5	4321.71	4318.65	4323.61	4318.47	1	0.07437	0
1789642501	XAUUSD	M5	4324.30	4321.65	4325.08	4321.32	1	0.03824	0
1789642801	XAUUSD	M5	4330.39	4324.29	4330.72	4323.89	1	0.89758	0
1789643101	XAUUSD	M5	4336.09	4330.34	4336.85	4329.05	1	0.79868	0
1789643401	XAUUSD	M5	4332.02	4336.10	4339.91	4330.57	-1	0.34317	3
1789643701	XAUUSD	M5	4327.12	4332.03	4334.56	4327.12	-1	0.56640	3
1789644001	XAUUSD	M5	4328.82	4326.90	4333.25	4326.89	1	0.24692	0
1789644301	XAUUSD	M5	4328.45	4328.82	4329.27	4326.63	-1	0.66604	3
1789644601	XAUUSD	M5	4326.18	4328.45	4328.75	4325.50	-1	0.14995	3
1789644901	XAUUSD	M5	4325.84	4326.22	4327.44	4324.05	-1	0.66415	3
1789645201	XAUUSD	M5	4324.96	4325.84	4327.16	4323.43	-1	0.52655	3
1789645501	XAUUSD	M5	4332.67	4324.96	4332.87	4324.52	1	1.32438	0
1789645801	XAUUSD	M5	4340.75	4332.19	4341.75	4331.44	1	1.54656	1
1789646101	XAUUSD	M5	4350.10	4340.60	4352.94	4340.01	1	1.79131	1
1789646401	XAUUSD	M5	4345.64	4349.87	4353.65	4343.75	-1	0.36874	3
1789646701	XAUUSD	M5	4353.36	4345.71	4354.25	4345.03	1	1.28536	0
1789647001	XAUUSD	M5	4354.67	4353.11	4355.31	4351.16	1	0.35643	0
1789647301	XAUUSD	M5	4365.59	4354.66	4366.28	4353.43	1	2.15201	1
1789647601	XAUUSD	M5	4368.66	4365.61	4374.43	4363.47	1	0.03805	0
1789647901	XAUUSD	M5	4381.09	4368.69	4381.24	4368.07	1	2.52080	2
1789648201	XAUUSD	M5	4370.39	4380.98	4380.98	4368.30	-1	2.02410	4
1789648501	XAUUSD	M5	4369.57	4370.17	4371.54	4363.81	-1	0.62290	3
1789648801	XAUUSD	M5	4360.63	4369.61	4370.28	4360.51	-1	1.58852	4
1789649101	XAUUSD	M5	4366.46	4360.65	4367.30	4359.13	1	0.74726	0
1789649401	XAUUSD	M5	4374.33	4366.44	4374.85	4366.44	1	1.29056	0
1789649701	XAUUSD	M5	4373.34	4373.97	4374.04	4370.51	-1	0.62597	3
1789650001	XAUUSD	M5	4366.19	4373.34	4374.19	4365.35	-1	1.09098	3
1789650301	XAUUSD	M5	4366.13	4366.16	4371.70	4364.11	-1	0.78520	3
1789650601	XAUUSD	M5	4366.23	4366.10	4366.44	4360.28	1	0.75808	0
1789650901	XAUUSD	M5	4372.49	4366.35	4375.10	4365.88	1	0.82265	0
1789651201	XAUUSD	M5	4366.84	4372.55	4375.02	4366.30	-1	0.70620	3
1789651501	XAUUSD	M5	4366.94	4366.88	4368.48	4365.10	1	0.78005	0
1789651801	XAUUSD	M5	4371.88	4367.05	4371.88	4363.26	1	0.47352	0
1789652101	XAUUSD	M5	4361.51	4371.76	4374.10	4361.43	-1	1.88647	4
1789652401	XAUUSD	M5	4358.10	4361.45	4362.82	4356.34	-1	0.07737	3
1789652701	XAUUSD	M5	4367.54	4358.30	4368.86	4355.49	1	1.61189	1
1789653001	XAUUSD	M5	4366.48	4367.45	4371.67	4366.21	-1	0.54786	3
1789653301	XAUUSD	M5	4366.75	4366.50	4369.86	4364.66	1	0.73573	0
1789653601	XAUUSD	M5	4369.45	4366.86	4370.13	4364.68	1	0.12414	0
1789653901	XAUUSD	M5	4377.16	4369.33	4379.91	4367.25	1	1.23970	0
1789654201	XAUUSD	M5	4371.77	4377.21	4379.79	4368.45	-1	0.61651	3
1789654501	XAUUSD	M5	4368.88	4371.76	4372.23	4366.11	-1	0.05332	3
1789654801	XAUUSD	M5	4369.72	4368.99	4370.55	4365.65	1	0.61324	0
1789655101	XAUUSD	M5	4366.62	4369.70	4372.84	4366.42	-1	0.00151	3
1789655401	XAUUSD	M5	4366.96	4366.82	4367.77	4361.97	1	0.76851	0
1789655701	XAUUSD	M5	4361.15	4366.95	4367.89	4361.13	-1	0.70732	3
1789656001	XAUUSD	M5	4361.10	4361.27	4364.18	4359.45	-1	0.76016	3
1789656301	XAUUSD	M5	4361.43	4361.10	4364.71	4358.17	1	0.71819	0
1789656601	XAUUSD	M5	4357.15	4361.38	4362.10	4355.60	-1	0.29782	3
1789656901	XAUUSD	M5	4354.09	4357.11	4357.44	4352.28	-1	0.01782	3
1789657201	XAUUSD	M5	4355.88	4354.08	4357.55	4351.41	1	0.33405	0
1789657501	XAUUSD	M5	4356.42	4355.95	4359.19	4355.62	1	0.68031	0
1789657801	XAUUSD	M5	4361.91	4356.44	4362.23	4353.40	1	0.62175	0
1789658101	XAUUSD	M5	4363.21	4361.95	4364.48	4360.17	1	0.47599	0
1789658401	XAUUSD	M5	4359.58	4363.18	4363.28	4358.87	-1	0.13421	3
1789658701	XAUUSD	M5	4358.16	4359.58	4362.87	4356.39	-1	0.43288	3
1789659001	XAUUSD	M5	4358.86	4358.45	4359.42	4355.61	1	0.69288	0
1789659301	XAUUSD	M5	4362.56	4358.89	4363.46	4358.00	1	0.15937	0
1789659601	XAUUSD	M5	4365.77	4362.51	4367.14	4362.20	1	0.05014	0
1789659901	XAUUSD	M5	4365.55	4365.73	4367.64	4363.41	-1	0.75438	3
1789660201	XAUUSD	M5	4366.49	4365.34	4367.41	4364.17	1	0.50014	0
1789660501	XAUUSD	M5	4369.99	4366.48	4370.04	4365.30	1	0.11894	0
1789660801	XAUUSD	M5	4369.77	4369.99	4372.44	4368.86	-1	0.73962	3
1789661101	XAUUSD	M5	4369.69	4369.77	4371.44	4367.52	-1	0.77532	3
1789661401	XAUUSD	M5	4368.04	4369.69	4370.54	4367.17	-1	0.36024	3
1789661701	XAUUSD	M5	4367.17	4368.09	4368.88	4365.93	-1	0.55203	3
1789662001	XAUUSD	M5	4367.63	4367.24	4368.40	4366.05	1	0.69109	0
1789662301	XAUUSD	M5	4367.76	4367.62	4368.17	4363.75	1	0.75372	0
1789662601	XAUUSD	M5	4358.70	4367.53	4367.57	4357.72	-1	1.52204	4
1789662901	XAUUSD	M5	4360.10	4358.72	4360.79	4357.89	1	0.43014	0
1789663201	XAUUSD	M5	4359.97	4360.11	4360.47	4357.57	-1	0.75482	3
1789663501	XAUUSD	M5	4358.04	4360.13	4361.63	4357.93	-1	0.24301	3
1789663801	XAUUSD	M5	4360.37	4357.97	4360.96	4356.17	1	0.16135	0
1789664101	XAUUSD	M5	4362.37	4360.37	4362.37	4356.04	1	0.26729	0
1789664401	XAUUSD	M5	4362.42	4362.45	4364.68	4358.39	-1	0.78309	3
1789664701	XAUUSD	M5	4363.84	4362.42	4365.83	4362.14	1	0.41890	0
1789665001	XAUUSD	M5	4361.92	4363.77	4364.00	4360.77	-1	0.30722	3
1789665301	XAUUSD	M5	4360.33	4361.93	4363.15	4359.43	-1	0.37180	3
1789665601	XAUUSD	M5	4360.01	4360.33	4361.88	4357.93	-1	0.70535	3
1789665901	XAUUSD	M5	4360.55	4359.99	4362.53	4359.16	1	0.64216	0
1789666201	XAUUSD	M5	4362.22	4360.57	4362.25	4360.35	1	0.35747	0
1789666501	XAUUSD	M5	4358.17	4362.22	4363.77	4357.91	-1	0.26953	3
1789666801	XAUUSD	M5	4360.49	4358.06	4361.01	4358.06	1	0.15476	0
1789667101	XAUUSD	M5	4359.51	4360.49	4361.05	4358.68	-1	0.53427	3
1789667401	XAUUSD	M5	4360.45	4359.51	4361.58	4359.28	1	0.54531	0
1789667701	XAUUSD	M5	4361.29	4360.45	4361.70	4360.15	1	0.57185	0
1789668001	XAUUSD	M5	4363.31	4361.29	4363.31	4360.21	1	0.26315	0
1789668301	XAUUSD	M5	4362.15	4363.33	4364.72	4360.80	-1	0.48391	3
1789668601	XAUUSD	M5	4364.71	4362.15	4365.42	4361.47	1	0.12228	0
1789668901	XAUUSD	M5	4360.97	4364.65	4365.59	4360.43	-1	0.17187	3
1789669201	XAUUSD	M5	4357.74	4360.86	4361.27	4357.21	-1	0.02441	3
1789669501	XAUUSD	M5	4356.32	4357.75	4359.08	4355.98	-1	0.41901	3
1789669801	XAUUSD	M5	4349.64	4356.28	4356.45	4349.47	-1	0.94505	3
1789670101	XAUUSD	M5	4351.60	4349.64	4351.84	4348.52	1	0.28272	0
1789670401	XAUUSD	M5	4352.17	4351.53	4353.00	4350.76	1	0.62658	0
1789670701	XAUUSD	M5	4352.16	4352.19	4352.65	4350.33	-1	0.78365	3
1789671001	XAUUSD	M5	4350.82	4352.07	4352.24	4349.32	-1	0.46445	3
1789671301	XAUUSD	M5	4351.65	4350.74	4351.86	4350.12	1	0.55190	0
1789671601	XAUUSD	M5	4354.23	4351.56	4355.32	4351.42	1	0.08997	0
1789671901	XAUUSD	M5	4354.70	4354.23	4356.04	4353.78	1	0.66506	0
1789672201	XAUUSD	M5	4354.64	4354.71	4355.73	4353.57	-1	0.76857	3
1789672501	XAUUSD	M5	4352.05	4354.73	4354.73	4349.00	-1	0.08635	3
1789672801	XAUUSD	M5	4347.54	4352.05	4352.09	4347.40	-1	0.39054	3
1789673101	XAUUSD	M5	4343.35	4347.53	4349.74	4343.33	-1	0.30232	3
1789673401	XAUUSD	M5	4343.95	4343.35	4346.80	4342.77	1	0.63399	0
1789673701	XAUUSD	M5	4344.36	4343.85	4344.89	4342.96	1	0.65724	0
1789674001	XAUUSD	M5	4345.25	4344.35	4345.65	4344.28	1	0.55411	0
1789674301	XAUUSD	M5	4345.31	4345.26	4347.50	4344.20	1	0.77653	0
1789674601	XAUUSD	M5	4347.85	4345.31	4349.37	4344.88	1	0.12652	0
1789674901	XAUUSD	M5	4346.22	4347.91	4349.07	4345.96	-1	0.34723	3
1789675201	XAUUSD	M5	4344.36	4346.35	4346.93	4344.12	-1	0.26880	3
1789675501	XAUUSD	M5	4345.09	4344.36	4345.96	4343.24	1	0.59836	0
1789675801	XAUUSD	M5	4343.06	4345.03	4345.04	4342.52	-1	0.27364	3
1789676101	XAUUSD	M5	4343.28	4343.05	4344.79	4342.36	1	0.72746	0
1789676401	XAUUSD	M5	4344.04	4343.28	4344.95	4342.90	1	0.58831	0
1789676701	XAUUSD	M5	4342.17	4344.05	4345.42	4342.17	-1	0.29581	3
1789677001	XAUUSD	M5	4341.34	4342.21	4342.82	4341.18	-1	0.56076	3
1789677301	XAUUSD	M5	4342.15	4341.34	4342.36	4340.64	1	0.57524	0
1789677601	XAUUSD	M5	4341.37	4342.05	4343.64	4341.09	-1	0.60828	3
1789677901	XAUUSD	M5	4342.09	4340.97	4342.38	4340.64	1	0.49245	0
1789678201	XAUUSD	M5	4341.80	4342.09	4342.43	4340.60	-1	0.70653	3
1789678501	XAUUSD	M5	4341.70	4341.57	4342.45	4340.99	1	0.74837	0
1789682401	XAUUSD	M5	4342.97	4343.25	4345.38	4342.62	-1	0.70689	3
1789682701	XAUUSD	M5	4342.68	4343.02	4343.20	4341.88	-1	0.69068	3
1789683001	XAUUSD	M5	4344.46	4342.68	4344.97	4341.89	1	0.31410	0
1789683301	XAUUSD	M5	4341.96	4344.48	4345.03	4341.94	-1	0.11943	3
1789683601	XAUUSD	M5	4342.75	4341.96	4343.66	4341.75	1	0.57023	0
1789683901	XAUUSD	M5	4344.92	4342.77	4344.93	4341.77	1	0.21609	0
1789684201	XAUUSD	M5	4347.11	4344.87	4348.15	4344.74	1	0.19068	0
1789684501	XAUUSD	M5	4348.82	4347.15	4349.48	4346.99	1	0.33844	0
1789684801	XAUUSD	M5	4344.46	4348.79	4348.90	4344.29	-1	0.35610	3
1789685101	XAUUSD	M5	4342.43	4344.25	4345.22	4341.83	-1	0.30006	3
1789685401	XAUUSD	M5	4344.86	4342.43	4344.88	4341.55	1	0.14089	0
1789685701	XAUUSD	M5	4344.45	4344.86	4346.16	4341.96	-1	0.66810	3
1789686001	XAUUSD	M5	4343.77	4344.45	4344.59	4341.87	-1	0.59784	3
1789686301	XAUUSD	M5	4344.39	4343.76	4344.86	4339.75	1	0.61076	0
1789686601	XAUUSD	M5	4345.04	4344.40	4346.40	4343.92	1	0.60815	0
1789686901	XAUUSD	M5	4344.75	4345.04	4345.46	4341.66	-1	0.69838	3
1789687201	XAUUSD	M5	4346.35	4344.75	4347.51	4344.44	1	0.35575	0
1789687501	XAUUSD	M5	4344.24	4346.35	4347.40	4342.23	-1	0.22271	3
1789687801	XAUUSD	M5	4344.76	4344.23	4345.01	4343.82	1	0.63290	0
1789688101	XAUUSD	M5	4343.77	4344.76	4344.81	4343.57	-1	0.51292	3
1789688401	XAUUSD	M5	4344.33	4343.81	4344.66	4343.30	1	0.63587	0
1789688701	XAUUSD	M5	4344.99	4344.33	4345.87	4343.56	1	0.59950	0
1789689001	XAUUSD	M5	4347.57	4344.99	4347.85	4344.68	1	0.09943	0
1789689301	XAUUSD	M5	4346.35	4347.57	4348.14	4345.54	-1	0.45372	3
1789689601	XAUUSD	M5	4344.93	4346.12	4346.35	4342.18	-1	0.46193	3
1789689901	XAUUSD	M5	4346.95	4344.91	4346.95	4343.67	1	0.23757	0
1789690201	XAUUSD	M5	4354.38	4346.96	4354.92	4346.69	1	1.16395	0
1789690501	XAUUSD	M5	4352.98	4354.08	4355.28	4352.71	-1	0.48642	3
1789690801	XAUUSD	M5	4355.86	4352.94	4357.31	4350.84	1	0.01256	0
1789691101	XAUUSD	M5	4353.45	4355.93	4355.93	4351.13	-1	0.12555	3
1789691401	XAUUSD	M5	4358.23	4353.43	4360.03	4353.09	1	0.47822	0
1789691701	XAUUSD	M5	4358.46	4358.23	4360.13	4357.78	1	0.71684	0
1789692001	XAUUSD	M5	4358.76	4358.46	4359.46	4357.49	1	0.69762	0
1789692301	XAUUSD	M5	4353.61	4358.72	4359.29	4352.74	-1	0.55689	3
1789692601	XAUUSD	M5	4353.71	4353.58	4355.45	4352.43	1	0.74306	0
1789692901	XAUUSD	M5	4356.44	4353.70	4357.33	4352.89	1	0.06006	0
1789693201	XAUUSD	M5	4362.42	4356.63	4363.94	4356.63	1	0.73371	0
1789693501	XAUUSD	M5	4361.40	4362.39	4365.57	4361.36	-1	0.52092	3
1789693801	XAUUSD	M5	4358.20	4361.40	4362.01	4357.34	-1	0.05624	3
1789694101	XAUUSD	M5	4360.62	4358.14	4362.15	4354.86	1	0.13308	0
1789694401	XAUUSD	M5	4362.24	4360.48	4364.57	4360.48	1	0.32187	0
1789694701	XAUUSD	M5	4359.84	4362.25	4363.23	4358.64	-1	0.15218	3
1789695001	XAUUSD	M5	4351.96	4359.92	4360.03	4351.88	-1	1.29283	3
1789695301	XAUUSD	M5	4350.60	4351.94	4354.92	4350.38	-1	0.43698	3
1789695601	XAUUSD	M5	4347.39	4350.55	4350.83	4347.34	-1	0.03729	3
1789695901	XAUUSD	M5	4348.25	4347.37	4350.40	4345.77	1	0.55733	0
1789696201	XAUUSD	M5	4349.17	4348.23	4350.29	4343.99	1	0.54236	0
1789696501	XAUUSD	M5	4348.36	4349.21	4350.18	4348.20	-1	0.56314	3
1789696801	XAUUSD	M5	4348.64	4348.29	4349.08	4345.93	1	0.69295	0
1789697101	XAUUSD	M5	4349.38	4348.47	4351.80	4348.27	1	0.54419	0
1789697401	XAUUSD	M5	4350.45	4349.25	4351.50	4347.00	1	0.46640	0
1789697701	XAUUSD	M5	4348.94	4350.40	4352.93	4348.85	-1	0.39876	3
1789698001	XAUUSD	M5	4352.10	4348.93	4352.50	4348.20	1	0.04833	0
1789698301	XAUUSD	M5	4352.99	4352.10	4353.77	4352.10	1	0.54745	0
1789698601	XAUUSD	M5	4355.92	4352.99	4356.51	4351.60	1	0.01516	0
1789698901	XAUUSD	M5	4352.15	4355.92	4356.52	4350.56	-1	0.20347	3
1789699201	XAUUSD	M5	4351.67	4352.15	4353.34	4350.34	-1	0.65657	3
1789699501	XAUUSD	M5	4354.47	4351.71	4355.78	4350.30	1	0.06096	0
1789699801	XAUUSD	M5	4348.81	4354.47	4355.45	4348.78	-1	0.69402	3
1789700101	XAUUSD	M5	4346.86	4348.83	4348.83	4343.32	-1	0.26974	3
1789700401	XAUUSD	M5	4349.06	4346.82	4349.57	4344.74	1	0.19994	0
1789700701	XAUUSD	M5	4345.67	4349.08	4351.88	4345.54	-1	0.10491	3
1789701001	XAUUSD	M5	4344.81	4345.69	4348.11	4344.37	-1	0.55295	3
1789701301	XAUUSD	M5	4337.46	4344.81	4344.92	4337.07	-1	1.13668	3
1789701601	XAUUSD	M5	4336.10	4337.46	4340.90	4334.68	-1	0.43032	3
1789701901	XAUUSD	M5	4340.96	4336.10	4341.12	4334.45	1	0.48326	0
1789702201	XAUUSD	M5	4350.36	4340.90	4350.37	4340.65	1	1.67702	1
1789702501	XAUUSD	M5	4352.73	4350.67	4353.46	4349.67	1	0.25128	0
1789702801	XAUUSD	M5	4357.51	4352.73	4358.90	4351.89	1	0.45803	0
1789703101	XAUUSD	M5	4358.73	4357.46	4360.78	4357.39	1	0.45634	0
1789703401	XAUUSD	M5	4358.62	4358.73	4359.46	4357.01	-1	0.75578	3
1789703701	XAUUSD	M5	4359.31	4358.63	4360.67	4357.75	1	0.60779	0
1789704001	XAUUSD	M5	4360.89	4359.15	4361.48	4357.70	1	0.32785	0
1789704301	XAUUSD	M5	4359.64	4360.89	4361.22	4359.25	-1	0.45623	3
1789704601	XAUUSD	M5	4356.96	4359.64	4360.23	4356.96	-1	0.07787	3
1789704901	XAUUSD	M5	4353.57	4356.96	4357.29	4353.54	-1	0.11125	3
1789705201	XAUUSD	M5	4355.60	4353.51	4356.47	4352.81	1	0.23187	0
1789705501	XAUUSD	M5	4357.91	4355.60	4357.97	4355.29	1	0.17232	0
1789705801	XAUUSD	M5	4358.54	4358.11	4361.01	4357.15	1	0.66657	0
1789706101	XAUUSD	M5	4359.77	4358.54	4360.25	4358.28	1	0.45402	0
1789706401	XAUUSD	M5	4364.59	4359.77	4365.50	4359.43	1	0.49080	0
1789706701	XAUUSD	M5	4365.30	4364.57	4366.54	4364.08	1	0.58321	0
1789707001	XAUUSD	M5	4361.57	4365.20	4366.79	4361.19	-1	0.17896	3
1789707301	XAUUSD	M5	4366.99	4361.56	4366.99	4361.19	1	0.65384	0
1789707601	XAUUSD	M5	4366.22	4366.88	4367.31	4364.14	-1	0.59986	3
1789707901	XAUUSD	M5	4368.09	4366.06	4369.18	4364.10	1	0.23662	0
1789708201	XAUUSD	M5	4365.46	4368.09	4368.41	4365.44	-1	0.07765	3
1789708501	XAUUSD	M5	4368.74	4365.46	4369.54	4365.29	1	0.09203	0
1789708801	XAUUSD	M5	4366.76	4368.78	4368.80	4366.04	-1	0.23922	3
1789709101	XAUUSD	M5	4364.66	4366.76	4366.96	4363.85	-1	0.21595	3
1789709401	XAUUSD	M5	4362.79	4365.45	4365.69	4360.39	-1	0.06760	3
1789709701	XAUUSD	M5	4372.28	4362.74	4372.92	4362.74	1	1.73725	1
1789710001	XAUUSD	M5	4377.09	4372.29	4378.20	4370.51	1	0.48841	0
1789710301	XAUUSD	M5	4370.79	4377.10	4377.78	4370.79	-1	0.88238	3
1789710601	XAUUSD	M5	4373.43	4370.79	4374.74	4370.53	1	0.08261	0
1789710901	XAUUSD	M5	4377.38	4373.50	4378.03	4370.96	1	0.24157	0
1789711201	XAUUSD	M5	4382.37	4377.36	4386.98	4377.31	1	0.53836	0
1789711501	XAUUSD	M5	4387.42	4382.33	4388.15	4379.65	1	0.55721	0
1789711801	XAUUSD	M5	4389.04	4387.36	4390.26	4386.40	1	0.33987	0
1789712101	XAUUSD	M5	4384.81	4388.98	4389.04	4381.85	-1	0.31285	3
1789712401	XAUUSD	M5	4391.53	4384.81	4391.77	4384.58	1	0.97946	0
1789712701	XAUUSD	M5	4392.43	4391.53	4393.87	4391.06	1	0.54871	0
1789713001	XAUUSD	M5	4393.17	4392.42	4393.64	4390.83	1	0.58729	0
1789713301	XAUUSD	M5	4394.51	4393.15	4394.56	4391.93	1	0.42773	0
1789713601	XAUUSD	M5	4396.12	4394.56	4396.95	4393.82	1	0.37626	0
1789713901	XAUUSD	M5	4395.31	4396.12	4397.17	4394.89	-1	0.57286	3
1789714201	XAUUSD	M5	4391.20	4395.29	4395.40	4390.56	-1	0.28658	3
1789714501	XAUUSD	M5	4393.43	4391.24	4394.09	4389.73	1	0.21361	0
1789714801	XAUUSD	M5	4391.39	4393.46	4395.50	4390.88	-1	0.24538	3
1789715101	XAUUSD	M5	4393.69	4391.39	4395.68	4391.21	1	0.18537	0
1789715401	XAUUSD	M5	4390.48	4393.69	4394.07	4388.97	-1	0.05215	3
1789715701	XAUUSD	M5	4392.77	4390.51	4393.97	4389.72	1	0.19854	0
1789716001	XAUUSD	M5	4393.40	4392.79	4394.70	4391.76	1	0.63305	0
1789716301	XAUUSD	M5	4395.67	4393.40	4395.87	4392.33	1	0.19607	0
1789716601	XAUUSD	M5	4393.28	4395.69	4397.20	4392.02	-1	0.15942	3
1789716901	XAUUSD	M5	4393.81	4393.28	4397.04	4392.10	1	0.65141	0
1789717201	XAUUSD	M5	4393.72	4393.81	4395.25	4391.30	-1	0.76720	3
1789717501	XAUUSD	M5	4397.32	4393.75	4397.40	4393.69	1	0.14684	0
1789717801	XAUUSD	M5	4397.16	4397.35	4399.56	4395.28	-1	0.74071	3
1789718101	XAUUSD	M5	4393.36	4397.34	4397.72	4392.68	-1	0.26462	3
1789718401	XAUUSD	M5	4397.56	4393.62	4398.25	4392.86	1	0.29029	0
1789718701	XAUUSD	M5	4394.92	4397.79	4398.38	4394.20	-1	0.01188	3
1789719001	XAUUSD	M5	4390.44	4394.88	4395.16	4390.40	-1	0.46001	3
1789719301	XAUUSD	M5	4391.69	4390.46	4392.60	4390.00	1	0.47940	0
1789719601	XAUUSD	M5	4390.00	4391.54	4393.82	4389.57	-1	0.38654	3
1789719901	XAUUSD	M5	4387.88	4390.04	4390.54	4387.76	-1	0.20067	3
1789720201	XAUUSD	M5	4387.75	4387.92	4388.84	4386.16	-1	0.87461	3
1789720501	XAUUSD	M5	4386.72	4387.76	4389.47	4386.02	-1	0.57673	3
1789720801	XAUUSD	M5	4386.82	4386.95	4387.07	4385.20	-1	0.88294	3
1789721101	XAUUSD	M5	4386.84	4386.90	4388.90	4386.36	-1	0.90309	3
1789721401	XAUUSD	M5	4392.03	4386.85	4392.92	4386.85	1	0.95305	0
1789721701	XAUUSD	M5	4392.24	4391.97	4394.24	4391.77	1	0.89034	0
1789722001	XAUUSD	M5	4395.02	4392.35	4395.20	4391.71	1	0.02143	0
1789722301	XAUUSD	M5	4396.18	4395.02	4397.35	4394.32	1	0.57630	0
1789722601	XAUUSD	M5	4394.49	4396.16	4398.14	4394.28	-1	0.36631	3
1789722901	XAUUSD	M5	4393.13	4394.51	4395.34	4392.69	-1	0.48255	3
1789723201	XAUUSD	M5	4391.37	4393.20	4394.88	4391.08	-1	0.29542	3
1789723501	XAUUSD	M5	4387.97	4391.15	4391.17	4385.77	-1	0.25666	3
1789723801	XAUUSD	M5	4385.75	4387.80	4388.76	4385.60	-1	0.20261	3
1789724101	XAUUSD	M5	4381.36	4385.79	4386.21	4381.01	-1	0.78102	3
1789724401	XAUUSD	M5	4376.75	4381.31	4381.72	4376.75	-1	0.83179	3
1789724701	XAUUSD	M5	4374.73	4376.59	4377.03	4373.38	-1	0.28507	3
1789725001	XAUUSD	M5	4378.18	4374.74	4378.18	4374.29	1	0.36971	0
1789725301	XAUUSD	M5	4376.55	4378.15	4378.22	4375.96	-1	0.39499	3
1789725601	XAUUSD	M5	4377.02	4376.55	4379.22	4375.83	1	0.86266	0
1789725901	XAUUSD	M5	4378.96	4376.70	4379.82	4376.17	1	0.11893	0
1789726201	XAUUSD	M5	4379.07	4378.96	4380.03	4378.04	1	1.00767	0
1789726501	XAUUSD	M5	4379.65	4379.09	4379.86	4377.58	1	0.81958	0
1789726801	XAUUSD	M5	4379.96	4379.65	4380.35	4378.08	1	0.91889	0
1789727101	XAUUSD	M5	4381.46	4379.96	4381.46	4378.98	1	0.42671	0
1789727401	XAUUSD	M5	4381.22	4381.44	4381.92	4378.32	-1	0.95633	3
1789727701	XAUUSD	M5	4380.84	4381.22	4382.01	4380.07	-1	0.88641	3
1789728001	XAUUSD	M5	4381.39	4380.82	4381.56	4378.97	1	0.80528	0
1789728301	XAUUSD	M5	4378.86	4381.40	4381.45	4377.43	-1	0.01095	3
1789728601	XAUUSD	M5	4377.51	4378.87	4379.23	4376.28	-1	0.47580	3
1789728901	XAUUSD	M5	4381.79	4377.35	4381.95	4377.12	1	0.79595	0
1789729201	XAUUSD	M5	4385.43	4381.79	4386.81	4381.23	1	0.46616	0
1789729501	XAUUSD	M5	4385.85	4385.51	4386.18	4377.78	1	0.89848	0
1789729801	XAUUSD	M5	4388.22	4385.85	4388.49	4385.49	1	0.05879	0
1789730101	XAUUSD	M5	4381.62	4388.23	4388.49	4381.18	-1	1.68549	4
1789730401	XAUUSD	M5	4381.64	4381.62	4383.65	4381.25	1	1.03203	0
1789730701	XAUUSD	M5	4377.72	4381.63	4383.10	4377.72	-1	0.56918	3
1789731001	XAUUSD	M5	4380.38	4377.85	4381.07	4377.33	1	0.00512	0
1789731301	XAUUSD	M5	4379.43	4380.40	4382.67	4378.37	-1	0.63820	3
1789731601	XAUUSD	M5	4375.88	4379.05	4379.42	4374.70	-1	0.27367	3
1789731901	XAUUSD	M5	4376.35	4375.83	4377.44	4374.44	1	0.82324	0
1789732201	XAUUSD	M5	4373.09	4376.20	4376.37	4372.72	-1	0.25046	3
1789732501	XAUUSD	M5	4381.32	4373.13	4381.83	4372.79	1	2.33623	1
1789732801	XAUUSD	M5	4381.07	4381.54	4382.78	4373.74	-1	0.84496	3
1789733101	XAUUSD	M5	4374.96	4379.82	4381.37	4371.69	-1	0.95945	3
1789733401	XAUUSD	M5	4373.44	4374.95	4375.09	4370.65	-1	0.41974	3
1789733701	XAUUSD	M5	4371.39	4373.54	4376.25	4370.91	-1	0.15303	3
1789734001	XAUUSD	M5	4357.08	4371.28	4371.28	4356.87	-1	4.68380	5
1789734301	XAUUSD	M5	4358.33	4357.15	4360.47	4353.90	1	0.55102	0
1789734601	XAUUSD	M5	4370.75	4358.26	4370.85	4358.26	1	3.91759	2
1789734901	XAUUSD	M5	4368.70	4370.75	4372.98	4368.54	-1	0.21023	3
1789735201	XAUUSD	M5	4369.17	4368.74	4370.71	4366.71	1	0.84843	0
1789735501	XAUUSD	M5	4369.00	4369.37	4370.61	4366.57	-1	0.87235	3
1789735801	XAUUSD	M5	4368.30	4368.67	4370.18	4366.46	-1	0.87104	3
1789736101	XAUUSD	M5	4368.91	4368.66	4369.54	4366.42	1	0.91769	0
1789736401	XAUUSD	M5	4370.75	4368.89	4373.50	4363.91	1	0.28134	0
1789736701	XAUUSD	M5	4372.64	4371.18	4375.63	4370.68	1	0.43559	0
1789737001	XAUUSD	M5	4371.41	4372.67	4373.15	4370.40	-1	0.51157	3
1789737301	XAUUSD	M5	4372.13	4371.62	4374.55	4371.62	1	0.81070	0
1789737601	XAUUSD	M5	4365.30	4372.12	4372.42	4364.81	-1	1.69686	4
1789737901	XAUUSD	M5	4367.15	4365.36	4367.48	4363.07	1	0.30345	0
1789738201	XAUUSD	M5	4358.60	4367.12	4367.63	4358.56	-1	2.35226	4
1789738501	XAUUSD	M5	4359.14	4358.60	4360.32	4353.31	1	0.80090	0
1789738801	XAUUSD	M5	4353.50	4359.12	4359.12	4352.29	-1	1.20082	3
1789739101	XAUUSD	M5	4354.44	4353.49	4358.07	4352.34	1	0.63938	0
1789739401	XAUUSD	M5	4349.84	4354.59	4357.20	4347.78	-1	0.86020	3
1789739701	XAUUSD	M5	4349.44	4349.69	4352.39	4347.38	-1	0.91603	3
1789740001	XAUUSD	M5	4356.02	4349.40	4356.40	4347.74	1	1.66936	1
1789740301	XAUUSD	M5	4352.23	4356.10	4356.54	4350.20	-1	0.54561	3
1789740601	XAUUSD	M5	4351.54	4352.26	4356.04	4351.41	-1	0.74421	3
1789740901	XAUUSD	M5	4348.19	4351.65	4355.07	4347.63	-1	0.38184	3
1789741201	XAUUSD	M5	4352.33	4348.15	4353.05	4343.49	1	0.68322	0
1789741501	XAUUSD	M5	4343.01	4352.34	4353.94	4342.97	-1	2.77648	5
1789741801	XAUUSD	M5	4346.94	4342.90	4347.51	4342.77	1	0.61192	0
1789742101	XAUUSD	M5	4353.19	4346.94	4354.10	4344.26	1	1.50837	1
1789742401	XAUUSD	M5	4353.60	4353.12	4354.81	4350.69	1	0.84388	0
1789742701	XAUUSD	M5	4354.91	4353.56	4355.67	4351.66	1	0.48880	0
1789743001	XAUUSD	M5	4358.16	4354.78	4361.72	4354.45	1	0.34162	0
1789743301	XAUUSD	M5	4353.07	4358.33	4359.99	4352.35	-1	1.10936	3
1789743601	XAUUSD	M5	4353.78	4353.01	4355.60	4352.40	1	0.72327	0
1789743901	XAUUSD	M5	4350.35	4353.85	4356.44	4350.34	-1	0.40362	3
1789744201	XAUUSD	M5	4352.18	4350.32	4352.87	4348.07	1	0.27654	0
1789744501	XAUUSD	M5	4355.50	4352.18	4355.50	4351.73	1	0.32999	0
1789744801	XAUUSD	M5	4354.25	4355.49	4355.49	4351.74	-1	0.53138	3
1789745101	XAUUSD	M5	4356.24	4354.27	4357.03	4353.74	1	0.22940	0
1789745401	XAUUSD	M5	4355.84	4356.31	4357.13	4353.36	-1	0.84718	3
1789745701	XAUUSD	M5	4351.33	4355.87	4357.42	4351.17	-1	0.83963	3
1789746001	XAUUSD	M5	4354.88	4351.34	4356.18	4348.80	1	0.42664	0
1789746301	XAUUSD	M5	4357.10	4354.88	4357.95	4354.36	1	0.11891	0
1789746601	XAUUSD	M5	4353.40	4357.11	4358.09	4352.35	-1	0.50624	3
1789746901	XAUUSD	M5	4356.71	4353.44	4356.98	4353.29	1	0.32078	0
1789747201	XAUUSD	M5	4356.82	4356.75	4357.20	4354.87	1	1.01095	0
1789747501	XAUUSD	M5	4360.12	4356.84	4360.12	4356.77	1	0.32948	0
1789747801	XAUUSD	M5	4361.85	4360.12	4364.92	4359.40	1	0.31978	0
1789748101	XAUUSD	M5	4366.19	4361.64	4366.19	4360.05	1	0.85589	0
1789748401	XAUUSD	M5	4369.29	4366.22	4371.24	4365.99	1	0.23519	0
1789748701	XAUUSD	M5	4377.67	4369.26	4378.37	4367.37	1	2.44589	1
1789749001	XAUUSD	M5	4379.81	4377.67	4383.67	4374.62	1	0.15884	0
1789749301	XAUUSD	M5	4380.32	4379.91	4380.84	4377.21	1	0.87614	0
1789749601	XAUUSD	M5	4378.06	4380.35	4381.01	4377.60	-1	0.09357	3
1789749901	XAUUSD	M5	4378.96	4378.06	4380.88	4376.98	1	0.67244	0
1789750201	XAUUSD	M5	4381.45	4378.97	4381.49	4378.37	1	0.01694	0
1789750501	XAUUSD	M5	4382.85	4381.45	4383.65	4380.83	1	0.46774	0
1789750801	XAUUSD	M5	4384.40	4382.83	4386.52	4381.63	1	0.39658	0
1789751101	XAUUSD	M5	4386.46	4384.40	4387.22	4384.38	1	0.19243	0
1789751401	XAUUSD	M5	4385.46	4386.83	4387.11	4383.39	-1	0.47853	3
1789751701	XAUUSD	M5	4386.07	4385.49	4389.14	4385.45	1	0.80757	0
1789752001	XAUUSD	M5	4383.86	4385.87	4386.20	4383.14	-1	0.21386	3
1789752301	XAUUSD	M5	4386.93	4383.86	4387.57	4383.03	1	0.22714	0
1789752601	XAUUSD	M5	4392.85	4386.92	4392.99	4385.40	1	1.41163	0
1789752901	XAUUSD	M5	4393.56	4392.84	4396.00	4392.20	1	0.75374	0
1789753201	XAUUSD	M5	4393.18	4393.56	4396.60	4392.44	-1	0.89543	3
1789753501	XAUUSD	M5	4395.28	4393.18	4396.22	4392.15	1	0.17989	0
1789753801	XAUUSD	M5	4393.28	4395.28	4396.81	4393.13	-1	0.22343	3
1789754101	XAUUSD	M5	4393.15	4393.27	4394.89	4392.94	-1	1.00667	3
1789754401	XAUUSD	M5	4392.42	4393.10	4393.93	4391.89	-1	0.77363	3
1789754701	XAUUSD	M5	4390.38	4392.42	4394.34	4389.21	-1	0.20848	3
1789755001	XAUUSD	M5	4392.15	4390.38	4393.07	4389.56	1	0.31972	0
1789755301	XAUUSD	M5	4390.59	4392.16	4392.70	4389.18	-1	0.39977	3
1789755601	XAUUSD	M5	4390.01	4390.47	4391.31	4389.40	-1	0.86198	3
1789755901	XAUUSD	M5	4390.64	4389.84	4390.99	4389.73	1	0.72063	0
1789756201	XAUUSD	M5	4387.87	4390.71	4390.81	4387.31	-1	0.13760	3
1789756501	XAUUSD	M5	4385.11	4387.91	4388.33	4385.11	-1	0.12007	3
1789756801	XAUUSD	M5	4380.94	4385.11	4385.19	4380.94	-1	0.69267	3
1789757101	XAUUSD	M5	4383.13	4380.92	4383.78	4380.27	1	0.13371	0
1789757401	XAUUSD	M5	4380.45	4383.13	4383.87	4380.36	-1	0.06724	3
1789757701	XAUUSD	M5	4382.17	4380.44	4382.18	4379.74	1	0.33431	0
1789758001	XAUUSD	M5	4382.11	4382.19	4383.13	4379.51	-1	1.02775	3
1789758301	XAUUSD	M5	4384.66	4382.11	4384.80	4381.78	1	0.01480	0
1789758601	XAUUSD	M5	4384.31	4384.62	4386.07	4383.35	-1	0.92746	3
1789758901	XAUUSD	M5	4381.95	4384.37	4384.93	4381.85	-1	0.03633	3
1789759201	XAUUSD	M5	4382.59	4381.97	4383.48	4381.75	1	0.79636	0
1789759501	XAUUSD	M5	4380.55	4382.59	4382.59	4379.02	-1	0.19474	3
1789759801	XAUUSD	M5	4380.12	4380.59	4382.18	4379.89	-1	0.85762	3
1789760101	XAUUSD	M5	4381.59	4380.10	4382.08	4379.57	1	0.42329	0
1789760401	XAUUSD	M5	4381.45	4381.66	4382.35	4380.99	-1	0.96170	3
1789760701	XAUUSD	M5	4382.16	4381.44	4383.21	4380.71	1	0.74573	0
1789761001	XAUUSD	M5	4377.11	4382.16	4382.36	4376.86	-1	1.08145	3
1789761301	XAUUSD	M5	4376.88	4377.21	4379.00	4374.90	-1	0.91444	3
1789761601	XAUUSD	M5	4377.80	4376.70	4378.75	4375.53	1	0.58918	0
1789761901	XAUUSD	M5	4378.53	4377.67	4378.94	4376.92	1	0.68809	0
1789762201	XAUUSD	M5	4381.57	4378.51	4383.35	4378.51	1	0.24830	0
1789762501	XAUUSD	M5	4379.73	4381.57	4381.86	4379.17	-1	0.27152	3
1789762801	XAUUSD	M5	4382.71	4379.70	4383.26	4379.62	1	0.22441	0
1789763101	XAUUSD	M5	4381.08	4382.63	4383.15	4381.03	-1	0.39455	3
1789763401	XAUUSD	M5	4381.98	4381.08	4383.00	4381.08	1	0.66873	0
1789763701	XAUUSD	M5	4380.04	4381.98	4382.11	4379.87	-1	0.22623	3
1789764001	XAUUSD	M5	4380.93	4380.03	4380.95	4379.35	1	0.66680	0
1789764301	XAUUSD	M5	4377.94	4380.89	4380.89	4376.88	-1	0.20382	3
1789764601	XAUUSD	M5	4378.31	4377.94	4378.40	4376.37	1	0.89079	0
1789764901	XAUUSD	M5	4377.99	4378.17	4378.67	4377.67	-1	0.97119	3
