timestamp	symbol	timeframe	close	kc_ultra_extreme_upper	kc_extreme_upper	kc_uppermost	kc_upper	kc_upper_middle	kc_lower_middle	kc_lower	kc_lowermost	kc_extreme_lower	kc_ultra_extreme_lower
1772024998	XAUUSD	M5	5187.20	5203.56489	5197.97280	5192.38070	5186.78860	5181.19650	5176.73782	5171.14572	5165.55362	5159.96152	5154.36942
1772025298	XAUUSD	M5	5187.00	5204.09695	5198.51837	5192.93979	5187.36121	5181.78263	5177.37256	5171.79398	5166.21540	5160.63682	5155.05824
1772025598	XAUUSD	M5	5191.13	5204.79188	5199.20053	5193.60917	5188.01781	5182.42645	5178.02954	5172.43818	5166.84683	5161.25547	5155.66411
1772025898	XAUUSD	M5	5188.07	5205.45782	5199.86708	5194.27634	5188.68560	5183.09486	5178.70901	5173.11827	5167.52753	5161.93679	5156.34605
1772026198	XAUUSD	M5	5188.16	5205.95404	5200.40083	5194.84762	5189.29441	5183.74120	5179.38252	5173.82931	5168.27610	5162.72289	5157.16968
1772026498	XAUUSD	M5	5189.61	5206.48303	5200.95204	5195.42105	5189.89007	5184.35908	5180.06649	5174.53550	5169.00452	5163.47353	5157.94254
1772026798	XAUUSD	M5	5186.84	5207.21249	5201.65175	5196.09101	5190.53027	5184.96953	5180.59835	5175.03760	5169.47686	5163.91612	5158.35538
1772027098	XAUUSD	M5	5186.59	5207.79051	5202.23211	5196.67372	5191.11532	5185.55693	5181.10548	5175.54709	5169.98869	5164.43030	5158.87190
1772027398	XAUUSD	M5	5186.07	5208.24496	5202.68916	5197.13336	5191.57755	5186.02175	5181.55041	5175.99460	5170.43880	5164.88300	5159.32720
1772027698	XAUUSD	M5	5185.23	5208.61155	5203.06341	5197.51526	5191.96711	5186.41896	5181.95435	5176.40620	5170.85806	5165.30991	5159.76176
1772027998	XAUUSD	M5	5187.18	5208.73922	5203.23718	5197.73514	5192.23310	5186.73107	5182.29567	5176.79363	5171.29160	5165.78956	5160.28752
1772028298	XAUUSD	M5	5189.99	5208.95455	5203.48399	5198.01344	5192.54288	5187.07232	5182.66357	5177.19301	5171.72246	5166.25190	5160.78135
1772028598	XAUUSD	M5	5185.44	5209.23810	5203.78039	5198.32267	5192.86496	5187.40724	5182.96278	5177.50507	5172.04735	5166.58964	5161.13192
1772028898	XAUUSD	M5	5182.68	5209.40378	5203.95786	5198.51193	5193.06600	5187.62008	5183.16524	5177.71931	5172.27338	5166.82746	5161.38153
1772029198	XAUUSD	M5	5181.49	5209.52473	5204.07510	5198.62547	5193.17584	5187.72621	5183.24155	5177.79192	5172.34229	5166.89266	5161.44303
1772029498	XAUUSD	M5	5177.91	5209.43481	5203.99734	5198.55987	5193.12240	5187.68493	5183.09982	5177.66235	5172.22489	5166.78742	5161.34995
1772029798	XAUUSD	M5	5174.14	5209.03988	5203.65617	5198.27247	5192.88877	5187.50506	5182.73984	5177.35614	5171.97244	5166.58873	5161.20503
1772030098	XAUUSD	M5	5159.73	5208.71588	5203.31119	5197.90649	5192.50180	5187.09711	5181.89629	5176.49160	5171.08691	5165.68222	5160.27752
1772030398	XAUUSD	M5	5174.91	5208.27717	5202.84507	5197.41297	5191.98087	5186.54877	5180.75045	5175.31835	5169.88625	5164.45415	5159.02205
1772030698	XAUUSD	M5	5181.79	5207.68121	5202.27485	5196.86850	5191.46214	5186.05578	5179.80037	5174.39401	5168.98765	5163.58129	5158.17494
1772030998	XAUUSD	M5	5188.55	5207.42899	5202.02047	5196.61196	5191.20344	5185.79492	5179.13931	5173.73079	5168.32227	5162.91375	5157.50523
1772031298	XAUUSD	M5	5191.25	5207.33446	5201.95298	5196.57150	5191.19002	5185.80854	5178.89590	5173.51442	5168.13294	5162.75146	5157.36998
1772031598	XAUUSD	M5	5198.64	5207.88306	5202.46732	5197.05158	5191.63584	5186.22010	5179.02082	5173.60508	5168.18934	5162.77360	5157.35786
1772031898	XAUUSD	M5	5195.89	5208.50565	5203.11225	5197.71886	5192.32546	5186.93207	5179.52343	5174.13003	5168.73664	5163.34324	5157.94985
1772032198	XAUUSD	M5	5193.17	5209.20669	5203.82398	5198.44126	5193.05854	5187.67583	5180.14945	5174.76674	5169.38402	5164.00130	5158.61859
1772032498	XAUUSD	M5	5188.97	5209.98045	5204.58847	5199.19650	5193.80452	5188.41255	5180.79779	5175.40582	5170.01384	5164.62187	5159.22989
1772032798	XAUUSD	M5	5185.46	5210.66422	5205.25305	5199.84188	5194.43071	5189.01953	5181.33286	5175.92169	5170.51052	5165.09934	5159.68817
1772033098	XAUUSD	M5	5180.33	5211.15974	5205.72357	5200.28739	5194.85122	5189.41505	5181.52864	5176.09247	5170.65629	5165.22012	5159.78395
1772033398	XAUUSD	M5	5181.68	5211.35895	5205.90593	5200.45290	5194.99988	5189.54685	5181.44202	5175.98900	5170.53597	5165.08295	5159.62992
1772033698	XAUUSD	M5	5187.95	5211.56777	5206.09061	5200.61345	5195.13629	5189.65913	5181.38223	5175.90507	5170.42791	5164.95075	5159.47359
1772033998	XAUUSD	M5	5191.00	5211.75173	5206.27531	5200.79889	5195.32247	5189.84605	5181.48711	5176.01069	5170.53427	5165.05785	5159.58143
1772034298	XAUUSD	M5	5197.90	5212.27736	5206.76181	5201.24625	5195.73069	5190.21514	5181.70197	5176.18641	5170.67086	5165.15530	5159.63975
1772034598	XAUUSD	M5	5195.48	5212.74144	5207.22971	5201.71799	5196.20626	5190.69453	5182.14001	5176.62828	5171.11655	5165.60482	5160.09309
1772034898	XAUUSD	M5	5194.50	5213.29140	5207.77906	5202.26671	5196.75437	5191.24202	5182.74088	5177.22854	5171.71619	5166.20385	5160.69150
1772035198	XAUUSD	M5	5194.37	5213.94455	5208.41721	5202.88986	5197.36251	5191.83517	5183.43695	5177.90961	5172.38226	5166.85492	5161.32757
1772035498	XAUUSD	M5	5191.37	5214.46529	5208.94079	5203.41628	5197.89178	5192.36727	5184.11830	5178.59379	5173.06929	5167.54478	5162.02027
1772035798	XAUUSD	M5	5192.52	5214.98859	5209.45606	5203.92353	5198.39100	5192.85847	5184.75925	5179.22672	5173.69419	5168.16165	5162.62912
1772036098	XAUUSD	M5	5197.05	5215.55009	5210.00170	5204.45330	5198.90491	5193.35651	5185.40821	5179.85982	5174.31142	5168.76303	5163.21463
1772036398	XAUUSD	M5	5205.29	5216.01649	5210.52618	5205.03587	5199.54556	5194.05525	5186.18267	5180.69236	5175.20205	5169.71174	5164.22143
1772036698	XAUUSD	M5	5203.22	5216.77401	5211.30302	5205.83204	5200.36105	5194.89006	5187.13384	5181.66285	5176.19186	5170.72088	5165.24989
1772036998	XAUUSD	M5	5206.56	5217.64591	5212.18801	5206.73011	5201.27221	5195.81430	5188.13918	5182.68128	5177.22337	5171.76547	5166.30757
1772037298	XAUUSD	M5	5203.39	5218.62461	5213.16646	5207.70831	5202.25017	5196.79202	5189.24389	5183.78574	5178.32759	5172.86944	5167.41129
1772037598	XAUUSD	M5	5207.51	5219.64681	5214.18434	5208.72187	5203.25940	5197.79693	5190.41946	5184.95699	5179.49452	5174.03205	5168.56958
1772037898	XAUUSD	M5	5208.18	5220.82450	5215.35808	5209.89166	5204.42524	5198.95882	5191.70311	5186.23669	5180.77027	5175.30385	5169.83743
1772038198	XAUUSD	M5	5211.95	5222.00483	5216.54656	5211.08829	5205.63002	5200.17175	5193.05573	5187.59746	5182.13919	5176.68092	5171.22265
1772038498	XAUUSD	M5	5212.31	5223.11559	5217.68714	5212.25868	5206.83022	5201.40177	5194.49288	5189.06442	5183.63597	5178.20751	5172.77905
1772038798	XAUUSD	M5	5210.09	5224.24289	5218.83561	5213.42833	5208.02104	5202.61376	5195.90747	5190.50018	5185.09290	5179.68562	5174.27833
1772039098	XAUUSD	M5	5214.69	5225.51980	5220.10121	5214.68263	5209.26405	5203.84547	5197.27028	5191.85170	5186.43312	5181.01454	5175.59596
1772039398	XAUUSD	M5	5215.17	5226.75662	5221.35050	5215.94439	5210.53828	5205.13217	5198.72666	5193.32055	5187.91444	5182.50833	5177.10222
1772039698	XAUUSD	M5	5214.53	5227.96371	5222.56513	5217.16655	5211.76797	5206.36939	5200.16395	5194.76537	5189.36679	5183.96821	5178.56963
1772039998	XAUUSD	M5	5213.27	5229.08788	5223.70443	5218.32097	5212.93751	5207.55406	5201.53979	5196.15634	5190.77288	5185.38942	5180.00597
1772040298	XAUUSD	M5	5213.10	5230.14866	5224.78249	5219.41631	5214.05014	5208.68397	5202.86301	5197.49684	5192.13066	5186.76449	5181.39832
1772040598	XAUUSD	M5	5211.85	5231.17387	5225.80813	5220.44239	5215.07665	5209.71091	5204.08944	5198.72370	5193.35796	5187.99222	5182.62648
1772040898	XAUUSD	M5	5213.17	5231.96275	5226.62664	5221.29053	5215.95442	5210.61831	5205.20264	5199.86653	5194.53042	5189.19431	5183.85820
1772041198	XAUUSD	M5	5208.33	5232.69089	5227.37564	5222.06039	5216.74515	5211.42990	5206.15689	5200.84164	5195.52639	5190.21115	5184.89590
1772041498	XAUUSD	M5	5206.71	5233.30217	5227.98513	5222.66809	5217.35106	5212.03402	5206.88212	5201.56508	5196.24805	5190.93101	5185.61397
1772041798	XAUUSD	M5	5206.32	5233.83830	5228.50891	5223.17953	5217.85015	5212.52077	5207.44226	5202.11288	5196.78350	5191.45411	5186.12473
1772042098	XAUUSD	M5	5206.82	5234.19234	5228.85573	5223.51913	5218.18252	5212.84592	5207.83652	5202.49991	5197.16331	5191.82670	5186.49010
1772042398	XAUUSD	M5	5207.40	5234.33374	5229.00893	5223.68411	5218.35930	5213.03448	5208.19094	5202.86612	5197.54131	5192.21649	5186.89168
1772042698	XAUUSD	M5	5207.07	5234.36034	5229.05114	5223.74194	5218.43275	5213.12355	5208.51261	5203.20341	5197.89422	5192.58502	5187.27582
1772042998	XAUUSD	M5	5206.89	5234.32212	5229.02360	5223.72508	5218.42656	5213.12804	5208.79468	5203.49617	5198.19765	5192.89913	5187.60061
1772043298	XAUUSD	M5	5206.80	5234.17300	5228.89874	5223.62448	5218.35022	5213.07596	5209.04060	5203.76634	5198.49208	5193.21782	5187.94356
1772043598	XAUUSD	M5	5206.77	5234.05875	5228.78980	5223.52085	5218.25190	5212.98295	5209.25429	5203.98534	5198.71639	5193.44744	5188.17848
1772043898	XAUUSD	M5	5206.80	5233.85123	5228.60216	5223.35309	5218.10401	5212.85494	5209.43637	5204.18730	5198.93822	5193.68915	5188.44008
1772044198	XAUUSD	M5	5206.80	5233.57972	5228.36213	5223.14454	5217.92694	5212.70935	5209.59307	5204.37548	5199.15789	5193.94029	5188.72270
1772044498	XAUUSD	M5	5206.39	5233.31397	5228.12051	5222.92706	5217.73360	5212.54014	5209.70402	5204.51056	5199.31711	5194.12365	5188.93019
1772044798	XAUUSD	M5	5205.13	5233.09449	5227.90850	5222.72251	5217.53653	5212.35054	5209.75497	5204.56898	5199.38299	5194.19700	5189.01101
1772045098	XAUUSD	M5	5200.95	5232.81923	5227.64380	5222.46837	5217.29294	5212.11751	5209.65254	5204.47710	5199.30167	5194.12624	5188.95081
1772045398	XAUUSD	M5	5202.58	5232.48037	5227.31574	5222.15111	5216.98648	5211.82185	5209.44628	5204.28165	5199.11702	5193.95239	5188.78776
1772045698	XAUUSD	M5	5202.12	5232.00022	5226.86899	5221.73775	5216.60652	5211.47528	5209.17957	5204.04834	5198.91711	5193.78587	5188.65464
1772045998	XAUUSD	M5	5200.91	5231.47863	5226.37844	5221.27826	5216.17807	5211.07789	5208.86588	5203.76569	5198.66551	5193.56532	5188.46514
1772046298	XAUUSD	M5	5194.29	5231.10135	5225.97894	5220.85653	5215.73413	5210.61172	5208.34927	5203.22687	5198.10446	5192.98205	5187.85964
1772046598	XAUUSD	M5	5207.04	5231.00018	5225.81919	5220.63821	5215.45722	5210.27623	5207.63853	5202.45754	5197.27656	5192.09557	5186.91458
1772046898	XAUUSD	M5	5200.55	5230.72786	5225.55107	5220.37428	5215.19749	5210.02070	5207.02881	5201.85202	5196.67523	5191.49844	5186.32165
1772047198	XAUUSD	M5	5197.32	5230.33244	5225.16337	5219.99429	5214.82522	5209.65614	5206.34390	5201.17483	5196.00575	5190.83668	5185.66761
1772047498	XAUUSD	M5	5202.59	5229.99552	5224.81558	5219.63564	5214.45570	5209.27576	5205.61259	5200.43265	5195.25271	5190.07277	5184.89283
1772047798	XAUUSD	M5	5202.51	5229.57407	5224.41463	5219.25518	5214.09574	5208.93629	5205.00423	5199.84478	5194.68534	5189.52589	5184.36645
1772048098	XAUUSD	M5	5201.00	5229.15680	5224.03680	5218.91680	5213.79680	5208.67680	5204.52384	5199.40384	5194.28384	5189.16384	5184.04384
1772048398	XAUUSD	M5	5204.32	5228.86968	5223.76418	5218.65869	5213.55319	5208.44770	5204.13823	5199.03273	5193.92724	5188.82174	5183.71625
1772048698	XAUUSD	M5	5205.00	5228.79755	5223.67459	5218.55163	5213.42867	5208.30570	5203.81449	5198.69152	5193.56856	5188.44560	5183.32263
1772048998	XAUUSD	M5	5204.97	5228.79736	5223.65933	5218.52131	5213.38328	5208.24526	5203.54813	5198.41010	5193.27208	5188.13405	5182.99603
1772049298	XAUUSD	M5	5204.87	5228.77371	5223.63587	5218.49803	5213.36019	5208.22235	5203.40200	5198.26416	5193.12633	5187.98849	5182.85065
1772049598	XAUUSD	M5	5201.76	5228.79811	5223.64015	5218.48218	5213.32422	5208.16626	5203.16856	5198.01060	5192.85264	5187.69468	5182.53671
1772049898	XAUUSD	M5	5202.46	5228.77787	5223.60886	5218.43985	5213.27084	5208.10183	5202.98397	5197.81496	5192.64595	5187.47693	5182.30792
1772050198	XAUUSD	M5	5195.27	5228.88657	5223.67447	5218.46237	5213.25027	5208.03817	5202.68917	5197.47707	5192.26497	5187.05287	5181.84077
1772050498	XAUUSD	M5	5184.80	5228.78881	5223.52362	5218.25844	5212.99325	5207.72807	5202.02474	5196.75955	5191.49437	5186.22918	5180.96400
1772050798	XAUUSD	M5	5189.00	5228.18042	5222.90147	5217.62252	5212.34357	5207.06462	5201.10921	5195.83026	5190.55131	5185.27236	5179.99341
1772051098	XAUUSD	M5	5186.11	5227.50245	5222.19633	5216.89022	5211.58411	5206.27800	5200.09988	5194.79377	5189.48766	5184.18155	5178.87543
1772051398	XAUUSD	M5	5188.12	5226.63916	5221.31712	5215.99508	5210.67305	5205.35101	5198.91383	5193.59179	5188.26975	5182.94772	5177.62568
1772051698	XAUUSD	M5	5183.41	5225.60772	5220.27840	5214.94908	5209.61975	5204.29043	5197.64495	5192.31563	5186.98631	5181.65699	5176.32767
1772051998	XAUUSD	M5	5181.48	5224.38159	5219.04832	5213.71505	5208.38178	5203.04851	5196.24578	5190.91251	5185.57924	5180.24596	5174.91269
1772052298	XAUUSD	M5	5173.57	5223.20223	5217.81062	5212.41902	5207.02741	5201.63581	5194.52580	5189.13420	5183.74259	5178.35099	5172.95938
1772052598	XAUUSD	M5	5178.01	5221.76413	5216.35061	5210.93709	5205.52357	5200.11005	5192.74259	5187.32907	5181.91555	5176.50204	5171.08852
1772052898	XAUUSD	M5	5152.16	5220.74766	5215.17846	5209.60926	5204.04007	5198.47087	5190.27007	5184.70088	5179.13168	5173.56248	5167.99328
1772053198	XAUUSD	M5	5156.08	5218.74867	5213.14398	5207.53929	5201.93460	5196.32991	5187.49667	5181.89198	5176.28729	5170.68259	5165.07790
1772053498	XAUUSD	M5	5163.03	5216.47640	5210.84843	5205.22047	5199.59251	5193.96455	5184.71272	5179.08476	5173.45679	5167.82883	5162.20087
1772053798	XAUUSD	M5	5161.84	5214.16693	5208.51095	5202.85496	5197.19897	5191.54298	5182.04295	5176.38697	5170.73098	5165.07499	5159.41900
1772054098	XAUUSD	M5	5165.38	5212.17087	5206.46260	5200.75433	5195.04606	5189.33779	5179.56775	5173.85948	5168.15120	5162.44293	5156.73466
1772054398	XAUUSD	M5	5169.17	5210.00746	5204.31796	5198.62845	5192.93895	5187.24944	5177.38796	5171.69845	5166.00895	5160.31944	5154.62994
1772054698	XAUUSD	M5	5169.12	5208.03021	5202.34626	5196.66231	5190.97835	5185.29440	5175.52914	5169.84519	5164.16123	5158.47728	5152.79333
1772054998	XAUUSD	M5	5168.22	5206.20228	5200.52500	5194.84771	5189.17043	5183.49314	5173.90734	5168.23005	5162.55277	5156.87549	5151.19820
1772055298	XAUUSD	M5	5168.90	5204.67326	5198.97857	5193.28388	5187.58919	5181.89450	5172.52493	5166.83024	5161.13555	5155.44086	5149.74617
1772055598	XAUUSD	M5	5170.25	5203.16298	5197.47255	5191.78212	5186.09169	5180.40126	5171.34055	5165.65011	5159.95968	5154.26925	5148.57882
1772055898	XAUUSD	M5	5170.94	5201.71476	5196.04526	5190.37575	5184.70624	5179.03674	5170.33849	5164.66899	5158.99948	5153.32997	5147.66047
1772056198	XAUUSD	M5	5164.31	5200.58272	5194.88389	5189.18506	5183.48624	5177.78741	5169.33835	5163.63953	5157.94070	5152.24187	5146.54305
1772056498	XAUUSD	M5	5164.89	5199.50374	5193.78380	5188.06386	5182.34393	5176.62399	5168.37709	5162.65715	5156.93721	5151.21727	5145.49733
1772060398	XAUUSD	M5	5175.34	5199.02882	5193.21209	5187.39536	5181.57864	5175.76191	5167.38329	5161.56656	5155.74983	5149.93310	5144.11637
1772060698	XAUUSD	M5	5179.73	5198.59144	5192.74662	5186.90181	5181.05699	5175.21218	5166.73903	5160.89421	5155.04940	5149.20458	5143.35977
1772060998	XAUUSD	M5	5168.80	5198.45450	5192.54913	5186.64376	5180.73839	5174.83302	5166.15442	5160.24905	5154.34368	5148.43831	5142.53294
1772061298	XAUUSD	M5	5174.01	5198.30036	5192.34067	5186.38098	5180.42129	5174.46160	5165.57659	5159.61690	5153.65721	5147.69752	5141.73783
1772061598	XAUUSD	M5	5170.68	5198.18305	5192.19558	5186.20811	5180.22064	5174.23317	5165.17569	5159.18823	5153.20076	5147.21329	5141.22582
1772061898	XAUUSD	M5	5170.04	5197.80729	5191.82895	5185.85062	5179.87229	5173.89395	5164.82314	5158.84480	5152.86647	5146.88814	5140.90980
1772062198	XAUUSD	M5	5168.98	5197.23543	5191.29062	5185.34580	5179.40099	5173.45617	5164.47185	5158.52704	5152.58222	5146.63741	5140.69259
1772062498	XAUUSD	M5	5169.88	5196.70735	5190.76858	5184.82982	5178.89105	5172.95228	5164.09763	5158.15887	5152.22010	5146.28134	5140.34257
1772062798	XAUUSD	M5	5172.62	5196.31368	5190.36757	5184.42146	5178.47535	5172.52924	5163.83609	5157.88998	5151.94387	5145.99776	5140.05165
1772063098	XAUUSD	M5	5167.31	5196.26935	5190.27398	5184.27860	5178.28323	5172.28786	5163.60523	5157.60986	5151.61449	5145.61912	5139.62375
1772063398	XAUUSD	M5	5169.57	5196.01726	5190.00621	5183.99516	5177.98412	5171.97307	5163.37246	5157.36141	5151.35036	5145.33931	5139.32826
1772063698	XAUUSD	M5	5163.13	5195.83160	5189.77765	5183.72370	5177.66975	5171.61580	5163.04947	5156.99552	5150.94157	5144.88762	5138.83367
1772063998	XAUUSD	M5	5160.24	5195.60059	5189.49361	5183.38664	5177.27966	5171.17269	5162.52471	5156.41773	5150.31076	5144.20378	5138.09681
1772064298	XAUUSD	M5	5161.95	5195.24730	5189.10082	5182.95434	5176.80785	5170.66137	5161.89052	5155.74404	5149.59756	5143.45107	5137.30459
1772064598	XAUUSD	M5	5167.67	5194.90725	5188.72225	5182.53725	5176.35225	5170.16725	5161.30821	5155.12321	5148.93821	5142.75321	5136.56821
1772064898	XAUUSD	M5	5169.72	5194.69535	5188.47930	5182.26325	5176.04720	5169.83115	5160.94944	5154.73339	5148.51734	5142.30129	5136.08524
1772065198	XAUUSD	M5	5180.94	5194.86671	5188.60511	5182.34350	5176.08190	5169.82029	5160.81329	5154.55168	5148.29008	5142.02847	5135.76687
1772065498	XAUUSD	M5	5185.25	5195.21983	5188.94835	5182.67687	5176.40538	5170.13390	5161.07237	5154.80089	5148.52941	5142.25793	5135.98645
1772065798	XAUUSD	M5	5182.32	5195.84501	5189.57112	5183.29723	5177.02334	5170.74945	5161.68921	5155.41532	5149.14143	5142.86754	5136.59366
1772066098	XAUUSD	M5	5182.63	5196.50803	5190.24507	5183.98210	5177.71914	5171.45618	5162.52284	5156.25988	5149.99692	5143.73396	5137.47099
1772066398	XAUUSD	M5	5188.37	5197.45225	5191.16348	5184.87472	5178.58595	5172.29719	5163.48953	5157.20077	5150.91200	5144.62324	5138.33447
1772066698	XAUUSD	M5	5185.97	5198.34007	5192.06964	5185.79921	5179.52878	5173.25834	5164.63234	5158.36190	5152.09147	5145.82104	5139.55061
1772066998	XAUUSD	M5	5189.70	5199.37631	5193.11026	5186.84421	5180.57816	5174.31212	5165.86985	5159.60380	5153.33775	5147.07170	5140.80566
1772067298	XAUUSD	M5	5188.31	5200.46565	5194.20861	5187.95158	5181.69454	5175.43750	5167.17966	5160.92263	5154.66559	5148.40855	5142.15152
1772067598	XAUUSD	M5	5194.75	5201.89047	5195.60615	5189.32183	5183.03751	5176.75319	5168.56870	5162.28437	5156.00005	5149.71573	5143.43141
1772067898	XAUUSD	M5	5183.93	5203.37594	5197.05347	5190.73100	5184.40853	5178.08606	5169.85142	5163.52895	5157.20648	5150.88401	5144.56154
1772068198	XAUUSD	M5	5187.53	5204.57409	5198.24372	5191.91335	5185.58298	5179.25261	5171.03026	5164.69988	5158.36951	5152.03914	5145.70877
1772068498	XAUUSD	M5	5189.46	5205.75186	5199.40637	5193.06088	5186.71538	5180.36989	5172.23358	5165.88809	5159.54259	5153.19710	5146.85160
1772068798	XAUUSD	M5	5186.05	5207.07956	5200.68345	5194.28733	5187.89122	5181.49511	5173.32957	5166.93346	5160.53735	5154.14124	5147.74513
1772069098	XAUUSD	M5	5180.54	5208.11508	5201.68650	5195.25792	5188.82934	5182.40076	5174.21403	5167.78545	5161.35687	5154.92829	5148.49971
1772069398	XAUUSD	M5	5187.99	5209.02368	5202.55917	5196.09466	5189.63016	5183.16565	5174.92201	5168.45751	5161.99300	5155.52849	5149.06399
1772069698	XAUUSD	M5	5185.42	5209.75926	5203.29395	5196.82864	5190.36333	5183.89802	5175.65316	5169.18785	5162.72254	5156.25723	5149.79193
1772069998	XAUUSD	M5	5189.54	5210.49082	5204.02397	5197.55711	5191.09026	5184.62341	5176.39357	5169.92672	5163.45986	5156.99301	5150.52616
1772070298	XAUUSD	M5	5189.93	5211.06155	5204.62581	5198.19007	5191.75433	5185.31859	5177.17509	5170.73935	5164.30361	5157.86787	5151.43213
1772070598	XAUUSD	M5	5191.16	5211.78093	5205.33877	5198.89661	5192.45445	5186.01229	5177.91900	5171.47684	5165.03468	5158.59252	5152.15036
1772070898	XAUUSD	M5	5191.71	5212.44409	5206.00933	5199.57458	5193.13983	5186.70507	5178.75525	5172.32050	5165.88575	5159.45100	5153.01624
1772071198	XAUUSD	M5	5190.17	5213.23431	5206.78060	5200.32690	5193.87320	5187.41949	5179.57249	5173.11879	5166.66508	5160.21138	5153.75768
1772071498	XAUUSD	M5	5187.26	5213.87710	5207.40797	5200.93883	5194.46970	5188.00056	5180.28389	5173.81476	5167.34562	5160.87648	5154.40735
1772071798	XAUUSD	M5	5183.06	5214.40894	5207.93030	5201.45166	5194.97302	5188.49437	5180.84117	5174.36253	5167.88388	5161.40524	5154.92660
1772072098	XAUUSD	M5	5188.25	5214.95988	5208.44321	5201.92654	5195.40988	5188.89321	5181.26907	5174.75240	5168.23574	5161.71907	5155.20240
1772072398	XAUUSD	M5	5183.44	5215.36586	5208.82432	5202.28277	5195.74123	5189.19969	5181.58616	5175.04461	5168.50307	5161.96153	5155.41998
1772072698	XAUUSD	M5	5180.79	5215.35868	5208.84812	5202.33757	5195.82701	5189.31646	5181.80173	5175.29118	5168.78062	5162.27007	5155.75951
1772072998	XAUUSD	M5	5178.87	5215.33878	5208.82242	5202.30607	5195.78971	5189.27335	5181.87662	5175.36026	5168.84390	5162.32754	5155.81118
1772073298	XAUUSD	M5	5180.52	5215.38028	5208.81781	5202.25534	5195.69287	5189.13040	5181.76491	5175.20244	5168.63997	5162.07750	5155.51503
1772073598	XAUUSD	M5	5176.09	5215.16980	5208.58332	5201.99684	5195.41036	5188.82388	5181.51494	5174.92846	5168.34198	5161.75550	5155.16902
1772073898	XAUUSD	M5	5180.78	5214.90577	5208.29960	5201.69343	5195.08725	5188.48108	5181.21788	5174.61170	5168.00553	5161.39936	5154.79319
1772074198	XAUUSD	M5	5184.69	5214.59375	5207.98517	5201.37659	5194.76801	5188.15943	5181.01202	5174.40344	5167.79486	5161.18628	5154.57770
1772074498	XAUUSD	M5	5184.34	5214.29467	5207.69572	5201.09677	5194.49782	5187.89886	5180.95146	5174.35251	5167.75356	5161.15461	5154.55566
1772074798	XAUUSD	M5	5187.44	5214.09244	5207.49892	5200.90541	5194.31189	5187.71837	5180.97199	5174.37847	5167.78496	5161.19144	5154.59792
1772075098	XAUUSD	M5	5185.97	5213.88602	5207.31330	5200.74058	5194.16787	5187.59515	5181.08359	5174.51087	5167.93815	5161.36544	5154.79272
1772075398	XAUUSD	M5	5187.26	5213.82509	5207.25127	5200.67744	5194.10361	5187.52978	5181.25689	5174.68306	5168.10924	5161.53541	5154.96158
1772075698	XAUUSD	M5	5190.19	5214.06245	5207.45955	5200.85664	5194.25374	5187.65084	5181.49951	5174.89661	5168.29371	5161.69081	5155.08791
1772075998	XAUUSD	M5	5191.04	5214.26968	5207.66369	5201.05770	5194.45171	5187.84572	5181.84518	5175.23919	5168.63320	5162.02722	5155.42123
1772076298	XAUUSD	M5	5188.35	5214.47769	5207.87726	5201.27683	5194.67640	5188.07597	5182.25252	5175.65208	5169.05165	5162.45122	5155.85079
1772076598	XAUUSD	M5	5188.56	5214.62131	5208.03804	5201.45477	5194.87150	5188.28823	5182.69725	5176.11398	5169.53071	5162.94744	5156.36417
1772076898	XAUUSD	M5	5186.58	5214.73349	5208.16491	5201.59633	5195.02775	5188.45917	5183.11445	5176.54587	5169.97729	5163.40871	5156.84013
1772077198	XAUUSD	M5	5186.18	5214.84739	5208.28449	5201.72159	5195.15869	5188.59579	5183.49786	5176.93496	5170.37206	5163.80915	5157.24625
1772077498	XAUUSD	M5	5188.61	5214.97423	5208.40627	5201.83830	5195.27034	5188.70238	5183.80576	5177.23780	5170.66983	5164.10187	5157.53391
1772077798	XAUUSD	M5	5191.34	5215.09265	5208.53432	5201.97599	5195.41765	5188.85932	5184.14373	5177.58539	5171.02706	5164.46873	5157.91039
1772078098	XAUUSD	M5	5192.63	5215.26581	5208.71995	5202.17408	5195.62822	5189.08236	5184.56436	5178.01849	5171.47263	5164.92676	5158.38090
1772078398	XAUUSD	M5	5194.08	5215.58065	5209.03873	5202.49682	5195.95491	5189.41299	5185.08245	5178.54054	5171.99862	5165.45671	5158.91479
1772078698	XAUUSD	M5	5195.76	5216.02040	5209.47497	5202.92954	5196.38410	5189.83867	5185.68181	5179.13638	5172.59095	5166.04552	5159.50008
1772078998	XAUUSD	M5	5196.80	5216.44100	5209.92748	5203.41396	5196.90045	5190.38693	5186.36628	5179.85277	5173.33925	5166.82573	5160.31221
1772079298	XAUUSD	M5	5193.83	5217.01192	5210.49852	5203.98513	5197.47173	5190.95834	5187.01097	5180.49757	5173.98418	5167.47078	5160.95739
1772079598	XAUUSD	M5	5193.75	5217.56077	5211.04299	5204.52521	5198.00743	5191.48966	5187.61114	5181.09336	5174.57558	5168.05780	5161.54003
1772079898	XAUUSD	M5	5194.13	5218.01993	5211.50641	5204.99289	5198.47938	5191.96586	5188.17123	5181.65772	5175.14420	5168.63068	5162.11716
1772080198	XAUUSD	M5	5194.86	5218.42022	5211.91516	5205.41010	5198.90504	5192.39998	5188.71910	5182.21404	5175.70898	5169.20392	5162.69886
1772080498	XAUUSD	M5	5195.40	5218.75772	5212.27068	5205.78365	5199.29661	5192.80957	5189.28253	5182.79549	5176.30845	5169.82142	5163.33438
1772080798	XAUUSD	M5	5194.26	5219.02536	5212.56875	5206.11215	5199.65554	5193.19894	5189.84149	5183.38489	5176.92828	5170.47168	5164.01507
1772081098	XAUUSD	M5	5191.38	5219.37118	5212.91340	5206.45562	5199.99784	5193.54007	5190.29687	5183.83909	5177.38131	5170.92353	5164.46576
1772081398	XAUUSD	M5	5192.61	5219.55196	5213.11227	5206.67258	5200.23288	5193.79319	5190.66527	5184.22558	5177.78589	5171.34620	5164.90651
1772081698	XAUUSD	M5	5192.69	5219.60077	5213.19910	5206.79744	5200.39577	5193.99410	5191.00418	5184.60251	5178.20085	5171.79918	5165.39751
1772081998	XAUUSD	M5	5193.25	5219.69758	5213.32221	5206.94684	5200.57147	5194.19610	5191.27593	5184.90056	5178.52519	5172.14982	5165.77445
1772082298	XAUUSD	M5	5194.54	5219.52257	5213.23609	5206.94960	5200.66312	5194.37664	5191.53190	5185.24542	5178.95894	5172.67246	5166.38597
1772082598	XAUUSD	M5	5197.85	5219.55133	5213.33034	5207.10935	5200.88836	5194.66738	5191.81079	5185.58980	5179.36881	5173.14782	5166.92684
1772082898	XAUUSD	M5	5199.82	5219.94908	5213.73667	5207.52427	5201.31186	5195.09945	5192.17585	5185.96344	5179.75104	5173.53863	5167.32622
1772083198	XAUUSD	M5	5202.71	5220.38799	5214.20052	5208.01305	5201.82558	5195.63811	5192.62709	5186.43962	5180.25215	5174.06468	5167.87722
1772083498	XAUUSD	M5	5200.41	5221.05222	5214.86309	5208.67395	5202.48482	5196.29568	5193.16962	5186.98049	5180.79135	5174.60222	5168.41308
1772083798	XAUUSD	M5	5201.13	5221.48332	5215.34450	5209.20567	5203.06684	5196.92802	5193.74951	5187.61068	5181.47185	5175.33303	5169.19420
1772084098	XAUUSD	M5	5199.26	5222.13322	5215.99254	5209.85187	5203.71119	5197.57051	5194.26020	5188.11952	5181.97885	5175.83817	5169.69749
1772084398	XAUUSD	M5	5199.69	5222.65385	5216.53200	5210.41015	5204.28830	5198.16645	5194.79001	5188.66816	5182.54631	5176.42446	5170.30260
1772084698	XAUUSD	M5	5193.88	5223.19382	5217.06358	5210.93333	5204.80308	5198.67284	5195.12737	5188.99713	5182.86688	5176.73663	5170.60638
1772084998	XAUUSD	M5	5194.18	5223.42410	5217.32126	5211.21842	5205.11558	5199.01274	5195.37150	5189.26866	5183.16582	5177.06298	5170.96015
1772085298	XAUUSD	M5	5198.46	5223.48440	5217.43477	5211.38514	5205.33551	5199.28588	5195.57232	5189.52270	5183.47307	5177.42344	5171.37381
1772085598	XAUUSD	M5	5193.77	5223.60957	5217.58840	5211.56722	5205.54605	5199.52488	5195.71528	5189.69411	5183.67294	5177.65176	5171.63059
1772085898	XAUUSD	M5	5198.41	5223.77155	5217.76390	5211.75625	5205.74859	5199.74094	5195.81335	5189.80570	5183.79804	5177.79039	5171.78273
1772086198	XAUUSD	M5	5197.99	5223.84728	5217.86154	5211.87580	5205.89006	5199.90432	5195.93418	5189.94844	5183.96270	5177.97696	5171.99122
1772086498	XAUUSD	M5	5196.06	5223.78114	5217.84312	5211.90509	5205.96707	5200.02904	5196.03928	5190.10126	5184.16323	5178.22521	5172.28718
1772086798	XAUUSD	M5	5196.44	5223.81834	5217.88618	5211.95402	5206.02186	5200.08970	5196.08328	5190.15112	5184.21896	5178.28680	5172.35464
1772087098	XAUUSD	M5	5193.49	5223.85083	5217.91854	5211.98626	5206.05398	5200.12169	5196.09091	5190.15863	5184.22634	5178.29406	5172.36178
1772087398	XAUUSD	M5	5196.90	5223.81000	5217.88691	5211.96382	5206.04074	5200.11765	5196.08069	5190.15760	5184.23451	5178.31143	5172.38834
1772087698	XAUUSD	M5	5196.79	5223.78426	5217.86568	5211.94710	5206.02851	5200.10993	5196.07306	5190.15448	5184.23590	5178.31732	5172.39874
1772087998	XAUUSD	M5	5196.44	5223.67199	5217.77212	5211.87224	5205.97236	5200.07249	5196.06953	5190.16965	5184.26978	5178.36990	5172.47002
1772088298	XAUUSD	M5	5192.80	5223.57952	5217.68656	5211.79359	5205.90063	5200.00767	5196.01622	5190.12326	5184.23030	5178.33733	5172.44437
1772088598	XAUUSD	M5	5192.66	5223.41532	5217.54156	5211.66779	5205.79403	5199.92026	5195.90188	5190.02811	5184.15434	5178.28058	5172.40681
1772088898	XAUUSD	M5	5193.26	5223.17384	5217.31266	5211.45149	5205.59032	5199.72915	5195.72450	5189.86333	5184.00216	5178.14098	5172.27981
1772089198	XAUUSD	M5	5190.96	5222.99500	5217.12228	5211.24957	5205.37685	5199.50413	5195.37996	5189.50724	5183.63453	5177.76181	5171.88910
1772089498	XAUUSD	M5	5184.75	5222.74262	5216.84657	5210.95052	5205.05447	5199.15842	5194.85213	5188.95608	5183.06004	5177.16399	5171.26794
1772089798	XAUUSD	M5	5187.62	5222.27181	5216.36848	5210.46514	5204.56181	5198.65848	5194.20274	5188.29941	5182.39607	5176.49274	5170.58941
1772090098	XAUUSD	M5	5188.55	5221.71524	5215.82085	5209.92647	5204.03209	5198.13770	5193.55214	5187.65775	5181.76337	5175.86899	5169.97461
1772090398	XAUUSD	M5	5186.04	5221.20236	5215.29433	5209.38631	5203.47828	5197.57026	5192.83209	5186.92407	5181.01604	5175.10802	5169.19999
1772090698	XAUUSD	M5	5184.88	5220.60796	5214.69401	5208.78006	5202.86611	5196.95216	5192.13813	5186.22418	5180.31022	5174.39627	5168.48232
1772090998	XAUUSD	M5	5186.15	5219.97635	5214.06449	5208.15264	5202.24079	5196.32894	5191.47979	5185.56794	5179.65609	5173.74424	5167.83239
1772091298	XAUUSD	M5	5188.35	5219.30331	5213.40782	5207.51232	5201.61683	5195.72134	5190.86084	5184.96534	5179.06985	5173.17436	5167.27886
1772091598	XAUUSD	M5	5186.49	5218.74499	5212.84789	5206.95079	5201.05369	5195.15659	5190.31836	5184.42126	5178.52416	5172.62707	5166.72997
1772091898	XAUUSD	M5	5181.91	5218.19385	5212.28527	5206.37669	5200.46811	5194.55953	5189.73262	5183.82404	5177.91546	5172.00688	5166.09830
1772092198	XAUUSD	M5	5183.70	5217.52455	5211.61418	5205.70381	5199.79344	5193.88307	5189.07363	5183.16325	5177.25288	5171.34251	5165.43214
1772092498	XAUUSD	M5	5186.02	5216.92495	5211.01007	5205.09519	5199.18032	5193.26544	5188.47917	5182.56429	5176.64942	5170.73454	5164.81966
1772092798	XAUUSD	M5	5181.47	5216.43241	5210.49272	5204.55303	5198.61333	5192.67364	5187.83799	5181.89830	5175.95861	5170.01892	5164.07923
1772093098	XAUUSD	M5	5183.96	5215.89778	5209.94062	5203.98346	5198.02630	5192.06914	5187.17099	5181.21383	5175.25667	5169.29951	5163.34235
1772093398	XAUUSD	M5	5189.48	5215.45417	5209.49022	5203.52627	5197.56232	5191.59836	5186.61068	5180.64673	5174.68278	5168.71883	5162.75488
1772093698	XAUUSD	M5	5187.25	5215.12950	5209.15722	5203.18494	5197.21265	5191.24037	5186.16526	5180.19298	5174.22069	5168.24841	5162.27613
1772093998	XAUUSD	M5	5187.01	5214.69503	5208.74237	5202.78972	5196.83706	5190.88441	5185.81060	5179.85794	5173.90529	5167.95264	5161.99998
1772094298	XAUUSD	M5	5176.99	5214.54150	5208.54138	5202.54125	5196.54113	5190.54101	5185.28366	5179.28353	5173.28341	5167.28329	5161.28316
1772094598	XAUUSD	M5	5175.06	5214.26042	5208.20499	5202.14956	5196.09412	5190.03869	5184.54128	5178.48585	5172.43042	5166.37499	5160.31955
1772094898	XAUUSD	M5	5174.82	5213.68818	5207.60534	5201.52250	5195.43966	5189.35683	5183.70325	5177.62041	5171.53757	5165.45473	5159.37189
1772095198	XAUUSD	M5	5174.28	5212.98173	5206.87062	5200.75951	5194.64840	5188.53729	5182.78906	5176.67794	5170.56683	5164.45572	5158.34461
1772095498	XAUUSD	M5	5179.75	5212.44502	5206.26379	5200.08256	5193.90132	5187.72009	5181.74404	5175.56281	5169.38157	5163.20034	5157.01910
1772095798	XAUUSD	M5	5178.38	5211.80552	5205.60015	5199.39478	5193.18941	5186.98404	5180.88288	5174.67751	5168.47214	5162.26677	5156.06140
1772096098	XAUUSD	M5	5179.41	5211.26409	5205.02317	5198.78224	5192.54132	5186.30039	5180.10506	5173.86414	5167.62321	5161.38229	5155.14136
1772096398	XAUUSD	M5	5174.44	5210.73997	5204.46521	5198.19046	5191.91571	5185.64095	5179.37866	5173.10391	5166.82915	5160.55440	5154.27965
1772096698	XAUUSD	M5	5178.01	5210.14680	5203.85020	5197.55359	5191.25699	5184.96038	5178.69089	5172.39428	5166.09768	5159.80107	5153.50447
1772096998	XAUUSD	M5	5181.64	5209.65413	5203.33716	5197.02018	5190.70321	5184.38623	5178.13952	5171.82255	5165.50557	5159.18860	5152.87162
1772097298	XAUUSD	M5	5176.99	5209.20295	5202.87529	5196.54764	5190.21999	5183.89233	5177.65201	5171.32435	5164.99670	5158.66904	5152.34139
1772097598	XAUUSD	M5	5176.56	5208.62317	5202.30052	5195.97786	5189.65521	5183.33256	5177.19051	5170.86786	5164.54520	5158.22255	5151.89989
1772097898	XAUUSD	M5	5181.20	5208.24601	5201.90237	5195.55873	5189.21509	5182.87144	5176.80392	5170.46028	5164.11663	5157.77299	5151.42935
1772098198	XAUUSD	M5	5181.63	5207.95535	5201.59689	5195.23843	5188.87998	5182.52152	5176.54855	5170.19009	5163.83164	5157.47318	5151.11472
1772098498	XAUUSD	M5	5183.30	5207.60518	5201.26932	5194.93345	5188.59759	5182.26173	5176.41536	5170.07950	5163.74363	5157.40777	5151.07190
1772098798	XAUUSD	M5	5181.50	5207.08961	5200.83406	5194.57850	5188.32295	5182.06739	5176.37412	5170.11856	5163.86301	5157.60745	5151.35190
1772099098	XAUUSD	M5	5184.64	5206.91558	5200.67861	5194.44163	5188.20465	5181.96768	5176.42940	5170.19243	5163.95545	5157.71848	5151.48150
1772099398	XAUUSD	M5	5186.98	5206.85749	5200.63983	5194.42218	5188.20452	5181.98687	5176.61583	5170.39818	5164.18052	5157.96287	5151.74522
1772099698	XAUUSD	M5	5186.32	5206.90088	5200.71403	5194.52718	5188.34033	5182.15348	5176.94183	5170.75497	5164.56812	5158.38127	5152.19442
1772099998	XAUUSD	M5	5189.51	5207.13843	5200.95769	5194.77695	5188.59621	5182.41547	5177.34887	5171.16813	5164.98739	5158.80665	5152.62591
1772100298	XAUUSD	M5	5188.45	5207.39027	5201.23132	5195.07237	5188.91342	5182.75447	5177.87021	5171.71126	5165.55231	5159.39336	5153.23441
1772100598	XAUUSD	M5	5187.89	5207.67118	5201.52970	5195.38822	5189.24674	5183.10525	5178.43426	5172.29278	5166.15129	5160.00981	5153.86833
1772100898	XAUUSD	M5	5182.85	5208.01409	5201.87545	5195.73681	5189.59817	5183.45953	5178.88528	5172.74664	5166.60800	5160.46936	5154.33071
1772101198	XAUUSD	M5	5183.60	5208.14765	5202.03660	5195.92555	5189.81450	5183.70345	5179.23474	5173.12369	5167.01264	5160.90159	5154.79054
1772101498	XAUUSD	M5	5179.29	5208.37876	5202.25413	5196.12950	5190.00487	5183.88024	5179.44620	5173.32157	5167.19694	5161.07231	5154.94768
1772101798	XAUUSD	M5	5177.04	5208.26456	5202.16345	5196.06234	5189.96123	5183.86012	5179.44955	5173.34844	5167.24733	5161.14622	5155.04511
1772102098	XAUUSD	M5	5176.09	5208.06466	5201.96041	5195.85615	5189.75189	5183.64763	5179.23327	5173.12901	5167.02475	5160.92049	5154.81623
1772102398	XAUUSD	M5	5172.13	5207.65889	5201.58080	5195.50272	5189.42463	5183.34654	5178.87721	5172.79912	5166.72103	5160.64295	5154.56486
1772102698	XAUUSD	M5	5171.17	5207.00683	5200.98004	5194.95325	5188.92646	5182.89967	5178.39401	5172.36722	5166.34043	5160.31364	5154.28685
1772102998	XAUUSD	M5	5173.60	5206.40411	5200.38331	5194.36251	5188.34170	5182.32090	5177.78620	5171.76539	5165.74459	5159.72379	5153.70299
1772103298	XAUUSD	M5	5171.61	5205.73463	5199.71735	5193.70006	5187.68278	5181.66550	5177.04994	5171.03265	5165.01537	5158.99809	5152.98080
1772103598	XAUUSD	M5	5173.83	5204.97797	5198.98569	5192.99340	5187.00112	5181.00883	5176.30516	5170.31288	5164.32060	5158.32831	5152.33603
1772103898	XAUUSD	M5	5177.33	5204.38183	5198.39869	5192.41554	5186.43239	5180.44924	5175.65923	5169.67608	5163.69294	5157.70979	5151.72664
1772104198	XAUUSD	M5	5175.85	5203.75992	5197.80554	5191.85116	5185.89678	5179.94239	5175.16135	5169.20697	5163.25258	5157.29820	5151.34382
1772104498	XAUUSD	M5	5175.54	5203.03605	5197.13883	5191.24161	5185.34439	5179.44716	5174.66965	5168.77242	5162.87520	5156.97798	5151.08076
1772104798	XAUUSD	M5	5171.70	5202.46630	5196.59124	5190.71617	5184.84111	5178.96605	5174.19147	5168.31641	5162.44135	5156.56629	5150.69122
1772105098	XAUUSD	M5	5171.88	5201.32491	5195.62201	5189.91910	5184.21620	5178.51330	5173.74498	5168.04208	5162.33918	5156.63628	5150.93337
1772105398	XAUUSD	M5	5173.38	5200.67249	5195.01440	5189.35631	5183.69823	5178.04014	5173.33916	5167.68107	5162.02298	5156.36490	5150.70681
1772105698	XAUUSD	M5	5173.54	5200.12711	5194.49495	5188.86279	5183.23062	5177.59846	5172.98840	5167.35624	5161.72408	5156.09192	5150.45976
1772105998	XAUUSD	M5	5174.68	5199.58906	5193.98647	5188.38388	5182.78129	5177.17869	5172.70140	5167.09881	5161.49622	5155.89363	5150.29103
1772106298	XAUUSD	M5	5171.40	5198.96620	5193.41713	5187.86806	5182.31898	5176.76991	5172.40818	5166.85911	5161.31004	5155.76096	5150.21189
1772106598	XAUUSD	M5	5163.51	5198.62674	5193.04569	5187.46464	5181.88360	5176.30255	5171.87281	5166.29176	5160.71071	5155.12966	5149.54861
1772106898	XAUUSD	M5	5164.71	5198.01798	5192.42872	5186.83946	5181.25020	5175.66094	5171.19541	5165.60615	5160.01689	5154.42763	5148.83837
1772107198	XAUUSD	M5	5165.67	5197.46535	5191.84140	5186.21745	5180.59350	5174.96955	5170.33571	5164.71176	5159.08781	5153.46386	5147.83991
1772107498	XAUUSD	M5	5169.15	5196.80170	5191.17287	5185.54404	5179.91522	5174.28639	5169.50033	5163.87150	5158.24267	5152.61385	5146.98502
1772107798	XAUUSD	M5	5168.46	5196.17727	5190.54412	5184.91097	5179.27783	5173.64468	5168.79388	5163.16073	5157.52758	5151.89443	5146.26128
1772108098	XAUUSD	M5	5172.18	5195.79283	5190.12956	5184.46629	5178.80302	5173.13974	5168.17478	5162.51151	5156.84824	5151.18496	5145.52169
1772108398	XAUUSD	M5	5176.52	5195.41689	5189.76633	5184.11578	5178.46522	5172.81467	5167.73680	5162.08625	5156.43569	5150.78514	5145.13458
1772108698	XAUUSD	M5	5178.54	5195.24274	5189.60971	5183.97669	5178.34366	5172.71064	5167.57971	5161.94668	5156.31366	5150.68063	5145.04761
1772108998	XAUUSD	M5	5183.10	5195.09911	5189.54164	5183.98418	5178.42671	5172.86924	5167.67065	5162.11318	5156.55571	5150.99824	5145.44078
1772109298	XAUUSD	M5	5182.34	5195.35932	5189.82358	5184.28784	5178.75210	5173.21636	5167.98600	5162.45026	5156.91452	5151.37878	5145.84304
1772109598	XAUUSD	M5	5187.52	5195.71592	5190.23024	5184.74456	5179.25888	5173.77321	5168.51483	5163.02915	5157.54347	5152.05779	5146.57212
1772109898	XAUUSD	M5	5181.29	5196.31036	5190.85036	5185.39036	5179.93036	5174.47036	5169.15836	5163.69836	5158.23836	5152.77836	5147.31836
1772110198	XAUUSD	M5	5181.25	5196.76727	5191.35110	5185.93493	5180.51876	5175.10258	5169.82536	5164.40918	5158.99301	5153.57684	5148.16066
1772110498	XAUUSD	M5	5183.85	5197.44129	5192.02042	5186.59956	5181.17869	5175.75783	5170.50746	5165.08659	5159.66573	5154.24486	5148.82400
1772110798	XAUUSD	M5	5175.76	5198.24997	5192.79466	5187.33935	5181.88405	5176.42874	5171.06448	5165.60917	5160.15386	5154.69855	5149.24324
1772111098	XAUUSD	M5	5172.50	5198.87304	5193.39644	5187.91983	5182.44323	5176.96662	5171.42202	5165.94541	5160.46881	5154.99220	5149.51560
1772111398	XAUUSD	M5	5174.00	5199.17275	5193.69245	5188.21214	5182.73183	5177.25152	5171.56073	5166.08043	5160.60012	5155.11981	5149.63950
1772111698	XAUUSD	M5	5171.65	5199.21339	5193.76999	5188.32660	5182.88320	5177.43981	5171.62742	5166.18402	5160.74063	5155.29723	5149.85384
1772111998	XAUUSD	M5	5178.12	5199.40477	5193.94946	5188.49415	5183.03884	5177.58354	5171.64425	5166.18894	5160.73364	5155.27833	5149.82302
1772112298	XAUUSD	M5	5174.76	5199.35210	5193.93154	5188.51099	5183.09043	5177.66988	5171.70347	5166.28291	5160.86235	5155.44180	5150.02124
1772112598	XAUUSD	M5	5174.36	5199.25883	5193.85661	5188.45439	5183.05217	5177.64995	5171.57256	5166.17034	5160.76811	5155.36589	5149.96367
1772112898	XAUUSD	M5	5173.61	5199.13546	5193.75299	5188.37052	5182.98805	5177.60558	5171.40474	5166.02227	5160.63980	5155.25733	5149.87486
1772113198	XAUUSD	M5	5165.14	5199.04078	5193.64862	5188.25646	5182.86430	5177.47214	5171.08080	5165.68864	5160.29648	5154.90432	5149.51216
1772113498	XAUUSD	M5	5168.76	5198.67890	5193.29884	5187.91877	5182.53871	5177.15865	5170.66343	5165.28337	5159.90331	5154.52325	5149.14318
1772113798	XAUUSD	M5	5170.80	5198.03191	5192.71296	5187.39401	5182.07506	5176.75611	5170.27097	5164.95202	5159.63307	5154.31412	5148.99517
1772114098	XAUUSD	M5	5166.39	5197.54798	5192.24051	5186.93304	5181.62557	5176.31810	5169.85921	5164.55174	5159.24427	5153.93681	5148.62934
1772114398	XAUUSD	M5	5166.06	5197.06075	5191.75260	5186.44445	5181.13630	5175.82816	5169.36126	5164.05311	5158.74496	5153.43681	5148.12867
1772114698	XAUUSD	M5	5163.55	5196.56635	5191.23679	5185.90722	5180.57765	5175.24808	5168.75036	5163.42079	5158.09122	5152.76166	5147.43209
1772114998	XAUUSD	M5	5166.28	5195.84094	5190.52983	5185.21872	5179.90761	5174.59650	5168.13114	5162.82003	5157.50892	5152.19780	5146.88669
1772115298	XAUUSD	M5	5167.02	5195.17746	5189.87363	5184.56980	5179.26598	5173.96215	5167.58572	5162.28189	5156.97806	5151.67423	5146.37041
1772115598	XAUUSD	M5	5168.82	5194.60913	5189.30296	5183.99679	5178.69061	5173.38444	5167.06149	5161.75532	5156.44915	5151.14297	5145.83680
1772115898	XAUUSD	M5	5170.41	5194.08619	5188.79391	5183.50163	5178.20934	5172.91706	5166.69181	5161.39953	5156.10724	5150.81496	5145.52267
1772116198	XAUUSD	M5	5165.83	5194.13604	5188.72437	5183.31270	5177.90104	5172.48937	5165.73206	5160.32039	5154.90873	5149.49706	5144.08539
1772116498	XAUUSD	M5	5166.41	5193.83083	5188.42614	5183.02145	5177.61675	5172.21206	5164.97201	5159.56732	5154.16263	5148.75794	5143.35325
1772116798	XAUUSD	M5	5172.56	5193.89532	5188.43045	5182.96557	5177.50069	5172.03582	5164.22733	5158.76246	5153.29758	5147.83270	5142.36783
1772117098	XAUUSD	M5	5171.99	5193.95463	5188.45907	5182.96351	5177.46796	5171.97240	5163.69986	5158.20430	5152.70874	5147.21319	5141.71763
1772117398	XAUUSD	M5	5167.91	5193.86888	5188.38499	5182.90110	5177.41721	5171.93332	5163.28922	5157.80533	5152.32144	5146.83755	5141.35366
1772117698	XAUUSD	M5	5165.14	5193.77856	5188.29794	5182.81732	5177.33671	5171.85609	5162.96593	5157.48531	5152.00469	5146.52407	5141.04346
1772117998	XAUUSD	M5	5167.70	5193.77948	5188.27726	5182.77503	5177.27281	5171.77059	5162.58265	5157.08043	5151.57820	5146.07598	5140.57376
1772118298	XAUUSD	M5	5167.21	5193.61595	5188.11798	5182.62002	5177.12206	5171.62409	5162.29502	5156.79705	5151.29909	5145.80113	5140.30316
1772118598	XAUUSD	M5	5162.38	5193.53730	5188.02273	5182.50816	5176.99359	5171.47903	5162.01243	5156.49786	5150.98329	5145.46872	5139.95416
1772118898	XAUUSD	M5	5158.57	5193.38650	5187.82286	5182.25921	5176.69557	5171.13193	5161.45959	5155.89595	5150.33231	5144.76866	5139.20502
1772119198	XAUUSD	M5	5154.46	5192.93038	5187.35445	5181.77853	5176.20260	5170.62668	5160.77351	5155.19758	5149.62166	5144.04573	5138.46980
1772119498	XAUUSD	M5	5141.51	5192.80718	5187.08508	5181.36298	5175.64089	5169.91879	5159.47235	5153.75025	5148.02816	5142.30606	5136.58396
1772119798	XAUUSD	M5	5153.62	5192.12901	5186.35698	5180.58494	5174.81290	5169.04086	5158.02101	5152.24897	5146.47693	5140.70489	5134.93286
1772120098	XAUUSD	M5	5169.23	5191.75819	5185.91745	5180.07671	5174.23597	5168.39523	5156.80837	5150.96763	5145.12689	5139.28615	5133.44541
1772120398	XAUUSD	M5	5175.56	5191.50023	5185.65079	5179.80134	5173.95190	5168.10246	5156.12980	5150.28035	5144.43091	5138.58147	5132.73202
1772120698	XAUUSD	M5	5182.38	5191.76158	5185.89732	5180.03306	5174.16880	5168.30454	5156.06924	5150.20498	5144.34072	5138.47646	5132.61220
1772120998	XAUUSD	M5	5189.70	5192.57139	5186.68380	5180.79621	5174.90862	5169.02102	5156.58593	5150.69834	5144.81075	5138.92316	5133.03556
1772121298	XAUUSD	M5	5185.86	5193.75816	5187.83791	5181.91766	5175.99742	5170.07717	5157.55365	5151.63340	5145.71316	5139.79291	5133.87266
1772121598	XAUUSD	M5	5178.92	5194.97095	5189.03150	5183.09206	5177.15261	5171.21317	5158.69670	5152.75725	5146.81781	5140.87836	5134.93892
1772121898	XAUUSD	M5	5177.76	5195.84823	5189.94168	5184.03514	5178.12860	5172.22205	5159.89738	5153.99084	5148.08429	5142.17775	5136.27121
1772122198	XAUUSD	M5	5176.76	5196.76573	5190.85215	5184.93857	5179.02499	5173.11141	5161.02225	5155.10867	5149.19508	5143.28150	5137.36792
1772122498	XAUUSD	M5	5181.40	5197.74821	5191.81321	5185.87821	5179.94321	5174.00821	5162.09745	5156.16245	5150.22745	5144.29245	5138.35745
1772122798	XAUUSD	M5	5178.22	5198.72341	5192.76347	5186.80353	5180.84359	5174.88365	5163.17245	5157.21251	5151.25257	5145.29263	5139.33269
1772123098	XAUUSD	M5	5180.48	5199.52722	5193.55290	5187.57858	5181.60426	5175.62994	5164.21090	5158.23658	5152.26225	5146.28793	5140.31361
1772123398	XAUUSD	M5	5181.91	5200.25816	5194.27983	5188.30150	5182.32316	5176.34483	5165.26637	5159.28804	5153.30970	5147.33137	5141.35304
1772123698	XAUUSD	M5	5182.35	5201.00394	5195.01554	5189.02715	5183.03875	5177.05036	5166.35201	5160.36362	5154.37522	5148.38683	5142.39843
1772123998	XAUUSD	M5	5183.30	5201.78826	5195.78622	5189.78419	5183.78215	5177.78011	5167.45251	5161.45047	5155.44843	5149.44640	5143.44436
1772124298	XAUUSD	M5	5181.36	5202.46315	5196.46969	5190.47624	5184.48278	5178.48932	5168.49574	5162.50229	5156.50883	5150.51537	5144.52192
1772124598	XAUUSD	M5	5179.02	5203.17776	5197.16468	5191.15159	5185.13851	5179.12542	5169.43067	5163.41758	5157.40450	5151.39141	5145.37832
1772124898	XAUUSD	M5	5179.61	5203.72738	5197.70244	5191.67750	5185.65256	5179.62762	5170.24264	5164.21770	5158.19276	5152.16782	5146.14289
1772125198	XAUUSD	M5	5181.28	5204.23430	5198.19405	5192.15381	5186.11356	5180.07331	5171.02613	5164.98589	5158.94564	5152.90539	5146.86515
1772125498	XAUUSD	M5	5186.39	5204.86711	5198.80026	5192.73341	5186.66656	5180.59970	5171.83656	5165.76971	5159.70286	5153.63601	5147.56916
1772125798	XAUUSD	M5	5179.65	5205.69595	5199.58058	5193.46521	5187.34984	5181.23447	5172.61780	5166.50243	5160.38706	5154.27168	5148.15631
1772126098	XAUUSD	M5	5178.26	5206.20110	5200.07684	5193.95258	5187.82832	5181.70406	5173.25821	5167.13395	5161.00970	5154.88544	5148.76118
1772126398	XAUUSD	M5	5179.47	5206.55636	5200.43241	5194.30846	5188.18451	5182.06056	5173.85293	5167.72898	5161.60503	5155.48108	5149.35712
1772126698	XAUUSD	M5	5174.39	5206.88149	5200.73272	5194.58395	5188.43519	5182.28642	5174.29004	5168.14128	5161.99251	5155.84374	5149.69498
1772126998	XAUUSD	M5	5176.73	5206.97904	5200.81830	5194.65756	5188.49682	5182.33608	5174.56355	5168.40281	5162.24207	5156.08133	5149.92059
1772127298	XAUUSD	M5	5173.94	5206.97027	5200.79836	5194.62645	5188.45453	5182.28262	5174.73891	5168.56700	5162.39509	5156.22317	5150.05126
1772127598	XAUUSD	M5	5174.73	5206.79460	5200.62855	5194.46250	5188.29645	5182.13040	5174.86069	5168.69464	5162.52859	5156.36254	5150.19649
1772127898	XAUUSD	M5	5169.95	5206.61954	5200.43361	5194.24769	5188.06176	5181.87583	5174.76589	5168.57997	5162.39404	5156.20811	5150.02219
1772128198	XAUUSD	M5	5166.97	5206.34299	5200.13120	5193.91941	5187.70762	5181.49583	5174.47920	5168.26741	5162.05562	5155.84383	5149.63204
1772128498	XAUUSD	M5	5167.22	5205.85962	5199.62567	5193.39172	5187.15777	5180.92382	5173.98734	5167.75339	5161.51944	5155.28549	5149.05154
1772128798	XAUUSD	M5	5168.87	5205.28520	5199.03872	5192.79224	5186.54576	5180.29927	5173.49704	5167.25056	5161.00408	5154.75760	5148.51112
1772129098	XAUUSD	M5	5170.20	5204.78105	5198.49636	5192.21167	5185.92698	5179.64228	5172.92113	5166.63644	5160.35175	5154.06706	5147.78237
1772129398	XAUUSD	M5	5173.38	5204.24275	5197.94176	5191.64077	5185.33978	5179.03880	5172.44173	5166.14075	5159.83976	5153.53877	5147.23778
1772129698	XAUUSD	M5	5174.85	5203.77072	5197.46689	5191.16306	5184.85923	5178.55541	5172.10284	5165.79902	5159.49519	5153.19136	5146.88753
1772129998	XAUUSD	M5	5174.86	5203.39770	5197.09220	5190.78671	5184.48122	5178.17572	5171.92597	5165.62048	5159.31498	5153.00949	5146.70400
1772130298	XAUUSD	M5	5177.09	5203.21219	5196.88843	5190.56466	5184.24090	5177.91713	5171.86265	5165.53889	5159.21512	5152.89136	5146.56759
1772130598	XAUUSD	M5	5167.56	5203.33228	5196.94839	5190.56450	5184.18062	5177.79673	5171.67423	5165.29034	5158.90645	5152.52257	5146.13868
1772130898	XAUUSD	M5	5175.50	5203.57668	5197.10730	5190.63792	5184.16853	5177.69915	5171.27642	5164.80704	5158.33765	5151.86827	5145.39889
1772131198	XAUUSD	M5	5181.72	5203.66863	5197.18875	5190.70887	5184.22900	5177.74912	5171.09079	5164.61091	5158.13103	5151.65116	5145.17128
1772131498	XAUUSD	M5	5184.66	5203.83951	5197.37198	5190.90445	5184.43692	5177.96939	5171.22544	5164.75791	5158.29038	5151.82285	5145.35531
1772131798	XAUUSD	M5	5180.90	5204.19151	5197.72453	5191.25756	5184.79058	5178.32361	5171.56863	5165.10166	5158.63468	5152.16770	5145.70073
1772132098	XAUUSD	M5	5180.24	5204.47866	5198.02748	5191.57631	5185.12514	5178.67397	5172.00831	5165.55713	5159.10596	5152.65479	5146.20362
1772132398	XAUUSD	M5	5185.45	5205.01293	5198.53806	5192.06318	5185.58831	5179.11343	5172.52170	5166.04683	5159.57195	5153.09707	5146.62220
1772132698	XAUUSD	M5	5186.22	5205.45297	5199.00143	5192.54989	5186.09834	5179.64680	5173.18732	5166.73577	5160.28423	5153.83269	5147.38114
1772132998	XAUUSD	M5	5186.48	5206.07087	5199.61513	5193.15939	5186.70365	5180.24791	5173.96335	5167.50761	5161.05187	5154.59613	5148.14039
1772133298	XAUUSD	M5	5187.70	5206.54836	5200.12935	5193.71033	5187.29132	5180.87231	5174.80812	5168.38910	5161.97009	5155.55108	5149.13207
1772133598	XAUUSD	M5	5185.79	5207.22371	5200.80100	5194.37828	5187.95556	5181.53285	5175.69080	5169.26808	5162.84537	5156.42265	5149.99993
1772133898	XAUUSD	M5	5185.56	5207.77460	5201.36645	5194.95830	5188.55015	5182.14201	5176.55969	5170.15154	5163.74339	5157.33524	5150.92709
1772134198	XAUUSD	M5	5188.86	5208.38486	5201.97893	5195.57301	5189.16708	5182.76116	5177.37202	5170.96610	5164.56017	5158.15424	5151.74832
1772134498	XAUUSD	M5	5184.19	5209.07048	5202.65813	5196.24579	5189.83344	5183.42110	5178.13169	5171.71935	5165.30700	5158.89466	5152.48231
1772134798	XAUUSD	M5	5186.40	5209.65052	5203.23676	5196.82299	5190.40923	5183.99546	5178.84751	5172.43374	5166.01998	5159.60621	5153.19245
1772135098	XAUUSD	M5	5193.89	5210.42884	5203.99156	5197.55427	5191.11699	5184.67970	5179.57746	5173.14018	5166.70289	5160.26561	5153.82832
1772135398	XAUUSD	M5	5189.59	5211.18758	5204.74647	5198.30535	5191.86424	5185.42313	5180.36673	5173.92562	5167.48451	5161.04340	5154.60229
1772135698	XAUUSD	M5	5187.06	5211.85362	5205.41683	5198.98004	5192.54325	5186.10646	5181.11852	5174.68173	5168.24494	5161.80815	5155.37136
1772135998	XAUUSD	M5	5193.81	5212.64045	5206.18428	5199.72811	5193.27193	5186.81576	5181.83513	5175.37895	5168.92278	5162.46661	5156.01044
1772136298	XAUUSD	M5	5195.17	5213.38556	5206.93809	5200.49062	5194.04315	5187.59568	5182.68949	5176.24202	5169.79455	5163.34708	5156.89961
1772136598	XAUUSD	M5	5196.91	5214.25619	5207.80409	5201.35199	5194.89989	5188.44779	5183.63557	5177.18347	5170.73137	5164.27927	5157.82717
1772136898	XAUUSD	M5	5194.53	5215.12661	5208.67192	5202.21723	5195.76254	5189.30785	5184.56429	5178.10959	5171.65490	5165.20021	5158.74552
1772137198	XAUUSD	M5	5197.78	5215.94004	5209.49806	5203.05609	5196.61411	5190.17214	5185.51873	5179.07676	5172.63478	5166.19280	5159.75083
1772137498	XAUUSD	M5	5193.62	5216.82898	5210.37719	5203.92540	5197.47361	5191.02182	5186.44543	5179.99364	5173.54185	5167.09006	5160.63827
1772137798	XAUUSD	M5	5194.35	5217.44320	5211.02375	5204.60431	5198.18487	5191.76542	5187.26802	5180.84858	5174.42913	5168.00969	5161.59025
1772138098	XAUUSD	M5	5197.73	5218.13438	5211.73469	5205.33500	5198.93530	5192.53561	5188.08787	5181.68818	5175.28849	5168.88880	5162.48911
1772138398	XAUUSD	M5	5198.35	5218.83994	5212.45574	5206.07155	5199.68735	5193.30315	5188.94326	5182.55906	5176.17487	5169.79067	5163.40647
1772138698	XAUUSD	M5	5199.97	5219.54399	5213.17998	5206.81596	5200.45195	5194.08794	5189.85449	5183.49048	5177.12647	5170.76245	5164.39844
1772138998	XAUUSD	M5	5192.82	5220.35057	5213.97699	5207.60341	5201.22983	5194.85625	5190.61052	5184.23694	5177.86336	5171.48978	5165.11620
1772139298	XAUUSD	M5	5196.61	5221.11767	5214.71903	5208.32039	5201.92174	5195.52310	5191.19380	5184.79516	5178.39652	5171.99787	5165.59923
1772139598	XAUUSD	M5	5198.64	5221.77866	5215.38032	5208.98199	5202.58366	5196.18532	5191.81472	5185.41638	5179.01805	5172.61972	5166.22138
1772139898	XAUUSD	M5	5199.59	5222.32700	5215.94755	5209.56811	5203.18867	5196.80922	5192.49879	5186.11935	5179.73990	5173.36046	5166.98101
1772140198	XAUUSD	M5	5196.51	5222.89449	5216.51764	5210.14079	5203.76394	5197.38709	5193.15561	5186.77876	5180.40191	5174.02506	5167.64821
1772140498	XAUUSD	M5	5195.12	5223.31089	5216.94558	5210.58027	5204.21496	5197.84965	5193.71142	5187.34611	5180.98080	5174.61549	5168.25018
1772140798	XAUUSD	M5	5191.31	5223.69115	5217.32127	5210.95140	5204.58152	5198.21164	5194.12189	5187.75202	5181.38214	5175.01226	5168.64239
1772141098	XAUUSD	M5	5185.72	5223.92866	5217.54156	5211.15446	5204.76736	5198.38026	5194.25524	5187.86814	5181.48104	5175.09394	5168.70684
1772141398	XAUUSD	M5	5185.11	5223.80474	5217.43585	5211.06696	5204.69807	5198.32919	5194.18210	5187.81321	5181.44432	5175.07543	5168.70654
1772141698	XAUUSD	M5	5187.12	5223.48941	5217.13910	5210.78879	5204.43848	5198.08817	5193.96644	5187.61614	5181.26583	5174.91552	5168.56521
1772141998	XAUUSD	M5	5190.39	5223.16574	5216.82833	5210.49093	5204.15352	5197.81611	5193.70944	5187.37204	5181.03463	5174.69722	5168.35981
1772142298	XAUUSD	M5	5187.18	5222.78073	5216.46030	5210.13986	5203.81943	5197.49900	5193.43818	5187.11775	5180.79732	5174.47689	5168.15645
1772142598	XAUUSD	M5	5183.40	5222.43904	5216.10448	5209.76991	5203.43534	5197.10077	5193.06043	5186.72587	5180.39130	5174.05673	5167.72216
1772142898	XAUUSD	M5	5185.20	5221.71312	5215.43472	5209.15633	5202.87793	5196.59954	5192.60520	5186.32681	5180.04841	5173.77002	5167.49162
1772146798	XAUUSD	M5	5182.18	5221.34585	5215.04085	5208.73585	5202.43085	5196.12585	5191.92065	5185.61565	5179.31065	5173.00565	5166.70065
1772147098	XAUUSD	M5	5184.67	5220.87707	5214.55707	5208.23707	5201.91707	5195.59707	5191.17227	5184.85227	5178.53227	5172.21227	5165.89227
1772147398	XAUUSD	M5	5183.99	5220.38639	5214.06337	5207.74034	5201.41732	5195.09429	5190.49730	5184.17427	5177.85125	5171.52822	5165.20520
1772147698	XAUUSD	M5	5183.77	5219.61594	5213.34834	5207.08075	5200.81316	5194.54557	5189.87632	5183.60873	5177.34114	5171.07354	5164.80595
1772147998	XAUUSD	M5	5183.69	5219.06213	5212.80003	5206.53793	5200.27583	5194.01373	5189.32771	5183.06561	5176.80351	5170.54141	5164.27931
1772148298	XAUUSD	M5	5184.00	5218.47404	5212.22237	5205.97071	5199.71904	5193.46737	5188.78049	5182.52883	5176.27716	5170.02549	5163.77383
1772148598	XAUUSD	M5	5183.32	5217.83725	5211.60269	5205.36812	5199.13355	5192.89898	5188.25337	5182.01880	5175.78424	5169.54967	5163.31510
1772148898	XAUUSD	M5	5187.21	5217.31093	5211.07951	5204.84809	5198.61667	5192.38525	5187.79095	5181.55953	5175.32812	5169.09670	5162.86528
1772149198	XAUUSD	M5	5186.02	5216.91789	5210.68302	5204.44814	5198.21327	5191.97839	5187.40194	5181.16706	5174.93219	5168.69731	5162.46244
1772149498	XAUUSD	M5	5183.96	5216.52530	5210.30111	5204.07691	5197.85271	5191.62851	5187.06751	5180.84331	5174.61912	5168.39492	5162.17072
1772149798	XAUUSD	M5	5184.93	5216.18255	5209.95107	5203.71959	5197.48810	5191.25662	5186.73802	5180.50654	5174.27506	5168.04358	5161.81210
1772150098	XAUUSD	M5	5184.61	5215.68026	5209.47402	5203.26779	5197.06155	5190.85532	5186.44540	5180.23917	5174.03293	5167.82670	5161.62047
1772150398	XAUUSD	M5	5180.24	5215.32676	5209.10768	5202.88861	5196.66953	5190.45046	5186.07371	5179.85463	5173.63556	5167.41649	5161.19741
1772150698	XAUUSD	M5	5182.68	5214.99442	5208.75806	5202.52170	5196.28535	5190.04899	5185.65344	5179.41708	5173.18072	5166.94437	5160.70801
1772150998	XAUUSD	M5	5185.89	5214.65361	5208.41256	5202.17151	5195.93046	5189.68941	5185.29775	5179.05670	5172.81565	5166.57460	5160.33355
1772151298	XAUUSD	M5	5189.28	5214.44714	5208.19985	5201.95257	5195.70528	5189.45800	5185.06464	5178.81736	5172.57007	5166.32279	5160.07551
1772151598	XAUUSD	M5	5192.47	5214.49462	5208.23018	5201.96573	5195.70129	5189.43684	5185.00796	5178.74351	5172.47907	5166.21462	5159.95018
1772151898	XAUUSD	M5	5188.14	5214.59972	5208.32762	5202.05552	5195.78342	5189.51133	5185.05018	5178.77808	5172.50598	5166.23388	5159.96178
1772152198	XAUUSD	M5	5182.22	5214.80958	5208.50050	5202.19143	5195.88235	5189.57328	5184.95590	5178.64682	5172.33775	5166.02868	5159.71960
1772152498	XAUUSD	M5	5174.71	5214.87648	5208.51605	5202.15562	5195.79518	5189.43475	5184.56932	5178.20889	5171.84846	5165.48803	5159.12760
1772152798	XAUUSD	M5	5176.20	5214.62668	5208.23070	5201.83471	5195.43872	5189.04273	5183.94341	5177.54742	5171.15144	5164.75545	5158.35946
1772153098	XAUUSD	M5	5173.90	5214.02874	5207.64047	5201.25220	5194.86393	5188.47565	5183.20218	5176.81391	5170.42564	5164.03737	5157.64910
1772153398	XAUUSD	M5	5176.56	5213.40877	5207.00747	5200.60618	5194.20488	5187.80358	5182.40754	5176.00624	5169.60495	5163.20365	5156.80235
1772153698	XAUUSD	M5	5174.97	5212.60127	5206.21621	5199.83115	5193.44609	5187.06102	5181.62705	5175.24198	5168.85692	5162.47186	5156.08680
1772153998	XAUUSD	M5	5175.37	5211.89068	5205.48513	5199.07957	5192.67402	5186.26846	5180.74360	5174.33804	5167.93249	5161.52693	5155.12138
1772154298	XAUUSD	M5	5174.86	5211.19405	5204.76096	5198.32787	5191.89479	5185.46170	5179.76293	5173.32984	5166.89676	5160.46367	5154.03058
1772154598	XAUUSD	M5	5176.58	5210.38347	5203.96631	5197.54915	5191.13199	5184.71483	5178.93528	5172.51812	5166.10096	5159.68380	5153.26664
1772154898	XAUUSD	M5	5177.91	5209.68399	5203.27047	5196.85696	5190.44344	5184.02992	5178.23879	5171.82527	5165.41175	5158.99823	5152.58472
1772155198	XAUUSD	M5	5177.86	5209.06602	5202.65725	5196.24849	5189.83972	5183.43096	5177.67501	5171.26625	5164.85748	5158.44872	5152.03995
1772155498	XAUUSD	M5	5174.99	5208.40744	5202.02059	5195.63374	5189.24689	5182.86003	5177.18475	5170.79790	5164.41104	5158.02419	5151.63734
1772155798	XAUUSD	M5	5182.14	5208.05674	5201.65001	5195.24328	5188.83655	5182.42983	5176.71989	5170.31317	5163.90644	5157.49971	5151.09298
1772156098	XAUUSD	M5	5190.70	5208.02107	5201.59496	5195.16885	5188.74274	5182.31663	5176.49952	5170.07340	5163.64729	5157.22118	5150.79507
1772156398	XAUUSD	M5	5188.65	5208.19420	5201.75469	5195.31518	5188.87568	5182.43617	5176.58063	5170.14112	5163.70161	5157.26211	5150.82260
1772156698	XAUUSD	M5	5188.54	5208.37337	5201.94997	5195.52658	5189.10318	5182.67979	5176.88484	5170.46145	5164.03805	5157.61466	5151.19126
1772156998	XAUUSD	M5	5192.10	5208.84027	5202.40743	5195.97459	5189.54175	5183.10891	5177.34016	5170.90732	5164.47448	5158.04164	5151.60880
1772157298	XAUUSD	M5	5194.22	5209.40877	5202.97636	5196.54396	5190.11155	5183.67914	5177.95675	5171.52434	5165.09193	5158.65953	5152.22712
1772157598	XAUUSD	M5	5193.31	5210.22327	5203.77037	5197.31747	5190.86457	5184.41167	5178.72123	5172.26833	5165.81543	5159.36253	5152.90962
1772157898	XAUUSD	M5	5195.28	5211.19399	5204.71980	5198.24560	5191.77140	5185.29720	5179.60714	5173.13294	5166.65875	5160.18455	5153.71035
1772158198	XAUUSD	M5	5194.16	5212.15988	5205.66883	5199.17778	5192.68673	5186.19568	5180.52966	5174.03861	5167.54756	5161.05651	5154.56546
1772158498	XAUUSD	M5	5191.24	5213.01191	5206.52018	5200.02846	5193.53673	5187.04500	5181.43871	5174.94698	5168.45525	5161.96352	5155.47179
1772158798	XAUUSD	M5	5186.66	5213.64945	5207.17667	5200.70389	5194.23112	5187.75834	5182.15103	5175.67825	5169.20547	5162.73270	5156.25992
1772159098	XAUUSD	M5	5183.93	5214.16740	5207.69271	5201.21802	5194.74333	5188.26863	5182.69069	5176.21600	5169.74131	5163.26661	5156.79192
1772159398	XAUUSD	M5	5183.74	5214.32391	5207.88675	5201.44958	5195.01242	5188.57526	5183.05469	5176.61752	5170.18036	5163.74320	5157.30604
1772159698	XAUUSD	M5	5178.53	5214.53189	5208.07035	5201.60880	5195.14726	5188.68572	5183.09010	5176.62856	5170.16702	5163.70547	5157.24393
1772159998	XAUUSD	M5	5181.46	5214.48756	5208.01682	5201.54608	5195.07534	5188.60460	5182.97912	5176.50838	5170.03764	5163.56690	5157.09616
1772160298	XAUUSD	M5	5178.68	5214.24194	5207.78318	5201.32441	5194.86565	5188.40688	5182.75944	5176.30068	5169.84191	5163.38315	5156.92438
1772160598	XAUUSD	M5	5177.77	5213.84182	5207.38935	5200.93688	5194.48441	5188.03194	5182.37846	5175.92599	5169.47352	5163.02105	5156.56858
1772160898	XAUUSD	M5	5183.68	5213.56012	5207.08963	5200.61913	5194.14864	5187.67814	5181.98599	5175.51550	5169.04500	5162.57451	5156.10402
1772161198	XAUUSD	M5	5182.75	5213.17037	5206.71975	5200.26913	5193.81852	5187.36790	5181.71437	5175.26375	5168.81314	5162.36252	5155.91190
1772161498	XAUUSD	M5	5183.04	5212.82706	5206.38749	5199.94792	5193.50836	5187.06879	5181.51519	5175.07562	5168.63606	5162.19649	5155.75692
1772161798	XAUUSD	M5	5182.90	5212.44156	5206.02329	5199.60502	5193.18675	5186.76848	5181.37596	5174.95769	5168.53942	5162.12115	5155.70288
1772162098	XAUUSD	M5	5183.78	5212.07422	5205.67984	5199.28546	5192.89108	5186.49669	5181.28652	5174.89213	5168.49775	5162.10337	5155.70899
1772162398	XAUUSD	M5	5185.07	5211.86108	5205.46269	5199.06429	5192.66590	5186.26750	5181.24054	5174.84215	5168.44375	5162.04536	5155.64696
1772162698	XAUUSD	M5	5186.89	5211.70159	5205.31486	5198.92813	5192.54140	5186.15467	5181.30369	5174.91696	5168.53023	5162.14351	5155.75678
1772162998	XAUUSD	M5	5187.76	5211.52635	5205.18141	5198.83647	5192.49153	5186.14659	5181.45268	5175.10774	5168.76281	5162.41787	5156.07293
1772163298	XAUUSD	M5	5186.55	5211.44174	5205.12662	5198.81149	5192.49637	5186.18124	5181.60778	5175.29265	5168.97753	5162.66241	5156.34728
1772163598	XAUUSD	M5	5187.17	5211.40424	5205.11344	5198.82264	5192.53183	5186.24103	5181.81399	5175.52319	5169.23239	5162.94158	5156.65078
1772163898	XAUUSD	M5	5189.70	5211.47841	5205.20489	5198.93137	5192.65785	5186.38434	5182.08737	5175.81385	5169.54034	5163.26682	5156.99330
1772164198	XAUUSD	M5	5189.59	5211.53151	5205.29472	5199.05793	5192.82114	5186.58435	5182.45863	5176.22184	5169.98505	5163.74826	5157.51147
1772164498	XAUUSD	M5	5184.00	5211.83664	5205.58201	5199.32738	5193.07275	5186.81812	5182.75990	5176.50527	5170.25065	5163.99602	5157.74139
1772164798	XAUUSD	M5	5185.32	5211.81465	5205.60169	5199.38873	5193.17576	5186.96280	5182.99412	5176.78116	5170.56819	5164.35523	5158.14227
1772165098	XAUUSD	M5	5185.89	5211.79665	5205.61696	5199.43727	5193.25758	5187.07789	5183.22104	5177.04135	5170.86166	5164.68197	5158.50228
1772165398	XAUUSD	M5	5186.61	5211.67145	5205.54021	5199.40898	5193.27775	5187.14651	5183.41640	5177.28517	5171.15393	5165.02270	5158.89146
1772165698	XAUUSD	M5	5184.83	5211.65019	5205.53470	5199.41920	5193.30371	5187.18821	5183.58659	5177.47110	5171.35560	5165.24011	5159.12462
1772165998	XAUUSD	M5	5187.86	5211.78258	5205.64690	5199.51122	5193.37555	5187.23987	5183.66795	5177.53227	5171.39659	5165.26091	5159.12523
1772166298	XAUUSD	M5	5187.37	5211.78155	5205.66599	5199.55043	5193.43488	5187.31932	5183.81072	5177.69517	5171.57961	5165.46406	5159.34850
1772166598	XAUUSD	M5	5186.79	5211.71038	5205.62754	5199.54470	5193.46186	5187.37902	5183.96259	5177.87975	5171.79691	5165.71407	5159.63123
1772166898	XAUUSD	M5	5187.75	5211.65155	5205.60198	5199.55241	5193.50285	5187.45328	5184.15010	5178.10054	5172.05097	5166.00140	5159.95183
1772167198	XAUUSD	M5	5187.34	5211.65421	5205.62131	5199.58841	5193.55551	5187.52261	5184.35458	5178.32168	5172.28878	5166.25588	5160.22298
1772167498	XAUUSD	M5	5185.67	5211.66682	5205.64324	5199.61966	5193.59608	5187.57249	5184.53456	5178.51098	5172.48740	5166.46382	5160.44024
1772167798	XAUUSD	M5	5183.22	5211.57982	5205.57704	5199.57427	5193.57149	5187.56871	5184.62869	5178.62591	5172.62313	5166.62036	5160.61758
1772168098	XAUUSD	M5	5181.88	5211.50401	5205.50192	5199.49982	5193.49772	5187.49562	5184.61556	5178.61346	5172.61136	5166.60926	5160.60717
1772168398	XAUUSD	M5	5184.54	5210.72217	5204.88464	5199.04711	5193.20958	5187.37205	5184.54264	5178.70511	5172.86758	5167.03005	5161.19252
1772168698	XAUUSD	M5	5185.09	5210.37038	5204.58988	5198.80939	5193.02889	5187.24840	5184.49504	5178.71454	5172.93405	5167.15355	5161.37306
1772168998	XAUUSD	M5	5187.34	5209.97230	5204.27200	5198.57169	5192.87138	5187.17107	5184.47521	5178.77491	5173.07460	5167.37429	5161.67398
1772169298	XAUUSD	M5	5186.48	5209.72585	5204.07603	5198.42622	5192.77640	5187.12659	5184.50348	5178.85367	5173.20385	5167.55404	5161.90422
1772169598	XAUUSD	M5	5189.16	5209.61221	5204.00005	5198.38789	5192.77573	5187.16357	5184.57900	5178.96684	5173.35468	5167.74252	5162.13036
1772169898	XAUUSD	M5	5194.80	5209.78816	5204.18742	5198.58668	5192.98594	5187.38520	5184.75889	5179.15815	5173.55741	5167.95667	5162.35593
1772170198	XAUUSD	M5	5196.26	5209.96269	5204.42213	5198.88158	5193.34102	5187.80046	5185.13393	5179.59337	5174.05282	5168.51226	5162.97171
1772170498	XAUUSD	M5	5194.54	5210.48068	5204.93753	5199.39439	5193.85124	5188.30809	5185.53101	5179.98787	5174.44472	5168.90157	5163.35842
1772170798	XAUUSD	M5	5191.87	5210.82214	5205.32153	5199.82091	5194.32029	5188.81968	5185.96873	5180.46811	5174.96749	5169.46688	5163.96626
1772171098	XAUUSD	M5	5191.26	5211.05559	5205.61917	5200.18275	5194.74633	5189.30991	5186.42012	5180.98370	5175.54728	5170.11086	5164.67445
1772171398	XAUUSD	M5	5194.86	5211.47789	5206.07048	5200.66308	5195.25567	5189.84826	5186.86711	5181.45970	5176.05229	5170.64489	5165.23748
1772171698	XAUUSD	M5	5197.92	5211.61967	5206.34102	5201.06238	5195.78374	5190.50510	5187.37594	5182.09730	5176.81865	5171.54001	5166.26137
1772171998	XAUUSD	M5	5193.54	5212.04137	5206.82655	5201.61174	5196.39692	5191.18211	5187.89482	5182.68001	5177.46519	5172.25038	5167.03556
1772172298	XAUUSD	M5	5194.73	5212.32663	5207.19632	5202.06601	5196.93570	5191.80539	5188.42182	5183.29151	5178.16121	5173.03090	5167.90059
1772172598	XAUUSD	M5	5197.14	5212.79507	5207.70439	5202.61371	5197.52303	5192.43235	5188.97655	5183.88587	5178.79519	5173.70452	5168.61384
1772172898	XAUUSD	M5	5195.58	5213.27739	5208.22566	5203.17394	5198.12221	5193.07048	5189.54605	5184.49432	5179.44259	5174.39086	5169.33913
1772173198	XAUUSD	M5	5195.00	5213.62023	5208.62498	5203.62973	5198.63448	5193.63924	5190.09335	5185.09811	5180.10286	5175.10761	5170.11237
1772173498	XAUUSD	M5	5193.22	5213.94798	5208.98940	5204.03082	5199.07224	5194.11366	5190.56045	5185.60187	5180.64329	5175.68471	5170.72613
1772173798	XAUUSD	M5	5192.34	5214.24755	5209.31835	5204.38915	5199.45996	5194.53076	5190.96534	5186.03615	5181.10695	5176.17775	5171.24855
1772174098	XAUUSD	M5	5194.18	5214.56367	5209.63886	5204.71404	5199.78923	5194.86441	5191.29785	5186.37303	5181.44822	5176.52340	5171.59859
1772174398	XAUUSD	M5	5193.45	5214.77415	5209.87254	5204.97094	5200.06933	5195.16773	5191.60358	5186.70197	5181.80037	5176.89876	5171.99716
1772174698	XAUUSD	M5	5191.89	5214.78380	5209.93281	5205.08183	5200.23084	5195.37985	5191.85034	5186.99935	5182.14837	5177.29738	5172.44639
1772174998	XAUUSD	M5	5188.85	5214.82270	5209.99005	5205.15739	5200.32474	5195.49209	5191.94951	5187.11686	5182.28420	5177.45155	5172.61890
1772175298	XAUUSD	M5	5185.71	5214.73781	5209.91219	5205.08657	5200.26096	5195.43534	5191.88132	5187.05570	5182.23009	5177.40447	5172.57885
1772175598	XAUUSD	M5	5185.28	5214.52633	5209.70484	5204.88336	5200.06188	5195.24040	5191.65352	5186.83203	5182.01055	5177.18907	5172.36759
1772175898	XAUUSD	M5	5187.16	5214.27460	5209.45460	5204.63460	5199.81460	5194.99460	5191.36179	5186.54179	5181.72179	5176.90179	5172.08179
1772176198	XAUUSD	M5	5181.70	5214.01796	5209.18815	5204.35833	5199.52852	5194.69870	5190.93546	5186.10564	5181.27583	5176.44601	5171.61620
1772176498	XAUUSD	M5	5177.62	5213.50660	5208.68543	5203.86426	5199.04308	5194.22191	5190.32521	5185.50404	5180.68287	5175.86169	5171.04052
1772176798	XAUUSD	M5	5182.82	5212.90910	5208.09336	5203.27762	5198.46188	5193.64614	5189.60228	5184.78654	5179.97080	5175.15506	5170.33932
1772177098	XAUUSD	M5	5178.64	5212.35689	5207.53176	5202.70664	5197.88152	5193.05639	5188.83686	5184.01174	5179.18662	5174.36149	5169.53637
1772177398	XAUUSD	M5	5180.19	5211.70776	5206.87344	5202.03912	5197.20480	5192.37048	5187.98627	5183.15195	5178.31762	5173.48330	5168.64898
1772177698	XAUUSD	M5	5182.70	5210.89430	5206.08628	5201.27825	5196.47023	5191.66220	5187.20447	5182.39645	5177.58842	5172.78040	5167.97237
1772177998	XAUUSD	M5	5180.52	5209.99274	5205.23281	5200.47287	5195.71293	5190.95299	5186.48253	5181.72259	5176.96265	5172.20271	5167.44277
1772178298	XAUUSD	M5	5181.24	5209.19521	5204.45533	5199.71545	5194.97558	5190.23570	5185.80260	5181.06272	5176.32285	5171.58297	5166.84309
1772178598	XAUUSD	M5	5179.65	5208.47553	5203.73535	5198.99516	5194.25498	5189.51479	5185.12292	5180.38274	5175.64255	5170.90237	5166.16218
1772178898	XAUUSD	M5	5176.10	5207.80831	5203.06578	5198.32325	5193.58072	5188.83819	5184.41190	5179.66937	5174.92684	5170.18430	5165.44177
1772179198	XAUUSD	M5	5180.66	5207.19538	5202.44532	5197.69526	5192.94520	5188.19514	5183.69693	5178.94687	5174.19681	5169.44675	5164.69668
1772179498	XAUUSD	M5	5180.62	5206.55608	5201.80978	5197.06348	5192.31719	5187.57089	5183.02333	5178.27703	5173.53074	5168.78444	5164.03815
1772179798	XAUUSD	M5	5178.43	5205.94750	5201.19973	5196.45195	5191.70417	5186.95639	5182.40102	5177.65324	5172.90546	5168.15768	5163.40991
1772180098	XAUUSD	M5	5178.90	5205.17414	5200.46346	5195.75278	5191.04210	5186.33142	5181.81681	5177.10613	5172.39545	5167.68477	5162.97409
1772180398	XAUUSD	M5	5175.00	5204.46769	5199.77590	5195.08411	5190.39232	5185.70053	5181.20109	5176.50930	5171.81751	5167.12572	5162.43393
1772180698	XAUUSD	M5	5177.61	5203.80117	5199.12154	5194.44191	5189.76228	5185.08265	5180.58767	5175.90804	5171.22841	5166.54878	5161.86915
1772180998	XAUUSD	M5	5181.78	5203.28614	5198.60127	5193.91639	5189.23152	5184.54664	5180.03790	5175.35302	5170.66815	5165.98327	5161.29839
1772181298	XAUUSD	M5	5180.34	5202.70654	5198.05278	5193.39901	5188.74525	5184.09148	5179.62266	5174.96890	5170.31513	5165.66137	5161.00760
1772181598	XAUUSD	M5	5180.32	5202.23096	5197.59269	5192.95442	5188.31615	5183.67787	5179.30299	5174.66472	5170.02645	5165.38818	5160.74991
1772181898	XAUUSD	M5	5182.07	5201.81107	5197.18835	5192.56563	5187.94292	5183.32020	5179.06842	5174.44570	5169.82298	5165.20027	5160.57755
