timestamp	symbol	timeframe	close	ha_open	ha_high	ha_low	ha_close	ha_color	ha_body_size	ha_body_zscore	ha_trend
1772024998	XAUUSD	M5	5187.20	5185.05	5189.22	5185.05	5187.59	1	2.54	-0.27754	1
1772025298	XAUUSD	M5	5187.00	5186.32	5189.54	5185.97	5187.43	1	1.11	-0.74682	2
1772025598	XAUUSD	M5	5191.13	5186.88	5191.47	5186.14	5188.89	1	2.01	-0.44040	3
1772025898	XAUUSD	M5	5188.07	5187.88	5191.36	5186.93	5189.38	1	1.49	-0.61721	4
1772026198	XAUUSD	M5	5188.16	5188.63	5190.35	5186.62	5188.30	-1	0.33	-1.00918	-1
1772026498	XAUUSD	M5	5189.61	5188.46	5190.35	5187.73	5188.96	1	0.50	-0.94748	1
1772026798	XAUUSD	M5	5186.84	5188.71	5191.33	5182.03	5187.53	-1	1.18	-0.71688	-1
1772027098	XAUUSD	M5	5186.59	5188.12	5191.12	5185.65	5187.62	-1	0.50	-0.94268	-2
1772027398	XAUUSD	M5	5186.07	5187.87	5187.87	5184.30	5186.20	-1	1.67	-0.54678	-3
1772027698	XAUUSD	M5	5185.23	5187.04	5188.50	5184.76	5186.13	-1	0.91	-0.79817	-4
1772027998	XAUUSD	M5	5187.18	5186.59	5187.34	5183.76	5185.88	-1	0.71	-0.86053	-5
1772028298	XAUUSD	M5	5189.99	5186.23	5191.07	5186.23	5188.76	1	2.53	-0.24864	1
1772028598	XAUUSD	M5	5185.44	5187.50	5190.31	5183.69	5187.38	-1	0.12	-1.05298	-1
1772028898	XAUUSD	M5	5182.68	5187.44	5187.44	5182.03	5184.02	-1	3.41	0.04956	-2
1772029198	XAUUSD	M5	5181.49	5185.73	5185.73	5179.91	5182.35	-1	3.38	0.03677	-3
1772029498	XAUUSD	M5	5177.91	5184.04	5184.04	5174.89	5179.24	-1	4.80	0.50934	-4
1772029798	XAUUSD	M5	5174.14	5181.64	5181.64	5172.20	5176.32	-1	5.32	0.67856	-5
1772030098	XAUUSD	M5	5159.73	5178.98	5178.98	5158.94	5167.17	-1	11.81	2.84361	-6
1772030398	XAUUSD	M5	5174.91	5173.08	5176.28	5159.65	5167.75	-1	5.32	0.68060	-7
1772030698	XAUUSD	M5	5181.79	5170.41	5181.86	5170.41	5178.33	1	7.91	1.56030	1
1772030998	XAUUSD	M5	5188.55	5174.37	5189.06	5174.37	5184.82	1	10.45	2.43284	2
1772031298	XAUUSD	M5	5191.25	5179.60	5193.27	5179.60	5190.23	1	10.63	2.50399	3
1772031598	XAUUSD	M5	5198.64	5184.92	5201.38	5184.92	5195.48	1	10.56	2.50062	4
1772031898	XAUUSD	M5	5195.89	5190.20	5202.61	5190.20	5198.16	1	7.96	1.59393	5
1772032198	XAUUSD	M5	5193.17	5194.18	5196.22	5190.40	5193.97	-1	0.21	-1.05150	-1
1772032498	XAUUSD	M5	5188.97	5194.07	5195.68	5188.40	5191.56	-1	2.52	-0.24587	-2
1772032798	XAUUSD	M5	5185.46	5192.81	5192.81	5183.87	5187.41	-1	5.40	0.76215	-3
1772033098	XAUUSD	M5	5180.33	5190.11	5190.11	5174.10	5181.79	-1	8.32	1.77739	-4
1772033398	XAUUSD	M5	5181.68	5185.95	5185.95	5172.47	5179.12	-1	6.84	1.25053	-5
1772033698	XAUUSD	M5	5187.95	5182.53	5189.50	5181.18	5185.02	1	2.49	-0.26141	1
1772033998	XAUUSD	M5	5191.00	5183.78	5193.07	5183.78	5189.72	1	5.94	0.99686	2
1772034298	XAUUSD	M5	5197.90	5186.75	5198.34	5186.75	5193.50	1	6.75	1.28922	3
1772034598	XAUUSD	M5	5195.48	5190.13	5198.00	5190.13	5196.01	1	5.88	0.96677	4
1772034898	XAUUSD	M5	5194.50	5193.07	5198.06	5193.07	5195.30	1	2.24	-0.35488	5
1772035198	XAUUSD	M5	5194.37	5194.18	5198.45	5193.09	5195.18	1	1.00	-0.79896	6
1772035498	XAUUSD	M5	5191.37	5194.68	5195.31	5190.48	5192.88	-1	1.80	-0.50527	-1
1772035798	XAUUSD	M5	5192.52	5193.78	5195.83	5189.86	5192.38	-1	1.40	-0.64656	-2
1772036098	XAUUSD	M5	5197.05	5193.08	5197.64	5191.81	5194.78	1	1.70	-0.53352	1
1772036398	XAUUSD	M5	5205.29	5193.93	5205.75	5193.93	5201.28	1	7.35	1.51763	2
1772036698	XAUUSD	M5	5203.22	5197.61	5206.19	5197.61	5203.97	1	6.36	1.14912	3
1772036998	XAUUSD	M5	5206.56	5200.79	5206.68	5199.27	5203.85	1	3.07	-0.04417	4
1772037298	XAUUSD	M5	5203.39	5202.32	5207.11	5202.32	5204.90	1	2.58	-0.21844	5
1772037598	XAUUSD	M5	5207.51	5203.61	5207.54	5203.50	5205.51	1	1.90	-0.45942	6
1772037898	XAUUSD	M5	5208.18	5204.56	5213.80	5204.56	5209.05	1	4.49	0.48544	7
1772038198	XAUUSD	M5	5211.95	5206.81	5212.49	5206.81	5210.06	1	3.25	0.03072	8
1772038498	XAUUSD	M5	5212.31	5208.43	5212.79	5208.43	5211.80	1	3.37	0.06977	9
1772038798	XAUUSD	M5	5210.09	5210.12	5212.66	5208.17	5210.86	1	0.74	-0.88686	10
1772039098	XAUUSD	M5	5214.69	5210.49	5214.96	5207.95	5211.93	1	1.45	-0.62745	11
1772039398	XAUUSD	M5	5215.17	5211.21	5217.63	5211.21	5215.39	1	4.18	0.36726	12
1772039698	XAUUSD	M5	5214.53	5213.30	5215.29	5212.12	5214.31	1	1.01	-0.78982	13
1772039998	XAUUSD	M5	5213.27	5213.80	5215.65	5211.46	5213.72	-1	0.08	-1.12090	-1
1772040298	XAUUSD	M5	5213.10	5213.76	5215.97	5212.26	5213.69	-1	0.08	-1.11736	-2
1772040598	XAUUSD	M5	5211.85	5213.72	5214.42	5211.05	5212.60	-1	1.12	-0.73458	-3
1772040898	XAUUSD	M5	5213.17	5213.16	5213.46	5210.33	5212.21	-1	0.96	-0.79362	-4
1772041198	XAUUSD	M5	5208.33	5212.69	5213.79	5208.18	5210.87	-1	1.82	-0.47781	-5
1772041498	XAUUSD	M5	5206.71	5211.78	5211.78	5204.41	5207.23	-1	4.54	0.50893	-6
1772041798	XAUUSD	M5	5206.32	5209.51	5210.67	5204.88	5207.18	-1	2.33	-0.28958	-7
1772042098	XAUUSD	M5	5206.82	5208.34	5208.34	5203.44	5206.16	-1	2.18	-0.34537	-8
1772042398	XAUUSD	M5	5207.40	5207.25	5207.45	5206.83	5207.13	-1	0.12	-1.08705	-9
1772042698	XAUUSD	M5	5207.07	5207.19	5207.53	5207.02	5207.26	1	0.07	-1.09960	1
1772042998	XAUUSD	M5	5206.89	5207.23	5207.23	5206.72	5206.94	-1	0.28	-1.01798	-1
1772043298	XAUUSD	M5	5206.80	5207.09	5207.29	5206.71	5206.92	-1	0.16	-1.05500	-2
1772043598	XAUUSD	M5	5206.77	5207.00	5207.28	5206.73	5206.90	-1	0.11	-1.06748	-3
1772043898	XAUUSD	M5	5206.80	5206.95	5207.04	5206.64	5206.81	-1	0.14	-1.05571	-4
1772044198	XAUUSD	M5	5206.80	5206.88	5207.29	5206.75	5206.91	1	0.03	-1.09542	1
1772044498	XAUUSD	M5	5206.39	5206.90	5206.90	5205.87	5206.46	-1	0.43	-0.94768	-1
1772044798	XAUUSD	M5	5205.13	5206.68	5206.68	5204.95	5205.75	-1	0.93	-0.76471	-2
1772045098	XAUUSD	M5	5200.95	5206.22	5206.22	5200.71	5203.04	-1	3.17	0.06029	-3
1772045398	XAUUSD	M5	5202.58	5204.63	5204.63	5200.84	5202.10	-1	2.53	-0.18097	-4
1772045698	XAUUSD	M5	5202.12	5203.37	5203.55	5201.23	5202.38	-1	0.98	-0.74888	-5
1772045998	XAUUSD	M5	5200.91	5202.87	5202.87	5200.91	5201.67	-1	1.20	-0.66245	-6
1772046298	XAUUSD	M5	5194.29	5202.27	5202.27	5194.07	5197.65	-1	4.63	0.60153	-7
1772046598	XAUUSD	M5	5207.04	5199.96	5207.87	5191.67	5200.23	1	0.27	-1.00400	1
1772046898	XAUUSD	M5	5200.55	5200.10	5207.22	5200.10	5203.84	1	3.75	0.27716	2
1772047198	XAUUSD	M5	5197.32	5201.97	5201.97	5194.31	5198.20	-1	3.77	0.28627	-1
1772047498	XAUUSD	M5	5202.59	5200.08	5202.73	5194.06	5199.18	-1	0.91	-0.76479	-2
1772047798	XAUUSD	M5	5202.51	5199.63	5204.51	5199.62	5202.35	1	2.72	-0.09771	1
1772048098	XAUUSD	M5	5201.00	5200.99	5206.30	5200.84	5202.66	1	1.68	-0.48236	2
1772048398	XAUUSD	M5	5204.32	5201.83	5205.14	5200.72	5202.79	1	0.96	-0.74619	3
1772048698	XAUUSD	M5	5205.00	5202.31	5207.58	5200.29	5204.30	1	1.99	-0.36873	4
1772048998	XAUUSD	M5	5204.97	5203.30	5208.32	5200.63	5204.70	1	1.39	-0.58861	5
1772049298	XAUUSD	M5	5204.87	5204.00	5207.55	5203.60	5205.34	1	1.34	-0.60965	6
1772049598	XAUUSD	M5	5201.76	5204.67	5205.24	5196.81	5202.17	-1	2.49	-0.18267	-1
1772049898	XAUUSD	M5	5202.46	5203.42	5205.81	5200.96	5202.75	-1	0.67	-0.84988	-2
1772050198	XAUUSD	M5	5195.27	5203.08	5206.05	5195.19	5199.74	-1	3.34	0.13402	-3
1772050498	XAUUSD	M5	5184.80	5201.41	5201.41	5183.51	5190.04	-1	11.37	3.03463	-4
1772050798	XAUUSD	M5	5189.00	5195.73	5195.73	5183.27	5186.53	-1	9.20	2.22434	-5
1772051098	XAUUSD	M5	5186.11	5191.13	5193.35	5185.75	5188.63	-1	2.50	-0.19025	-6
1772051398	XAUUSD	M5	5188.12	5189.88	5190.61	5180.60	5186.51	-1	3.37	0.12274	-7
1772051698	XAUUSD	M5	5183.41	5188.20	5188.49	5181.25	5185.31	-1	2.88	-0.05329	-8
1772051998	XAUUSD	M5	5181.48	5186.76	5186.76	5177.40	5181.61	-1	5.14	0.75625	-9
1772052298	XAUUSD	M5	5173.57	5184.19	5184.19	5167.27	5175.95	-1	8.24	1.85354	-10
1772052598	XAUUSD	M5	5178.01	5180.07	5180.59	5172.18	5176.08	-1	3.99	0.32630	-11
1772052898	XAUUSD	M5	5152.16	5178.07	5178.07	5145.45	5163.41	-1	14.67	4.03300	-12
1772053198	XAUUSD	M5	5156.08	5170.74	5170.74	5150.50	5154.72	-1	16.02	4.34486	-13
1772053498	XAUUSD	M5	5163.03	5162.73	5163.31	5156.06	5159.61	-1	3.12	-0.02498	-14
1772053798	XAUUSD	M5	5161.84	5161.17	5165.32	5158.55	5162.17	1	1.00	-0.73928	1
1772054098	XAUUSD	M5	5165.38	5161.67	5173.36	5160.86	5165.36	1	3.68	0.16709	2
1772054398	XAUUSD	M5	5169.17	5163.51	5170.21	5163.51	5167.46	1	3.94	0.26265	3
1772054698	XAUUSD	M5	5169.12	5165.49	5170.51	5165.49	5169.14	1	3.65	0.17426	4
1772054998	XAUUSD	M5	5168.22	5167.31	5171.26	5166.69	5168.89	1	1.57	-0.53789	5
1772055298	XAUUSD	M5	5168.90	5168.10	5173.48	5168.10	5169.70	1	1.60	-0.52384	6
1772055598	XAUUSD	M5	5170.25	5168.90	5170.71	5168.21	5169.47	1	0.58	-0.87491	7
1772055898	XAUUSD	M5	5170.94	5169.19	5171.59	5168.89	5170.42	1	1.23	-0.64912	8
1772056198	XAUUSD	M5	5164.31	5169.80	5171.40	5163.07	5167.43	-1	2.37	-0.25210	-1
1772056498	XAUUSD	M5	5164.89	5168.62	5170.52	5163.63	5165.88	-1	2.74	-0.12251	-2
1772060398	XAUUSD	M5	5175.34	5167.25	5178.95	5160.41	5168.78	1	1.53	-0.53805	1
1772060698	XAUUSD	M5	5179.73	5168.01	5182.16	5168.01	5177.90	1	9.89	2.33274	2
1772060998	XAUUSD	M5	5168.80	5172.96	5179.76	5166.24	5173.63	1	0.68	-0.83099	3
1772061298	XAUUSD	M5	5174.01	5173.29	5174.99	5164.29	5170.52	-1	2.77	-0.11443	-1
1772061598	XAUUSD	M5	5170.68	5171.91	5179.98	5170.46	5173.78	1	1.87	-0.42112	1
1772061898	XAUUSD	M5	5170.04	5172.85	5172.85	5167.08	5169.81	-1	3.04	-0.02164	-1
1772062198	XAUUSD	M5	5168.98	5171.33	5171.33	5165.41	5168.66	-1	2.67	-0.14742	-2
1772062498	XAUUSD	M5	5169.88	5170.00	5170.00	5164.08	5168.20	-1	1.79	-0.44432	-3
1772062798	XAUUSD	M5	5172.62	5169.10	5174.35	5168.71	5171.39	1	2.29	-0.27232	1
1772063098	XAUUSD	M5	5167.31	5170.25	5178.82	5166.51	5171.32	1	1.08	-0.68885	2
1772063398	XAUUSD	M5	5169.57	5170.78	5170.78	5165.30	5168.40	-1	2.39	-0.23621	-1
1772063698	XAUUSD	M5	5163.13	5169.59	5170.67	5161.52	5166.22	-1	3.37	0.10149	-2
1772063998	XAUUSD	M5	5160.24	5167.91	5168.08	5155.71	5161.82	-1	6.09	1.04944	-3
1772064298	XAUUSD	M5	5161.95	5164.86	5167.30	5156.41	5161.50	-1	3.36	0.10930	-4
1772064598	XAUUSD	M5	5167.67	5163.18	5169.33	5160.82	5164.94	1	1.76	-0.44543	1
1772064898	XAUUSD	M5	5169.72	5164.06	5174.56	5164.06	5169.89	1	5.82	0.96150	2
1772065198	XAUUSD	M5	5180.94	5166.97	5182.62	5166.97	5175.87	1	8.89	2.00794	3
1772065498	XAUUSD	M5	5185.25	5171.42	5186.34	5171.42	5182.90	1	11.47	2.84699	4
1772065798	XAUUSD	M5	5182.32	5177.16	5189.46	5177.16	5184.89	1	7.73	1.55959	5
1772066098	XAUUSD	M5	5182.63	5181.02	5185.18	5181.02	5182.91	1	1.88	-0.42336	6
1772066398	XAUUSD	M5	5188.37	5181.96	5188.43	5181.29	5185.18	1	3.22	0.03865	7
1772066698	XAUUSD	M5	5185.97	5183.57	5190.06	5183.57	5187.41	1	3.84	0.25880	8
1772066998	XAUUSD	M5	5189.70	5185.49	5191.10	5184.97	5187.91	1	2.42	-0.22555	9
1772067298	XAUUSD	M5	5188.31	5186.70	5192.15	5186.13	5189.08	1	2.38	-0.24233	10
1772067598	XAUUSD	M5	5194.75	5187.89	5198.49	5187.89	5192.44	1	4.55	0.51127	11
1772067898	XAUUSD	M5	5183.93	5190.17	5194.96	5182.96	5189.20	-1	0.96	-0.72743	-1
1772068198	XAUUSD	M5	5187.53	5189.68	5189.68	5182.77	5185.80	-1	3.88	0.28227	-2
1772068498	XAUUSD	M5	5189.46	5187.74	5192.50	5187.47	5189.27	1	1.53	-0.53400	1
1772068798	XAUUSD	M5	5186.05	5188.51	5195.02	5183.52	5188.50	-1	0.01	-1.05827	-1
1772069098	XAUUSD	M5	5180.54	5188.50	5188.50	5179.01	5183.17	-1	5.34	0.78060	-2
1772069398	XAUUSD	M5	5187.99	5185.84	5188.26	5178.56	5183.82	-1	2.02	-0.36584	-3
1772069698	XAUUSD	M5	5185.42	5184.83	5191.43	5184.83	5187.42	1	2.59	-0.16243	1
1772069998	XAUUSD	M5	5189.54	5186.12	5192.62	5185.14	5188.16	1	2.04	-0.35149	2
1772070298	XAUUSD	M5	5189.93	5187.14	5192.20	5187.08	5189.69	1	2.55	-0.17584	3
1772070598	XAUUSD	M5	5191.16	5188.42	5193.52	5185.10	5189.93	1	1.51	-0.53500	4
1772070898	XAUUSD	M5	5191.71	5189.17	5194.08	5189.17	5191.84	1	2.66	-0.13364	5
1772071198	XAUUSD	M5	5190.17	5190.50	5195.51	5187.74	5191.28	1	0.78	-0.78122	6
1772071498	XAUUSD	M5	5187.26	5190.89	5190.89	5184.77	5188.12	-1	2.78	-0.07747	-1
1772071798	XAUUSD	M5	5183.06	5189.51	5190.97	5182.20	5185.87	-1	3.63	0.24367	-2
1772072098	XAUUSD	M5	5188.25	5187.69	5190.04	5181.80	5185.81	-1	1.88	-0.38741	-3
1772072398	XAUUSD	M5	5183.44	5186.75	5189.35	5181.35	5185.60	-1	1.15	-0.65841	-4
1772072698	XAUUSD	M5	5180.79	5186.17	5186.17	5180.67	5182.42	-1	3.75	0.33148	-5
1772072998	XAUUSD	M5	5178.87	5184.30	5184.30	5178.12	5180.38	-1	3.92	0.39805	-6
1772073298	XAUUSD	M5	5180.52	5182.34	5184.17	5174.73	5179.53	-1	2.80	-0.02862	-7
1772073598	XAUUSD	M5	5176.09	5180.94	5180.94	5174.34	5177.77	-1	3.17	0.10877	-8
1772073898	XAUUSD	M5	5180.78	5179.35	5183.21	5176.09	5179.04	-1	0.31	-0.98210	-9
1772074198	XAUUSD	M5	5184.69	5179.20	5184.77	5179.20	5182.74	1	3.55	0.24821	1
1772074498	XAUUSD	M5	5184.34	5180.97	5186.34	5180.97	5184.80	1	3.83	0.35599	2
1772074798	XAUUSD	M5	5187.44	5182.88	5187.61	5182.88	5185.60	1	2.72	-0.07114	3
1772075098	XAUUSD	M5	5185.97	5184.24	5187.53	5184.24	5186.32	1	2.07	-0.31492	4
1772075398	XAUUSD	M5	5187.26	5185.28	5188.14	5184.36	5186.45	1	1.17	-0.65643	5
1772075698	XAUUSD	M5	5190.19	5185.87	5193.82	5185.54	5189.20	1	3.33	0.17431	6
1772075998	XAUUSD	M5	5191.04	5187.53	5191.72	5187.53	5190.21	1	2.67	-0.08069	7
1772076298	XAUUSD	M5	5188.35	5188.87	5191.25	5187.78	5189.58	1	0.71	-0.83432	8
1772076598	XAUUSD	M5	5188.56	5189.23	5189.77	5187.90	5188.65	-1	0.58	-0.88370	-1
1772076898	XAUUSD	M5	5186.58	5188.94	5188.94	5186.17	5187.54	-1	1.39	-0.57077	-2
1772077198	XAUUSD	M5	5186.18	5188.24	5188.75	5185.95	5186.91	-1	1.33	-0.59313	-3
1772077498	XAUUSD	M5	5188.61	5187.57	5188.63	5184.24	5186.91	-1	0.66	-0.84980	-4
1772077798	XAUUSD	M5	5191.34	5187.24	5191.52	5187.24	5189.81	1	2.56	-0.11505	1
1772078098	XAUUSD	M5	5192.63	5188.52	5192.87	5188.52	5191.83	1	3.31	0.17177	2
1772078398	XAUUSD	M5	5194.08	5190.18	5195.47	5190.18	5193.64	1	3.46	0.23308	3
1772078698	XAUUSD	M5	5195.76	5191.91	5196.53	5191.91	5194.93	1	3.02	0.06164	4
1772078998	XAUUSD	M5	5196.80	5193.42	5199.09	5193.42	5196.65	1	3.23	0.14152	5
1772079298	XAUUSD	M5	5193.83	5195.04	5197.10	5191.65	5194.86	-1	0.18	-1.03493	-1
1772079598	XAUUSD	M5	5193.75	5194.95	5195.37	5191.54	5193.62	-1	1.32	-0.59191	-2
1772079898	XAUUSD	M5	5194.13	5194.28	5194.75	5191.70	5193.58	-1	0.70	-0.83226	-3
1772080198	XAUUSD	M5	5194.86	5193.93	5195.01	5192.80	5194.18	1	0.25	-1.00256	1
1772080498	XAUUSD	M5	5195.40	5194.06	5195.57	5194.06	5195.01	1	0.95	-0.73049	2
1772080798	XAUUSD	M5	5194.26	5194.54	5195.80	5194.11	5194.89	1	0.36	-0.95659	3
1772081098	XAUUSD	M5	5191.38	5194.71	5194.80	5190.66	5192.78	-1	1.94	-0.35063	-1
1772081398	XAUUSD	M5	5192.61	5193.74	5193.74	5190.49	5191.86	-1	1.88	-0.37189	-2
1772081698	XAUUSD	M5	5192.69	5192.80	5193.56	5192.05	5192.72	-1	0.08	-1.05956	-3
1772081998	XAUUSD	M5	5193.25	5192.76	5195.22	5190.54	5192.93	1	0.16	-1.02754	1
1772082298	XAUUSD	M5	5194.54	5192.84	5194.54	5192.02	5193.59	1	0.74	-0.79997	2
1772082598	XAUUSD	M5	5197.85	5193.22	5199.62	5193.22	5196.41	1	3.19	0.13685	3
1772082898	XAUUSD	M5	5199.82	5194.81	5202.41	5194.81	5199.19	1	4.38	0.59060	4
1772083198	XAUUSD	M5	5202.71	5197.00	5203.10	5197.00	5200.93	1	3.92	0.41269	5
1772083498	XAUUSD	M5	5200.41	5198.96	5205.31	5198.96	5202.02	1	3.06	0.07887	6
1772083798	XAUUSD	M5	5201.13	5200.49	5201.63	5199.06	5200.54	1	0.04	-1.07460	7
1772084098	XAUUSD	M5	5199.26	5200.51	5203.26	5195.84	5199.87	-1	0.64	-0.84502	-1
1772084398	XAUUSD	M5	5199.69	5200.19	5201.71	5198.94	5199.90	-1	0.29	-0.97845	-2
1772084698	XAUUSD	M5	5193.88	5200.05	5200.05	5191.35	5196.16	-1	3.89	0.39432	-3
1772084998	XAUUSD	M5	5194.18	5198.10	5198.10	5193.28	5194.41	-1	3.69	0.31401	-4
1772085298	XAUUSD	M5	5198.46	5196.26	5198.61	5194.38	5196.46	1	0.20	-1.02356	1
1772085598	XAUUSD	M5	5193.77	5196.36	5199.36	5193.51	5196.28	-1	0.08	-1.06247	-1
1772085898	XAUUSD	M5	5198.41	5196.32	5199.63	5193.50	5196.33	1	0.01	-1.08212	1
1772086198	XAUUSD	M5	5197.99	5196.32	5198.41	5195.75	5197.64	1	1.32	-0.58068	2
1772086498	XAUUSD	M5	5196.06	5196.98	5198.51	5194.66	5196.80	-1	0.18	-1.00813	-1
1772086798	XAUUSD	M5	5196.44	5196.89	5197.20	5192.83	5195.63	-1	1.26	-0.59722	-2
1772087098	XAUUSD	M5	5193.49	5196.26	5197.92	5193.16	5195.25	-1	1.01	-0.68993	-3
1772087398	XAUUSD	M5	5196.90	5195.76	5197.36	5193.51	5195.32	-1	0.44	-0.90160	-4
1772087698	XAUUSD	M5	5196.79	5195.54	5198.24	5194.14	5196.52	1	0.98	-0.69119	1
1772087998	XAUUSD	M5	5196.44	5196.03	5197.21	5194.27	5196.18	1	0.15	-1.00017	2
1772088298	XAUUSD	M5	5192.80	5196.10	5196.96	5192.25	5194.61	-1	1.49	-0.48433	-1
1772088598	XAUUSD	M5	5192.66	5195.36	5196.81	5191.22	5193.37	-1	1.99	-0.28935	-2
1772088898	XAUUSD	M5	5193.26	5194.36	5194.36	5190.37	5192.49	-1	1.88	-0.33409	-3
1772089198	XAUUSD	M5	5190.96	5193.42	5194.72	5185.44	5191.10	-1	2.32	-0.15807	-4
1772089498	XAUUSD	M5	5184.75	5192.26	5192.26	5182.59	5187.20	-1	5.06	0.92808	-5
1772089798	XAUUSD	M5	5187.62	5189.73	5189.73	5182.45	5185.65	-1	4.08	0.54788	-6
1772090098	XAUUSD	M5	5188.55	5187.69	5190.81	5185.24	5188.06	1	0.36	-0.92443	1
1772090398	XAUUSD	M5	5186.04	5187.87	5189.16	5182.06	5186.45	-1	1.42	-0.50840	-1
1772090698	XAUUSD	M5	5184.88	5187.16	5188.02	5184.43	5185.84	-1	1.32	-0.54701	-2
1772090998	XAUUSD	M5	5186.15	5186.50	5188.73	5184.58	5186.17	-1	0.33	-0.93874	-3
1772091298	XAUUSD	M5	5188.35	5186.34	5189.00	5184.64	5187.01	1	0.67	-0.80007	1
1772091598	XAUUSD	M5	5186.49	5186.68	5189.78	5186.08	5187.67	1	1.00	-0.67408	2
1772091898	XAUUSD	M5	5181.91	5187.17	5187.17	5181.87	5184.30	-1	2.88	0.06770	-1
1772092198	XAUUSD	M5	5183.70	5185.73	5185.73	5179.72	5182.31	-1	3.42	0.28022	-2
1772092498	XAUUSD	M5	5186.02	5184.02	5188.14	5183.73	5185.40	1	1.38	-0.53069	1
1772092798	XAUUSD	M5	5181.47	5184.71	5187.05	5179.66	5183.64	-1	1.08	-0.65151	-1
1772093098	XAUUSD	M5	5183.96	5184.17	5185.37	5179.41	5182.55	-1	1.62	-0.43793	-2
1772093398	XAUUSD	M5	5189.48	5183.36	5190.47	5183.36	5186.88	1	3.51	0.31096	1
1772093698	XAUUSD	M5	5187.25	5185.12	5190.85	5184.89	5188.12	1	3.00	0.10605	2
1772093998	XAUUSD	M5	5187.01	5186.62	5187.55	5184.94	5186.68	1	0.07	-1.05388	3
1772094298	XAUUSD	M5	5176.99	5186.65	5187.69	5175.41	5181.78	-1	4.87	0.84928	-1
1772094598	XAUUSD	M5	5175.06	5184.21	5184.21	5171.24	5176.03	-1	8.19	2.13813	-2
1772094898	XAUUSD	M5	5174.82	5180.12	5180.12	5172.77	5175.09	-1	5.03	0.88986	-3
1772095198	XAUUSD	M5	5174.28	5177.60	5177.60	5171.71	5174.38	-1	3.22	0.17246	-4
1772095498	XAUUSD	M5	5179.75	5175.99	5179.85	5167.91	5175.41	-1	0.58	-0.86778	-5
1772095798	XAUUSD	M5	5178.38	5175.70	5182.29	5175.70	5179.56	1	3.86	0.42210	1
1772096098	XAUUSD	M5	5179.41	5177.63	5181.51	5175.35	5178.66	1	1.03	-0.69154	2
1772096398	XAUUSD	M5	5174.44	5178.15	5180.45	5174.43	5177.18	-1	0.97	-0.71178	-1
1772096698	XAUUSD	M5	5178.01	5177.66	5178.40	5173.92	5176.20	-1	1.46	-0.51887	-2
1772096998	XAUUSD	M5	5181.64	5176.93	5182.57	5176.93	5179.88	1	2.95	0.06231	1
1772097298	XAUUSD	M5	5176.99	5178.40	5182.31	5175.91	5179.21	1	0.81	-0.77841	2
1772097598	XAUUSD	M5	5176.56	5178.81	5178.81	5174.75	5176.35	-1	2.46	-0.12426	-1
1772097898	XAUUSD	M5	5181.20	5177.58	5182.28	5176.56	5179.15	1	1.57	-0.47322	1
1772098198	XAUUSD	M5	5181.63	5178.36	5183.53	5178.36	5181.40	1	3.03	0.10171	2
1772098498	XAUUSD	M5	5183.30	5179.88	5183.70	5179.88	5182.22	1	2.34	-0.17320	3
1772098798	XAUUSD	M5	5181.50	5181.05	5183.55	5180.36	5182.12	1	1.07	-0.67231	4
1772099098	XAUUSD	M5	5184.64	5181.58	5185.27	5181.55	5183.25	1	1.67	-0.43686	5
1772099398	XAUUSD	M5	5186.98	5182.42	5187.22	5182.42	5185.72	1	3.30	0.20604	6
1772099698	XAUUSD	M5	5186.32	5184.07	5189.72	5184.07	5187.22	1	3.15	0.14949	7
1772099998	XAUUSD	M5	5189.51	5185.65	5189.52	5185.62	5187.76	1	2.12	-0.25420	8
1772100298	XAUUSD	M5	5188.45	5186.70	5190.10	5186.70	5189.06	1	2.35	-0.15966	9
1772100598	XAUUSD	M5	5187.89	5187.88	5188.69	5187.10	5188.03	1	0.15	-1.02894	10
1772100898	XAUUSD	M5	5182.85	5187.96	5188.75	5181.92	5185.41	-1	2.55	-0.08457	-1
1772101198	XAUUSD	M5	5183.60	5186.68	5186.68	5181.36	5183.10	-1	3.58	0.32312	-2
1772101498	XAUUSD	M5	5179.29	5184.89	5185.13	5178.98	5181.74	-1	3.14	0.14686	-3
1772101798	XAUUSD	M5	5177.04	5183.32	5183.32	5174.74	5177.59	-1	5.72	1.16080	-4
1772102098	XAUUSD	M5	5176.09	5180.45	5180.45	5171.80	5175.48	-1	4.97	0.86190	-5
1772102398	XAUUSD	M5	5172.13	5177.97	5178.75	5172.13	5174.79	-1	3.17	0.15001	-6
1772102698	XAUUSD	M5	5171.17	5176.38	5176.38	5170.66	5172.21	-1	4.17	0.53867	-7
1772102998	XAUUSD	M5	5173.60	5174.29	5174.29	5168.84	5171.81	-1	2.49	-0.12891	-8
1772103298	XAUUSD	M5	5171.61	5173.05	5173.73	5166.70	5171.39	-1	1.66	-0.45828	-9
1772103598	XAUUSD	M5	5173.83	5172.22	5175.22	5169.26	5172.48	1	0.26	-1.01322	1
1772103898	XAUUSD	M5	5177.33	5172.35	5178.50	5172.35	5175.60	1	3.25	0.17296	2
1772104198	XAUUSD	M5	5175.85	5173.98	5177.43	5173.98	5176.47	1	2.50	-0.12250	3
1772104498	XAUUSD	M5	5175.54	5175.22	5176.00	5171.05	5174.53	-1	0.69	-0.83389	-1
1772104798	XAUUSD	M5	5171.70	5174.88	5175.80	5170.98	5173.50	-1	1.38	-0.55430	-2
1772105098	XAUUSD	M5	5171.88	5174.19	5176.10	5171.43	5172.76	-1	1.43	-0.52983	-3
1772105398	XAUUSD	M5	5173.38	5173.47	5174.12	5171.76	5172.78	-1	0.69	-0.81998	-4
1772105698	XAUUSD	M5	5173.54	5173.13	5175.49	5172.44	5173.71	1	0.58	-0.86321	1
1772105998	XAUUSD	M5	5174.68	5173.42	5175.09	5173.11	5174.11	1	0.68	-0.81976	2
1772106298	XAUUSD	M5	5171.40	5173.76	5174.54	5170.85	5172.83	-1	0.93	-0.72106	-1
1772106598	XAUUSD	M5	5163.51	5173.30	5173.30	5161.25	5166.93	-1	6.36	1.43344	-2
1772106898	XAUUSD	M5	5164.71	5170.12	5170.12	5161.83	5164.05	-1	6.07	1.30591	-3
1772107198	XAUUSD	M5	5165.67	5167.08	5168.17	5157.98	5164.15	-1	2.94	0.06309	-4
1772107498	XAUUSD	M5	5169.15	5165.62	5169.25	5163.18	5166.81	1	1.20	-0.62402	1
1772107798	XAUUSD	M5	5168.46	5166.21	5170.05	5166.21	5168.63	1	2.41	-0.13699	2
1772108098	XAUUSD	M5	5172.18	5167.42	5173.71	5166.13	5170.14	1	2.72	-0.00720	3
1772108398	XAUUSD	M5	5176.52	5168.78	5176.56	5168.78	5173.89	1	5.11	0.94804	4
1772108698	XAUUSD	M5	5178.54	5171.33	5179.99	5171.33	5177.75	1	6.41	1.46216	5
1772108998	XAUUSD	M5	5183.10	5174.54	5184.10	5174.54	5180.90	1	6.36	1.43458	6
1772109298	XAUUSD	M5	5182.34	5177.72	5184.38	5177.72	5182.41	1	4.69	0.76281	7
1772109598	XAUUSD	M5	5187.52	5180.07	5187.67	5180.07	5184.94	1	4.88	0.83407	8
1772109898	XAUUSD	M5	5181.29	5182.51	5187.83	5181.29	5184.56	1	2.05	-0.28695	9
1772110198	XAUUSD	M5	5181.25	5183.53	5183.53	5179.54	5181.02	-1	2.52	-0.10262	-1
1772110498	XAUUSD	M5	5183.85	5182.27	5185.10	5179.98	5182.58	1	0.31	-0.97597	1
1772110798	XAUUSD	M5	5175.76	5182.43	5185.57	5175.17	5180.09	-1	2.34	-0.16284	-1
1772111098	XAUUSD	M5	5172.50	5181.26	5181.26	5171.18	5175.02	-1	6.24	1.38273	-2
1772111398	XAUUSD	M5	5174.00	5178.14	5178.14	5168.31	5172.22	-1	5.92	1.24852	-3
1772111698	XAUUSD	M5	5171.65	5175.18	5177.88	5171.55	5173.78	-1	1.40	-0.54189	-4
1772111998	XAUUSD	M5	5178.12	5174.48	5178.90	5171.59	5175.06	1	0.59	-0.85821	1
1772112298	XAUUSD	M5	5174.76	5174.77	5177.96	5174.60	5176.32	1	1.55	-0.47780	2
1772112598	XAUUSD	M5	5174.36	5175.55	5175.55	5166.01	5172.65	-1	2.90	0.05442	-1
1772112898	XAUUSD	M5	5173.61	5174.10	5177.32	5169.63	5173.70	-1	0.40	-0.93044	-2
1772113198	XAUUSD	M5	5165.14	5173.90	5174.44	5164.36	5169.29	-1	4.61	0.72941	-3
1772113498	XAUUSD	M5	5168.76	5171.59	5171.59	5164.68	5167.07	-1	4.53	0.69272	-4
1772113798	XAUUSD	M5	5170.80	5169.33	5170.85	5167.85	5169.57	1	0.24	-1.00140	1
1772114098	XAUUSD	M5	5166.39	5169.45	5171.55	5166.07	5168.70	-1	0.75	-0.79971	-1
1772114398	XAUUSD	M5	5166.06	5169.08	5170.11	5162.86	5166.33	-1	2.75	-0.01219	-2
1772114698	XAUUSD	M5	5163.55	5167.70	5167.70	5160.36	5164.36	-1	3.34	0.22470	-3
1772114998	XAUUSD	M5	5166.28	5166.03	5166.75	5162.60	5164.79	-1	1.24	-0.60315	-4
1772115298	XAUUSD	M5	5167.02	5165.41	5168.83	5165.19	5166.81	1	1.40	-0.53937	1
1772115598	XAUUSD	M5	5168.82	5166.11	5170.04	5163.53	5167.34	1	1.23	-0.60598	2
1772115898	XAUUSD	M5	5170.41	5166.73	5172.32	5166.73	5170.03	1	3.30	0.20712	3
1772116198	XAUUSD	M5	5165.83	5168.38	5170.45	5140.86	5161.90	-1	6.48	1.45193	-1
1772116498	XAUUSD	M5	5166.41	5165.14	5174.88	5164.01	5167.88	1	2.74	-0.02405	1
1772116798	XAUUSD	M5	5172.56	5166.51	5174.47	5158.50	5167.87	1	1.36	-0.56828	2
1772117098	XAUUSD	M5	5171.99	5167.19	5175.95	5165.95	5171.61	1	4.42	0.63259	3
1772117398	XAUUSD	M5	5167.91	5169.40	5173.73	5164.12	5169.42	1	0.02	-1.09960	4
1772117698	XAUUSD	M5	5165.14	5169.41	5171.50	5163.97	5167.41	-1	2.00	-0.32212	-1
1772117998	XAUUSD	M5	5167.70	5168.41	5172.12	5158.92	5165.54	-1	2.87	0.02035	-2
1772118298	XAUUSD	M5	5167.21	5166.97	5169.85	5163.95	5167.18	1	0.21	-1.02692	1
1772118598	XAUUSD	M5	5162.38	5167.08	5171.42	5161.25	5165.73	-1	1.35	-0.57913	-1
1772118898	XAUUSD	M5	5158.57	5166.40	5166.40	5150.24	5158.64	-1	7.76	1.93365	-2
1772119198	XAUUSD	M5	5154.46	5162.52	5162.52	5151.91	5156.91	-1	5.61	1.08242	-3
1772119498	XAUUSD	M5	5141.51	5159.72	5159.72	5130.84	5146.30	-1	13.42	4.01499	-4
1772119798	XAUUSD	M5	5153.62	5153.01	5156.53	5140.67	5148.11	-1	4.90	0.77458	-5
1772120098	XAUUSD	M5	5169.23	5150.56	5169.54	5150.56	5161.33	1	10.78	3.02547	1
1772120398	XAUUSD	M5	5175.56	5155.94	5176.46	5155.94	5171.86	1	15.91	4.78025	2
1772120698	XAUUSD	M5	5182.38	5163.90	5185.93	5163.90	5179.79	1	15.89	4.60973	3
1772120998	XAUUSD	M5	5189.70	5171.84	5192.68	5171.84	5186.42	1	14.57	4.06587	4
1772121298	XAUUSD	M5	5185.86	5179.13	5192.46	5179.13	5187.79	1	8.66	2.01164	5
1772121598	XAUUSD	M5	5178.92	5183.46	5187.11	5178.39	5182.52	-1	0.94	-0.69924	-1
1772121898	XAUUSD	M5	5177.76	5182.99	5182.99	5176.71	5178.55	-1	4.44	0.55345	-2
1772122198	XAUUSD	M5	5176.76	5180.77	5180.77	5173.07	5177.01	-1	3.76	0.30528	-3
1772122498	XAUUSD	M5	5181.40	5178.89	5184.64	5174.05	5179.41	1	0.52	-0.85065	1
1772122798	XAUUSD	M5	5178.22	5179.15	5184.30	5176.22	5180.04	1	0.88	-0.71590	2
1772123098	XAUUSD	M5	5180.48	5179.59	5180.51	5175.62	5178.72	-1	0.88	-0.71241	-1
1772123398	XAUUSD	M5	5181.91	5179.15	5183.40	5178.09	5180.94	1	1.79	-0.38068	1
1772123698	XAUUSD	M5	5182.35	5180.05	5184.46	5179.63	5182.23	1	2.18	-0.23861	2
1772123998	XAUUSD	M5	5183.30	5181.14	5186.23	5180.24	5183.06	1	1.92	-0.32596	3
1772124298	XAUUSD	M5	5181.36	5182.10	5185.35	5178.46	5182.11	1	0.02	-1.00955	4
1772124598	XAUUSD	M5	5179.02	5182.11	5183.62	5176.61	5180.15	-1	1.96	-0.30192	-1
1772124898	XAUUSD	M5	5179.61	5181.13	5181.13	5175.50	5178.76	-1	2.37	-0.15067	-2
1772125198	XAUUSD	M5	5181.28	5179.94	5182.75	5178.40	5180.51	1	0.57	-0.80653	1
1772125498	XAUUSD	M5	5186.39	5180.22	5187.83	5180.22	5184.09	1	3.87	0.38930	2
1772125798	XAUUSD	M5	5179.65	5182.16	5190.31	5179.65	5183.99	1	1.84	-0.34780	3
1772126098	XAUUSD	M5	5178.26	5183.08	5183.08	5175.57	5178.76	-1	4.32	0.55004	-1
1772126398	XAUUSD	M5	5179.47	5180.92	5181.88	5178.16	5179.43	-1	1.48	-0.47405	-2
1772126698	XAUUSD	M5	5174.39	5180.17	5180.17	5173.73	5176.94	-1	3.24	0.16983	-3
1772126998	XAUUSD	M5	5176.73	5178.56	5178.56	5172.00	5175.03	-1	3.52	0.27401	-4
1772127298	XAUUSD	M5	5173.94	5176.79	5177.87	5172.87	5175.34	-1	1.45	-0.48319	-5
1772127598	XAUUSD	M5	5174.73	5176.07	5176.80	5173.62	5174.77	-1	1.29	-0.53879	-6
1772127898	XAUUSD	M5	5169.95	5175.42	5175.42	5166.72	5171.68	-1	3.74	0.35710	-7
1772128198	XAUUSD	M5	5166.97	5173.55	5173.55	5165.07	5168.77	-1	4.78	0.73444	-8
1772128498	XAUUSD	M5	5167.22	5171.16	5171.16	5162.07	5166.26	-1	4.90	0.77538	-9
1772128798	XAUUSD	M5	5168.87	5168.71	5171.46	5167.37	5168.79	1	0.08	-0.98384	1
1772129098	XAUUSD	M5	5170.20	5168.75	5171.14	5163.60	5168.45	-1	0.30	-0.90151	-1
1772129398	XAUUSD	M5	5173.38	5168.60	5173.61	5168.60	5171.58	1	2.98	0.07864	1
1772129698	XAUUSD	M5	5174.85	5170.09	5176.38	5170.09	5174.10	1	4.01	0.44838	2
1772129998	XAUUSD	M5	5174.86	5172.09	5176.78	5172.09	5175.02	1	2.92	0.04899	3
1772130298	XAUUSD	M5	5177.09	5173.55	5178.39	5173.55	5176.03	1	2.48	-0.11690	4
1772130598	XAUUSD	M5	5167.56	5174.79	5180.29	5165.87	5172.73	-1	2.06	-0.26932	-1
1772130898	XAUUSD	M5	5175.50	5173.76	5177.31	5160.94	5170.35	-1	3.41	0.22248	-2
1772131198	XAUUSD	M5	5181.72	5172.05	5182.39	5172.05	5178.57	1	6.52	1.34907	1
1772131498	XAUUSD	M5	5184.66	5175.31	5185.07	5175.31	5183.11	1	7.80	1.80513	2
1772131798	XAUUSD	M5	5180.90	5179.21	5185.84	5179.21	5183.03	1	3.82	0.35557	3
1772132098	XAUUSD	M5	5180.24	5181.12	5182.31	5179.17	5180.64	-1	0.48	-0.85294	-1
1772132398	XAUUSD	M5	5185.45	5180.88	5186.19	5179.78	5182.95	1	2.07	-0.27885	1
1772132698	XAUUSD	M5	5186.22	5181.92	5187.79	5181.92	5185.91	1	3.99	0.41518	2
1772132998	XAUUSD	M5	5186.48	5183.91	5188.31	5183.91	5186.47	1	2.55	-0.11199	3
1772133298	XAUUSD	M5	5187.70	5185.19	5187.86	5185.17	5186.81	1	1.62	-0.45622	4
1772133598	XAUUSD	M5	5185.79	5186.00	5189.15	5185.47	5187.03	1	1.03	-0.67116	5
1772133898	XAUUSD	M5	5185.56	5186.52	5186.69	5184.62	5185.66	-1	0.85	-0.73952	-1
1772134198	XAUUSD	M5	5188.86	5186.09	5188.99	5183.50	5186.75	1	0.66	-0.81080	1
1772134498	XAUUSD	M5	5184.19	5186.42	5190.83	5183.66	5186.89	1	0.47	-0.87855	2
1772134798	XAUUSD	M5	5186.40	5186.66	5186.91	5184.02	5185.38	-1	1.28	-0.58530	-1
1772135098	XAUUSD	M5	5193.89	5186.02	5194.04	5186.02	5190.17	1	4.15	0.46647	1
1772135398	XAUUSD	M5	5189.59	5188.10	5193.93	5188.10	5191.59	1	3.50	0.22479	2
1772135698	XAUUSD	M5	5187.06	5189.84	5190.58	5186.52	5188.47	-1	1.38	-0.55106	-1
1772135998	XAUUSD	M5	5193.81	5189.15	5193.82	5186.81	5190.38	1	1.22	-0.60916	1
1772136298	XAUUSD	M5	5195.17	5189.76	5196.48	5189.76	5194.81	1	5.05	0.79135	2
1772136598	XAUUSD	M5	5196.91	5192.29	5198.04	5192.29	5196.12	1	3.83	0.34119	3
1772136898	XAUUSD	M5	5194.53	5194.20	5197.10	5191.97	5195.14	1	0.94	-0.71375	4
1772137198	XAUUSD	M5	5197.78	5194.67	5197.78	5194.25	5196.09	1	1.42	-0.53560	5
1772137498	XAUUSD	M5	5193.62	5195.38	5197.83	5193.28	5195.64	1	0.26	-0.95831	6
1772137798	XAUUSD	M5	5194.35	5195.51	5195.51	5190.76	5193.37	-1	2.14	-0.26892	-1
1772138098	XAUUSD	M5	5197.73	5194.44	5199.39	5194.22	5196.43	1	1.98	-0.32645	1
1772138398	XAUUSD	M5	5198.35	5195.43	5199.23	5195.43	5197.94	1	2.50	-0.13820	2
1772138698	XAUUSD	M5	5199.97	5196.69	5200.65	5196.69	5199.35	1	2.66	-0.08227	3
1772138998	XAUUSD	M5	5192.82	5198.02	5200.22	5191.57	5196.15	-1	1.87	-0.37228	-1
1772139298	XAUUSD	M5	5196.61	5197.08	5197.37	5189.72	5194.12	-1	2.96	0.02591	-2
1772139598	XAUUSD	M5	5198.64	5195.60	5200.56	5195.60	5198.03	1	2.43	-0.16876	1
1772139898	XAUUSD	M5	5199.59	5196.81	5199.78	5196.81	5199.15	1	2.34	-0.20616	2
1772140198	XAUUSD	M5	5196.51	5197.98	5199.59	5196.31	5198.00	1	0.02	-1.05049	3
1772140498	XAUUSD	M5	5195.12	5197.99	5197.99	5193.70	5195.55	-1	2.44	-0.15324	-1
1772140798	XAUUSD	M5	5191.31	5196.77	5196.77	5191.29	5193.50	-1	3.27	0.16275	-2
1772141098	XAUUSD	M5	5185.72	5195.14	5195.14	5184.81	5188.47	-1	6.67	1.43120	-3
1772141398	XAUUSD	M5	5185.11	5191.80	5191.80	5184.48	5186.06	-1	5.74	1.07806	-4
1772141698	XAUUSD	M5	5187.12	5188.93	5188.93	5184.56	5186.07	-1	2.86	0.00078	-5
1772141998	XAUUSD	M5	5190.39	5187.50	5191.36	5186.74	5188.85	1	1.34	-0.56197	1
1772142298	XAUUSD	M5	5187.18	5188.18	5190.29	5187.18	5188.74	1	0.56	-0.85059	2
1772142598	XAUUSD	M5	5183.40	5188.46	5188.46	5183.25	5185.56	-1	2.90	0.03193	-1
1772142898	XAUUSD	M5	5185.20	5187.01	5187.01	5182.89	5184.39	-1	2.62	-0.06053	-2
1772146798	XAUUSD	M5	5182.18	5185.70	5189.62	5175.72	5183.39	-1	2.31	-0.16849	-3
1772147098	XAUUSD	M5	5184.67	5184.54	5186.38	5179.00	5183.06	-1	1.48	-0.50722	-4
1772147398	XAUUSD	M5	5183.99	5183.80	5188.53	5183.08	5185.07	1	1.27	-0.59592	1
1772147698	XAUUSD	M5	5183.77	5184.43	5185.66	5182.70	5184.03	-1	0.40	-0.94493	-1
1772147998	XAUUSD	M5	5183.69	5184.23	5187.18	5183.61	5184.56	1	0.33	-0.96834	1
1772148298	XAUUSD	M5	5184.00	5184.40	5185.76	5181.29	5183.57	-1	0.82	-0.76167	-1
1772148598	XAUUSD	M5	5183.32	5183.99	5184.89	5181.64	5183.51	-1	0.48	-0.89983	-2
1772148898	XAUUSD	M5	5187.21	5183.75	5187.21	5183.24	5185.24	1	1.50	-0.48333	1
1772149198	XAUUSD	M5	5186.02	5184.50	5189.52	5184.01	5186.68	1	2.19	-0.20359	2
1772149498	XAUUSD	M5	5183.96	5185.59	5188.53	5183.86	5185.53	-1	0.06	-1.07203	-1
1772149798	XAUUSD	M5	5184.93	5185.56	5185.85	5182.32	5184.27	-1	1.30	-0.56436	-2
1772150098	XAUUSD	M5	5184.61	5184.91	5185.02	5183.39	5184.49	-1	0.43	-0.91520	-3
1772150398	XAUUSD	M5	5180.24	5184.70	5185.38	5179.07	5182.32	-1	2.38	-0.12070	-4
1772150698	XAUUSD	M5	5182.68	5183.51	5185.30	5179.05	5181.82	-1	1.69	-0.39595	-5
1772150998	XAUUSD	M5	5185.89	5182.67	5186.54	5182.59	5184.43	1	1.76	-0.36925	1
1772151298	XAUUSD	M5	5189.28	5183.55	5190.14	5183.55	5187.66	1	4.12	0.60671	2
1772151598	XAUUSD	M5	5192.47	5185.61	5194.70	5185.61	5191.37	1	5.76	1.27803	3
1772151898	XAUUSD	M5	5188.14	5188.49	5192.69	5187.77	5190.18	1	1.69	-0.40221	4
1772152198	XAUUSD	M5	5182.22	5189.33	5189.65	5179.76	5184.91	-1	4.42	0.72065	-1
1772152498	XAUUSD	M5	5174.71	5187.12	5187.12	5171.97	5177.76	-1	9.36	2.71348	-2
1772152798	XAUUSD	M5	5176.20	5182.44	5182.44	5170.28	5174.71	-1	7.73	2.02974	-3
1772153098	XAUUSD	M5	5173.90	5178.58	5178.58	5171.81	5174.52	-1	4.05	0.53798	-4
1772153398	XAUUSD	M5	5176.56	5176.55	5177.61	5172.28	5175.07	-1	1.47	-0.50387	-5
1772153698	XAUUSD	M5	5174.97	5175.81	5177.18	5173.66	5175.52	-1	0.29	-0.97503	-6
1772153998	XAUUSD	M5	5175.37	5175.66	5176.55	5168.61	5173.89	-1	1.78	-0.37168	-7
1772154298	XAUUSD	M5	5174.86	5174.78	5176.72	5166.90	5173.52	-1	1.25	-0.58149	-8
1772154598	XAUUSD	M5	5176.58	5174.15	5178.80	5174.15	5176.25	1	2.10	-0.23876	1
1772154898	XAUUSD	M5	5177.91	5175.20	5178.98	5175.04	5177.13	1	1.93	-0.30379	2
1772155198	XAUUSD	M5	5177.86	5176.16	5180.09	5176.08	5177.91	1	1.75	-0.36924	3
1772155498	XAUUSD	M5	5174.99	5177.04	5178.34	5174.86	5176.52	-1	0.51	-0.88027	-1
1772155798	XAUUSD	M5	5182.14	5176.78	5182.61	5173.43	5178.29	1	1.51	-0.45701	1
1772156098	XAUUSD	M5	5190.70	5177.54	5190.82	5177.54	5186.36	1	8.82	2.59341	2
1772156398	XAUUSD	M5	5188.65	5181.95	5191.16	5181.95	5189.34	1	7.39	1.97390	3
1772156698	XAUUSD	M5	5188.54	5185.64	5189.73	5185.64	5188.56	1	2.92	0.12100	4
1772156998	XAUUSD	M5	5192.10	5187.10	5193.78	5187.10	5190.46	1	3.36	0.30369	5
1772157298	XAUUSD	M5	5194.22	5188.78	5194.56	5188.78	5192.65	1	3.87	0.51165	6
1772157598	XAUUSD	M5	5193.31	5190.72	5197.50	5190.72	5194.20	1	3.49	0.35618	7
1772157898	XAUUSD	M5	5195.28	5192.46	5199.63	5192.46	5195.31	1	2.85	0.08896	8
1772158198	XAUUSD	M5	5194.16	5193.89	5196.65	5191.94	5194.61	1	0.73	-0.78861	9
1772158498	XAUUSD	M5	5191.24	5194.25	5195.08	5191.14	5192.91	-1	1.34	-0.53397	-1
1772158798	XAUUSD	M5	5186.66	5193.58	5193.58	5184.52	5188.55	-1	5.03	0.99255	-2
1772159098	XAUUSD	M5	5183.93	5191.06	5191.06	5183.70	5185.61	-1	5.46	1.16812	-3
1772159398	XAUUSD	M5	5183.74	5188.34	5188.34	5181.97	5184.01	-1	4.33	0.69564	-4
1772159698	XAUUSD	M5	5178.53	5186.17	5186.17	5174.19	5180.15	-1	6.02	1.38888	-5
1772159998	XAUUSD	M5	5181.46	5183.16	5183.16	5177.47	5179.90	-1	3.26	0.24299	-6
1772160298	XAUUSD	M5	5178.68	5181.53	5182.77	5177.13	5180.04	-1	1.50	-0.48355	-7
1772160598	XAUUSD	M5	5177.77	5180.79	5180.79	5173.61	5177.22	-1	3.57	0.37048	-8
1772160898	XAUUSD	M5	5183.68	5179.00	5184.24	5177.27	5180.74	1	1.74	-0.38455	1
1772161198	XAUUSD	M5	5182.75	5179.87	5185.09	5179.87	5183.37	1	3.50	0.34086	2
1772161498	XAUUSD	M5	5183.04	5181.62	5184.09	5181.33	5182.80	1	1.18	-0.61793	3
1772161798	XAUUSD	M5	5182.90	5182.21	5183.50	5181.54	5182.75	1	0.53	-0.87895	4
1772162098	XAUUSD	M5	5183.78	5182.48	5184.41	5181.74	5183.19	1	0.71	-0.80302	5
1772162398	XAUUSD	M5	5185.07	5182.83	5185.08	5182.01	5183.99	1	1.15	-0.62083	6
1772162698	XAUUSD	M5	5186.89	5183.41	5188.29	5183.41	5186.32	1	2.91	0.10709	7
1772162998	XAUUSD	M5	5187.76	5184.87	5189.12	5184.87	5187.31	1	2.44	-0.08473	8
1772163298	XAUUSD	M5	5186.55	5186.09	5187.92	5183.50	5186.43	1	0.34	-0.94808	9
1772163598	XAUUSD	M5	5187.17	5186.26	5187.76	5185.46	5186.73	1	0.47	-0.89196	10
1772163898	XAUUSD	M5	5189.70	5186.49	5190.39	5186.49	5188.53	1	2.04	-0.24842	11
1772164198	XAUUSD	M5	5189.59	5187.51	5190.44	5187.51	5189.70	1	2.19	-0.18270	12
1772164498	XAUUSD	M5	5184.00	5188.61	5190.37	5183.96	5186.98	-1	1.63	-0.41184	-1
1772164798	XAUUSD	M5	5185.32	5187.79	5187.79	5183.49	5184.73	-1	3.06	0.17927	-2
1772165098	XAUUSD	M5	5185.89	5186.26	5187.53	5185.23	5185.99	-1	0.27	-0.96801	-3
1772165398	XAUUSD	M5	5186.61	5186.13	5186.61	5184.38	5185.87	-1	0.26	-0.97098	-4
1772165698	XAUUSD	M5	5184.83	5186.00	5186.88	5184.42	5185.68	-1	0.31	-0.94225	-5
1772165998	XAUUSD	M5	5187.86	5185.84	5188.04	5181.77	5185.63	-1	0.22	-0.97695	-6
1772166298	XAUUSD	M5	5187.37	5185.73	5188.90	5185.73	5187.70	1	1.96	-0.26222	1
1772166598	XAUUSD	M5	5186.79	5186.72	5187.43	5185.48	5186.77	1	0.05	-1.04588	2
1772166898	XAUUSD	M5	5187.75	5186.74	5188.59	5186.74	5187.47	1	0.73	-0.76586	3
1772167198	XAUUSD	M5	5187.34	5187.11	5188.06	5186.61	5187.44	1	0.33	-0.92670	4
1772167498	XAUUSD	M5	5185.67	5187.27	5187.49	5185.36	5186.47	-1	0.81	-0.73223	-1
1772167798	XAUUSD	M5	5183.22	5186.87	5186.87	5182.82	5184.43	-1	2.44	-0.06283	-2
1772168098	XAUUSD	M5	5181.88	5185.65	5185.65	5181.05	5182.72	-1	2.93	0.13916	-3
1772168398	XAUUSD	M5	5184.54	5184.18	5184.57	5181.64	5183.15	-1	1.03	-0.63842	-4
1772168698	XAUUSD	M5	5185.09	5183.67	5185.85	5183.67	5184.93	1	1.26	-0.54147	1
1772168998	XAUUSD	M5	5187.34	5184.30	5187.57	5184.30	5186.15	1	1.85	-0.29725	2
1772169298	XAUUSD	M5	5186.48	5185.22	5187.53	5185.22	5186.76	1	1.54	-0.42532	3
1772169598	XAUUSD	M5	5189.16	5185.99	5189.79	5185.99	5187.93	1	1.93	-0.26571	4
1772169898	XAUUSD	M5	5194.80	5186.96	5194.83	5186.96	5191.98	1	5.02	0.99499	5
1772170198	XAUUSD	M5	5196.26	5189.47	5197.55	5189.47	5195.68	1	6.21	1.46811	6
1772170498	XAUUSD	M5	5194.54	5192.57	5196.21	5189.94	5194.15	1	1.57	-0.42879	7
1772170798	XAUUSD	M5	5191.87	5193.36	5194.25	5191.26	5192.88	-1	0.48	-0.87568	-1
1772171098	XAUUSD	M5	5191.26	5193.12	5193.72	5191.05	5192.03	-1	1.09	-0.62544	-2
1772171398	XAUUSD	M5	5194.86	5192.58	5196.59	5190.88	5193.40	1	0.82	-0.73108	1
1772171698	XAUUSD	M5	5197.92	5192.99	5200.36	5192.99	5196.73	1	3.74	0.45586	2
1772171998	XAUUSD	M5	5193.54	5194.86	5198.45	5192.93	5195.71	1	0.85	-0.72739	3
1772172298	XAUUSD	M5	5194.73	5195.28	5196.35	5193.41	5194.51	-1	0.78	-0.75853	-1
1772172598	XAUUSD	M5	5197.14	5194.90	5198.48	5194.72	5196.27	1	1.37	-0.51185	1
1772172898	XAUUSD	M5	5195.58	5195.58	5199.34	5195.01	5196.77	1	1.19	-0.58362	2
1772173198	XAUUSD	M5	5195.00	5196.17	5196.85	5194.22	5195.41	-1	0.77	-0.75034	-1
1772173498	XAUUSD	M5	5193.22	5195.79	5195.79	5192.15	5193.98	-1	1.81	-0.32009	-2
1772173798	XAUUSD	M5	5192.34	5194.88	5196.27	5192.31	5193.53	-1	1.35	-0.51172	-3
1772174098	XAUUSD	M5	5194.18	5194.21	5194.93	5191.53	5193.24	-1	0.97	-0.67060	-4
1772174398	XAUUSD	M5	5193.45	5193.73	5196.32	5192.76	5194.19	1	0.46	-0.87767	1
1772174698	XAUUSD	M5	5191.89	5193.96	5193.96	5191.46	5192.70	-1	1.25	-0.55007	-1
1772174998	XAUUSD	M5	5188.85	5193.33	5193.33	5187.52	5190.19	-1	3.14	0.22468	-2
1772175298	XAUUSD	M5	5185.71	5191.76	5191.76	5185.11	5187.13	-1	4.63	0.83045	-3
1772175598	XAUUSD	M5	5185.28	5189.45	5189.45	5183.41	5185.61	-1	3.84	0.50069	-4
1772175898	XAUUSD	M5	5187.16	5187.53	5189.71	5185.12	5186.78	-1	0.75	-0.76971	-5
1772176198	XAUUSD	M5	5181.70	5187.15	5188.97	5181.39	5184.79	-1	2.36	-0.10898	-6
1772176498	XAUUSD	M5	5177.62	5185.97	5185.97	5177.55	5179.99	-1	5.99	1.37284	-7
1772176798	XAUUSD	M5	5182.82	5182.98	5183.75	5177.70	5180.49	-1	2.49	-0.06664	-8
1772177098	XAUUSD	M5	5178.64	5181.74	5185.47	5178.56	5181.39	-1	0.34	-0.94667	-9
1772177398	XAUUSD	M5	5180.19	5181.56	5181.63	5175.79	5179.08	-1	2.49	-0.06896	-10
1772177698	XAUUSD	M5	5182.70	5180.32	5182.85	5180.15	5181.47	1	1.15	-0.61888	1
1772177998	XAUUSD	M5	5180.52	5180.90	5182.87	5180.00	5181.52	1	0.63	-0.83651	2
1772178298	XAUUSD	M5	5181.24	5181.21	5182.02	5179.44	5180.81	-1	0.40	-0.92606	-1
1772178598	XAUUSD	M5	5179.65	5181.01	5181.53	5177.76	5180.04	-1	0.97	-0.69106	-2
1772178898	XAUUSD	M5	5176.10	5180.52	5182.79	5175.98	5178.63	-1	1.89	-0.31049	-3
1772179198	XAUUSD	M5	5180.66	5179.58	5182.35	5176.11	5178.81	-1	0.77	-0.76988	-4
1772179498	XAUUSD	M5	5180.62	5179.19	5181.65	5177.26	5180.05	1	0.85	-0.73035	1
1772179798	XAUUSD	M5	5178.43	5179.62	5181.01	5177.59	5179.41	-1	0.21	-0.98950	-1
1772180098	XAUUSD	M5	5178.90	5179.52	5179.83	5177.17	5178.60	-1	0.92	-0.69944	-2
1772180398	XAUUSD	M5	5175.00	5179.06	5179.37	5174.41	5176.92	-1	2.14	-0.19837	-3
1772180698	XAUUSD	M5	5177.61	5177.99	5179.52	5174.85	5176.74	-1	1.25	-0.56358	-4
1772180998	XAUUSD	M5	5181.78	5177.36	5181.86	5176.77	5179.49	1	2.13	-0.20410	1
1772181298	XAUUSD	M5	5180.34	5178.43	5182.34	5178.43	5181.07	1	2.65	0.00495	2
1772181598	XAUUSD	M5	5180.32	5179.75	5181.37	5179.55	5180.40	1	0.65	-0.81842	3
1772181898	XAUUSD	M5	5180.18	5180.07	5182.14	5179.99	5180.66	1	0.58	-0.83989	4
