zigzag_TimeStamp	zigzag_symbol	zigzag_timeframe	zigzag_close	zigzag_Type	CurrentPoint	CurrentPrChg	Current%Chg	Current%ChgClass	CurrentBars	CurrentBarsClass	CurrentPrPerBar	CurrentPrPerBarClass	CurrentSlope	CurrentCategory
1787303703	XAUUSD	M5	4593.09000	Peak	4601.72000	72.36000	1.60	2	45	2	1.60800	0	58.1229	HH
1787307003	XAUUSD	M5	4578.79000	Bottom	4577.97000	-23.75000	-0.52	3	11	3	-2.15909	3	-65.1484	HL
1787312103	XAUUSD	M5	4597.20000	Peak	4604.61000	26.64000	0.58	0	17	0	1.56706	0	57.4565	HH
1787316003	XAUUSD	M5	4573.67000	Bottom	4563.58000	-41.03000	-0.89	3	13	3	-3.15615	3	-72.4196	LL
1787331903	XAUUSD	M5	4630.63000	Peak	4631.98000	68.40000	1.50	1	53	2	1.29057	0	52.2295	HH
1787345703	XAUUSD	M5	4603.89000	Bottom	4602.79000	-29.19000	-0.63	3	46	5	-0.63457	3	-32.3978	HL
1787522403	XAUUSD	M5	4610.37000	Peak	4624.19000	21.40000	0.46	0	1	0	21.40000	2	87.3246	LH
1787526303	XAUUSD	M5	4607.73000	Bottom	4604.74000	-19.45000	-0.42	3	13	3	-1.49615	3	-56.2420	HL
1787530203	XAUUSD	M5	4637.28000	Peak	4640.69000	35.95000	0.78	0	13	0	2.76538	0	70.1193	HH
1787531103	XAUUSD	M5	4604.95000	Bottom	4594.67000	-46.02000	-0.99	3	3	3	-15.34000	5	-86.2702	LL
1787538603	XAUUSD	M5	4651.89000	Peak	4656.64000	61.97000	1.35	0	25	0	2.47880	0	68.0298	HH
1787544303	XAUUSD	M5	4633.89000	Bottom	4632.63000	-24.01000	-0.52	3	19	3	-1.26368	3	-51.6441	HL
1787548503	XAUUSD	M5	4643.24000	Peak	4646.63000	14.00000	0.30	0	14	0	1.00000	0	45.0000	LH
1787549403	XAUUSD	M5	4632.76000	Bottom	4630.03000	-16.60000	-0.36	3	3	3	-5.53333	3	-79.7559	LL
1787552103	XAUUSD	M5	4656.25000	Peak	4659.72000	29.69000	0.64	0	9	0	3.29889	0	73.1362	HH
1787560203	XAUUSD	M5	4634.32000	Bottom	4628.93000	-30.79000	-0.66	3	27	3	-1.14037	3	-48.7522	LL
1787560803	XAUUSD	M5	4645.24000	Peak	4646.04000	17.11000	0.37	0	2	0	8.55500	1	83.3329	LH
1787564103	XAUUSD	M5	4637.04000	Bottom	4632.75000	-13.29000	-0.29	3	11	3	-1.20818	3	-50.3858	HL
1787565903	XAUUSD	M5	4646.83000	Peak	4650.11000	17.36000	0.37	0	6	0	2.89333	0	70.9337	HH
1787569803	XAUUSD	M5	4642.16000	Bottom	4639.17000	-10.94000	-0.24	3	13	3	-0.84154	3	-40.0819	HL
1787571303	XAUUSD	M5	4660.61000	Peak	4670.09000	30.92000	0.67	0	5	0	6.18400	0	80.8144	HH
1787574603	XAUUSD	M5	4654.86000	Bottom	4645.61000	-24.48000	-0.52	3	11	3	-2.22545	3	-65.8034	HL
1787578503	XAUUSD	M5	4667.49000	Peak	4680.85000	35.24000	0.76	0	13	0	2.71077	0	69.7510	HH
1787580903	XAUUSD	M5	4665.77000	Bottom	4655.55000	-25.30000	-0.54	3	8	3	-3.16250	3	-72.4528	HL
1787585103	XAUUSD	M5	4675.87000	Peak	4679.36000	23.81000	0.51	0	14	0	1.70071	0	59.5450	LH
1787594703	XAUUSD	M5	4632.10000	Bottom	4625.26000	-54.10000	-1.16	4	32	4	-1.69062	3	-59.3958	LL
1787601003	XAUUSD	M5	4653.02000	Peak	4655.80000	30.54000	0.66	0	21	0	1.45429	0	55.4867	LH
1787604303	XAUUSD	M5	4650.28000	Bottom	4647.19000	-8.61000	-0.18	3	11	3	-0.78273	3	-38.0513	HL
1787618403	XAUUSD	M5	4693.41000	Peak	4696.53000	49.34000	1.06	0	35	1	1.40971	0	54.6495	HH
1787626203	XAUUSD	M5	4626.86000	Bottom	4618.34000	-78.19000	-1.66	5	26	3	-3.00731	3	-71.6068	LL
1787639103	XAUUSD	M5	4650.02000	Peak	4653.42000	35.08000	0.76	0	43	2	0.81581	0	39.2080	LH
1787645103	XAUUSD	M5	4623.36000	Bottom	4620.12000	-33.30000	-0.72	3	20	3	-1.66500	3	-59.0109	HL
1787646003	XAUUSD	M5	4644.98000	Peak	4645.48000	25.36000	0.55	0	3	0	8.45333	1	83.2535	LH
1787650203	XAUUSD	M5	4637.46000	Bottom	4624.14000	-21.34000	-0.46	3	14	3	-1.52429	3	-56.7333	HL
1787658603	XAUUSD	M5	4643.89000	Peak	4647.25000	23.11000	0.50	0	28	0	0.82536	0	39.5348	HH
1787665503	XAUUSD	M5	4606.99000	Bottom	4605.22000	-42.03000	-0.90	3	23	3	-1.82739	3	-61.3113	LL
1787672403	XAUUSD	M5	4656.11000	Peak	4659.34000	54.12000	1.18	1	23	0	2.35304	0	66.9754	HH
1787677803	XAUUSD	M5	4637.85000	Bottom	4634.21000	-25.13000	-0.54	3	18	3	-1.39611	3	-54.3869	HL
1787688603	XAUUSD	M5	4666.01000	Peak	4668.94000	34.73000	0.75	0	36	1	0.96472	0	43.9713	HH
1787695203	XAUUSD	M5	4661.51000	Bottom	4656.17000	-12.77000	-0.27	3	10	3	-1.27700	3	-51.9360	HL
1787698203	XAUUSD	M5	4672.35000	Peak	4673.68000	17.51000	0.38	0	10	0	1.75100	0	60.2692	HH
1787706003	XAUUSD	M5	4646.03000	Bottom	4629.80000	-43.88000	-0.94	3	26	3	-1.68769	3	-59.3522	LL
1787712003	XAUUSD	M5	4667.23000	Peak	4670.66000	40.86000	0.88	0	20	0	2.04300	0	63.9193	LH
1787719503	XAUUSD	M5	4640.23000	Bottom	4638.82000	-31.84000	-0.68	3	25	3	-1.27360	3	-51.8619	HL
1787722203	XAUUSD	M5	4645.73000	Peak	4649.55000	10.73000	0.23	0	9	0	1.19222	0	50.0111	LH
1787732403	XAUUSD	M5	4626.40000	Bottom	4622.28000	-27.27000	-0.59	3	34	3	-0.80206	3	-38.7317	LL
1787734803	XAUUSD	M5	4625.97000	Peak	4630.88000	8.60000	0.19	0	8	0	1.07500	0	47.0700	LH
1787739903	XAUUSD	M5	4615.06000	Bottom	4613.34000	-17.54000	-0.38	3	17	3	-1.03176	3	-45.8957	LL
1787747103	XAUUSD	M5	4630.21000	Peak	4630.33000	16.99000	0.37	0	24	0	0.70792	0	35.2953	LH
1787750103	XAUUSD	M5	4611.45000	Bottom	4598.00000	-32.33000	-0.70	3	10	3	-3.23300	3	-72.8126	LL
1787752803	XAUUSD	M5	4624.17000	Peak	4633.31000	35.31000	0.77	0	9	0	3.92333	0	75.7006	HH
1787757303	XAUUSD	M5	4590.89000	Bottom	4582.97000	-50.34000	-1.09	3	15	3	-3.35600	3	-73.4073	LL
1787767503	XAUUSD	M5	4602.15000	Peak	4604.50000	21.53000	0.47	0	34	0	0.63324	0	32.3434	LH
1787771103	XAUUSD	M5	4592.99000	Bottom	4591.07000	-13.43000	-0.29	3	12	3	-1.11917	3	-48.2185	HL
1787772603	XAUUSD	M5	4597.54000	Peak	4601.68000	10.61000	0.23	0	5	0	2.12200	0	64.7677	LH
1787775603	XAUUSD	M5	4589.64000	Bottom	4584.20000	-17.48000	-0.38	3	10	3	-1.74800	3	-60.2269	LL
1787788803	XAUUSD	M5	4624.35000	Peak	4626.98000	42.78000	0.93	0	32	1	1.33687	0	53.2030	HH
1787791803	XAUUSD	M5	4602.73000	Bottom	4600.62000	-26.36000	-0.57	3	10	3	-2.63600	3	-69.2251	HL
1787796003	XAUUSD	M5	4638.67000	Peak	4642.96000	42.34000	0.92	0	14	0	3.02429	0	71.7032	HH
1787798403	XAUUSD	M5	4627.41000	Bottom	4623.67000	-19.29000	-0.42	3	8	3	-2.41125	3	-67.4751	HL
1787800803	XAUUSD	M5	4637.92000	Peak	4638.58000	14.91000	0.32	0	8	0	1.86375	0	61.7841	LH
1787815503	XAUUSD	M5	4599.44000	Bottom	4593.59000	-44.99000	-0.97	3	49	5	-0.91816	3	-42.5570	LL
1787817903	XAUUSD	M5	4603.19000	Peak	4606.84000	13.25000	0.29	0	8	0	1.65625	0	58.8775	LH
1787824803	XAUUSD	M5	4572.58000	Bottom	4569.24000	-37.60000	-0.82	3	23	3	-1.63478	3	-58.5458	LL
1787832003	XAUUSD	M5	4598.34000	Peak	4601.09000	31.85000	0.70	0	24	0	1.32708	0	53.0008	LH
1787838303	XAUUSD	M5	4577.11000	Bottom	4565.69000	-35.40000	-0.77	3	21	3	-1.68571	3	-59.3227	LL
1787849403	XAUUSD	M5	4615.92000	Peak	4616.61000	50.92000	1.12	1	37	1	1.37622	0	53.9967	HH
1787855403	XAUUSD	M5	4602.12000	Bottom	4601.10000	-15.51000	-0.34	3	20	3	-0.77550	3	-37.7936	HL
1787857503	XAUUSD	M5	4616.85000	Peak	4617.97000	16.87000	0.37	0	7	0	2.41000	0	67.4646	HH
1787864103	XAUUSD	M5	4601.92000	Bottom	4600.20000	-17.77000	-0.38	3	22	3	-0.80773	3	-38.9288	LL
1787871603	XAUUSD	M5	4609.41000	Peak	4611.43000	11.23000	0.24	0	13	0	0.86385	0	40.8220	LH
1787878503	XAUUSD	M5	4588.78000	Bottom	4585.67000	-25.76000	-0.56	3	23	3	-1.12000	3	-48.2397	LL
1787879403	XAUUSD	M5	4593.56000	Peak	4602.18000	16.51000	0.36	0	3	0	5.50333	2	79.7013	LH
1787882403	XAUUSD	M5	4577.22000	Bottom	4575.06000	-27.12000	-0.59	3	10	3	-2.71200	3	-69.7595	LL
1787887503	XAUUSD	M5	4588.01000	Peak	4590.14000	15.08000	0.33	0	17	0	0.88706	0	41.5749	LH
1787889903	XAUUSD	M5	4579.15000	Bottom	4577.96000	-12.18000	-0.27	3	8	3	-1.52250	3	-56.7025	HL
1787894703	XAUUSD	M5	4584.08000	Peak	4586.30000	8.34000	0.18	0	16	0	0.52125	0	27.5308	LH
1787895603	XAUUSD	M5	4572.75000	Bottom	4571.78000	-14.52000	-0.32	3	3	3	-4.84000	5	-78.3263	LL
1787904003	XAUUSD	M5	4612.49000	Peak	4614.53000	42.75000	0.94	0	28	0	1.52679	0	56.7764	HH
1787908503	XAUUSD	M5	4602.21000	Bottom	4600.50000	-14.03000	-0.30	3	15	3	-0.93533	3	-43.0862	HL
1787912103	XAUUSD	M5	4604.43000	Peak	4609.97000	9.47000	0.21	0	12	0	0.78917	0	38.2793	LH
1787918403	XAUUSD	M5	4594.69000	Bottom	4590.92000	-19.05000	-0.41	3	21	3	-0.90714	3	-42.2125	LL
1787919903	XAUUSD	M5	4601.41000	Peak	4603.61000	12.69000	0.28	0	5	0	2.53800	0	68.4950	LH
1787920503	XAUUSD	M5	4589.54000	Bottom	4589.20000	-14.41000	-0.31	3	2	3	-7.20500	5	-82.0983	LL
1787925303	XAUUSD	M5	4608.55000	Peak	4627.11000	37.91000	0.83	0	16	0	2.36937	0	67.1177	HH
1787927103	XAUUSD	M5	4552.04000	Bottom	4530.21000	-96.90000	-2.09	5	6	3	-16.15000	5	-86.4568	LL
1787929203	XAUUSD	M5	4580.07000	Peak	4582.91000	52.70000	1.16	1	7	0	7.52857	2	82.4338	LH
1787942403	XAUUSD	M5	4451.32000	Bottom	4445.40000	-137.51000	-3.00	5	44	5	-3.12523	3	-72.2565	LL
1787946003	XAUUSD	M5	4465.06000	Peak	4466.90000	21.50000	0.48	0	12	0	1.79167	0	60.8324	LH
1788127203	XAUUSD	M5	4445.91000	Bottom	4429.92000	-36.98000	-0.83	3	16	3	-2.31125	3	-66.6035	LL
1788131103	XAUUSD	M5	4465.33000	Peak	4466.76000	36.84000	0.83	0	13	0	2.83385	0	70.5632	LH
1788133503	XAUUSD	M5	4439.63000	Bottom	4436.05000	-30.71000	-0.69	3	8	3	-3.83875	3	-75.3989	HL
1788136803	XAUUSD	M5	4465.16000	Peak	4472.10000	36.05000	0.81	0	11	0	3.27727	0	73.0314	HH
1788144303	XAUUSD	M5	4401.67000	Bottom	4396.53000	-75.57000	-1.69	5	25	3	-3.02280	3	-71.6948	LL
1788146403	XAUUSD	M5	4430.85000	Peak	4433.89000	37.36000	0.85	0	7	0	5.33714	0	79.3878	LH
1788150603	XAUUSD	M5	4416.31000	Bottom	4412.89000	-21.00000	-0.47	3	14	3	-1.50000	3	-56.3099	HL
1788163203	XAUUSD	M5	4448.45000	Peak	4449.50000	36.61000	0.83	0	42	2	0.87167	0	41.0776	HH
1788166203	XAUUSD	M5	4434.22000	Bottom	4433.77000	-15.73000	-0.35	3	10	3	-1.57300	3	-57.5547	HL
1788175503	XAUUSD	M5	4463.25000	Peak	4464.03000	30.26000	0.68	0	31	0	0.97613	0	44.3079	HH
1788184503	XAUUSD	M5	4418.48000	Bottom	4415.83000	-48.20000	-1.08	3	30	3	-1.60667	3	-58.1016	LL
1788189303	XAUUSD	M5	4432.19000	Peak	4437.83000	22.00000	0.50	0	16	0	1.37500	0	53.9726	LH
1788192003	XAUUSD	M5	4430.39000	Bottom	4423.76000	-14.07000	-0.32	3	9	3	-1.56333	3	-57.3946	HL
1788193803	XAUUSD	M5	4436.45000	Peak	4440.25000	16.49000	0.37	0	6	0	2.74833	0	70.0057	HH
1788197103	XAUUSD	M5	4430.49000	Bottom	4428.76000	-11.49000	-0.26	3	11	3	-1.04455	3	-46.2481	HL
1788198303	XAUUSD	M5	4438.78000	Peak	4440.11000	11.35000	0.26	0	4	0	2.83750	0	70.5864	LH
1788201003	XAUUSD	M5	4427.55000	Bottom	4426.28000	-13.83000	-0.31	3	9	3	-1.53667	3	-56.9456	LL
1788206403	XAUUSD	M5	4452.78000	Peak	4455.71000	29.43000	0.66	0	18	0	1.63500	0	58.5492	HH
1788209403	XAUUSD	M5	4448.20000	Bottom	4446.55000	-9.16000	-0.21	3	10	3	-0.91600	3	-42.4897	HL
1788214203	XAUUSD	M5	4451.82000	Peak	4455.85000	9.30000	0.21	0	4	0	2.32500	0	66.7271	HH
1788218403	XAUUSD	M5	4443.11000	Bottom	4441.75000	-14.10000	-0.32	3	14	3	-1.00714	3	-45.2039	LL
1788222003	XAUUSD	M5	4457.94000	Peak	4461.41000	19.66000	0.44	0	12	0	1.63833	0	58.6011	HH
1788226203	XAUUSD	M5	4442.92000	Bottom	4436.46000	-24.95000	-0.56	3	14	3	-1.78214	3	-60.7022	LL
1788228603	XAUUSD	M5	4445.07000	Peak	4449.14000	12.68000	0.29	0	8	0	1.58500	0	57.7516	LH
1788238203	XAUUSD	M5	4429.32000	Bottom	4425.39000	-23.75000	-0.53	3	32	4	-0.74219	3	-36.5823	LL
1788242103	XAUUSD	M5	4440.15000	Peak	4445.96000	20.57000	0.46	0	13	0	1.58231	0	57.7076	LH
1788256803	XAUUSD	M5	4368.47000	Bottom	4364.22000	-81.74000	-1.84	5	49	5	-1.66816	3	-59.0589	LL
1788259203	XAUUSD	M5	4381.61000	Peak	4385.91000	21.69000	0.50	0	8	0	2.71125	0	69.7543	LH
1788261303	XAUUSD	M5	4376.04000	Bottom	4374.91000	-11.00000	-0.25	3	7	3	-1.57143	3	-57.5288	HL
1788263103	XAUUSD	M5	4385.15000	Peak	4387.27000	12.36000	0.28	0	6	0	2.06000	0	64.1064	HH
1788268203	XAUUSD	M5	4329.61000	Bottom	4326.21000	-61.06000	-1.39	3	17	3	-3.59176	3	-74.4420	LL
1788272403	XAUUSD	M5	4373.66000	Peak	4375.62000	49.41000	1.14	0	14	0	3.52929	0	74.1803	LH
1788291603	XAUUSD	M5	4326.44000	Bottom	4322.72000	-52.90000	-1.21	3	64	5	-0.82656	3	-39.5759	LL
1788300003	XAUUSD	M5	4331.23000	Peak	4334.35000	11.63000	0.27	0	16	0	0.72688	0	36.0125	LH
1788302403	XAUUSD	M5	4328.31000	Bottom	4326.35000	-8.00000	-0.18	3	8	3	-1.00000	3	-45.0000	HL
1788304203	XAUUSD	M5	4330.63000	Peak	4332.55000	6.20000	0.14	0	6	0	1.03333	0	45.9392	LH
1788305103	XAUUSD	M5	4330.87000	Bottom	4326.26000	-6.29000	-0.15	3	3	3	-2.09667	3	-64.5013	LL
1788305703	XAUUSD	M5	4334.94000	Peak	4335.76000	9.50000	0.22	0	2	0	4.75000	0	78.1113	HH
1788314403	XAUUSD	M5	4295.74000	Bottom	4287.38000	-48.38000	-1.12	3	29	3	-1.66828	3	-59.0606	LL
1788316503	XAUUSD	M5	4312.28000	Peak	4314.76000	27.38000	0.64	0	7	0	3.91143	0	75.6589	LH
1788320103	XAUUSD	M5	4291.47000	Bottom	4282.53000	-32.23000	-0.75	3	12	3	-2.68583	3	-69.5785	LL
1788329403	XAUUSD	M5	4326.55000	Peak	4329.26000	46.73000	1.09	0	31	0	1.50742	0	56.4403	HH
1788331803	XAUUSD	M5	4316.23000	Bottom	4314.57000	-14.69000	-0.34	3	8	3	-1.83625	3	-61.4278	HL
1788336603	XAUUSD	M5	4325.69000	Peak	4331.67000	17.10000	0.40	0	16	0	1.06875	0	46.9034	HH
1788343503	XAUUSD	M5	4303.02000	Bottom	4301.79000	-29.88000	-0.69	3	23	3	-1.29913	3	-52.4129	LL
1788358203	XAUUSD	M5	4387.85000	Peak	4397.55000	95.76000	2.23	2	49	2	1.95429	0	62.9014	HH
1788367503	XAUUSD	M5	4366.00000	Bottom	4364.55000	-33.00000	-0.75	3	31	3	-1.06452	3	-46.7899	HL
1788386403	XAUUSD	M5	4391.22000	Peak	4393.07000	28.52000	0.65	0	51	2	0.55922	0	29.2146	LH
1788392103	XAUUSD	M5	4383.47000	Bottom	4381.15000	-11.92000	-0.27	3	19	3	-0.62737	3	-32.1029	HL
1788394203	XAUUSD	M5	4390.26000	Peak	4392.57000	11.42000	0.26	0	7	0	1.63143	0	58.4934	LH
1788395703	XAUUSD	M5	4388.98000	Bottom	4382.63000	-9.94000	-0.23	3	5	3	-1.98800	3	-63.2968	HL
1788411603	XAUUSD	M5	4436.35000	Peak	4440.30000	57.67000	1.32	1	53	2	1.08811	0	47.4163	HH
1788416703	XAUUSD	M5	4421.66000	Bottom	4418.82000	-21.48000	-0.48	3	17	3	-1.26353	3	-51.6407	HL
1788422703	XAUUSD	M5	4435.28000	Peak	4443.70000	24.88000	0.56	0	20	0	1.24400	0	51.2056	HH
1788430803	XAUUSD	M5	4419.83000	Bottom	4419.20000	-24.50000	-0.55	3	27	3	-0.90741	3	-42.2208	HL
1788440403	XAUUSD	M5	4489.84000	Peak	4495.87000	76.67000	1.73	2	32	0	2.39594	0	67.3457	HH
1788443103	XAUUSD	M5	4458.20000	Bottom	4456.75000	-39.12000	-0.87	3	9	3	-4.34667	5	-77.0439	HL
1788448803	XAUUSD	M5	4504.68000	Peak	4510.78000	54.03000	1.21	0	19	0	2.84368	0	70.6254	HH
1788454803	XAUUSD	M5	4487.14000	Bottom	4483.26000	-27.52000	-0.61	3	20	3	-1.37600	3	-53.9924	HL
1788457503	XAUUSD	M5	4491.40000	Peak	4494.69000	11.43000	0.25	0	9	0	1.27000	0	51.7830	LH
1788463503	XAUUSD	M5	4475.85000	Bottom	4472.64000	-22.05000	-0.49	3	20	3	-1.10250	3	-47.7910	LL
1788464703	XAUUSD	M5	4479.37000	Peak	4480.79000	8.15000	0.18	0	4	0	2.03750	0	63.8583	LH
1788466503	XAUUSD	M5	4470.96000	Bottom	4470.42000	-10.37000	-0.23	3	6	3	-1.72833	3	-59.9467	LL
1788473703	XAUUSD	M5	4476.57000	Peak	4478.73000	8.31000	0.19	0	12	0	0.69250	0	34.7026	LH
1788475503	XAUUSD	M5	4474.76000	Bottom	4471.49000	-7.24000	-0.16	3	6	3	-1.20667	3	-50.3505	HL
1788480603	XAUUSD	M5	4480.86000	Peak	4483.24000	11.75000	0.26	0	17	0	0.69118	0	34.6513	HH
1788481803	XAUUSD	M5	4479.42000	Bottom	4472.81000	-10.43000	-0.23	3	4	3	-2.60750	3	-69.0177	HL
1788483303	XAUUSD	M5	4486.54000	Peak	4487.09000	14.28000	0.32	0	5	0	2.85600	0	70.7028	HH
1788494403	XAUUSD	M5	4468.95000	Bottom	4465.51000	-21.58000	-0.48	3	37	3	-0.58324	3	-30.2526	LL
1788496503	XAUUSD	M5	4474.39000	Peak	4474.90000	9.39000	0.21	0	7	0	1.34143	0	53.2964	LH
1788498603	XAUUSD	M5	4469.31000	Bottom	4467.38000	-7.52000	-0.17	3	7	3	-1.07429	3	-47.0510	HL
1788498903	XAUUSD	M5	4473.85000	Peak	4475.23000	7.85000	0.18	0	1	0	7.85000	2	82.7403	HH
1788499803	XAUUSD	M5	4473.23000	Bottom	4466.81000	-8.42000	-0.19	3	3	3	-2.80667	3	-70.3893	LL
1788500403	XAUUSD	M5	4471.00000	Peak	4477.61000	10.80000	0.24	0	2	0	5.40000	2	79.5085	HH
1788504903	XAUUSD	M5	4462.94000	Bottom	4460.05000	-17.56000	-0.39	3	15	3	-1.17067	3	-49.4956	LL
1788507903	XAUUSD	M5	4487.89000	Peak	4490.71000	30.66000	0.69	0	10	0	3.06600	0	71.9359	HH
1788513903	XAUUSD	M5	4466.65000	Bottom	4463.88000	-26.83000	-0.60	3	20	3	-1.34150	3	-53.2979	HL
1788518703	XAUUSD	M5	4474.78000	Peak	4476.42000	12.54000	0.28	0	16	0	0.78375	0	38.0876	LH
1788524103	XAUUSD	M5	4468.02000	Bottom	4464.51000	-11.91000	-0.27	3	18	3	-0.66167	3	-33.4913	HL
1788524703	XAUUSD	M5	4472.68000	Peak	4476.24000	11.73000	0.26	0	2	0	5.86500	2	80.3239	LH
1788526803	XAUUSD	M5	4379.22000	Bottom	4365.49000	-110.75000	-2.47	5	7	3	-15.82143	5	-86.3834	LL
1788535203	XAUUSD	M5	4442.95000	Peak	4448.95000	83.46000	1.91	2	28	0	2.98071	0	71.4539	LH
1788544803	XAUUSD	M5	4412.69000	Bottom	4412.00000	-36.95000	-0.83	3	32	3	-1.15469	3	-49.1063	HL
1788550203	XAUUSD	M5	4437.69000	Peak	4438.41000	26.41000	0.60	0	18	0	1.46722	0	55.7232	LH
1788732003	XAUUSD	M5	4422.64000	Bottom	4417.68000	-20.73000	-0.47	3	18	3	-1.15167	3	-49.0320	HL
1788734703	XAUUSD	M5	4434.02000	Peak	4435.12000	17.44000	0.39	0	9	0	1.93778	0	62.7038	LH
1788741003	XAUUSD	M5	4419.16000	Bottom	4418.53000	-16.59000	-0.37	3	21	3	-0.79000	3	-38.3087	HL
1788741903	XAUUSD	M5	4427.11000	Peak	4429.56000	11.03000	0.25	0	3	0	3.67667	0	74.7844	LH
1788744003	XAUUSD	M5	4396.06000	Bottom	4389.69000	-39.87000	-0.90	3	7	3	-5.69571	3	-80.0420	LL
1788749103	XAUUSD	M5	4417.36000	Peak	4419.05000	29.36000	0.67	0	17	0	1.72706	0	59.9283	LH
1788752703	XAUUSD	M5	4403.71000	Bottom	4401.76000	-17.29000	-0.39	3	12	3	-1.44083	3	-55.2377	HL
1788752819	XAUUSD	M5	4403.71000	Peak	4404.47000	2.71000	0.06	0	0	0	0.00000	0	0.0000	LH
