z-score_timestamp	z-score_symbol	z-score_timeframe	z-score_close	z-score_open	z-score_high	z-score_low	body_direction	body_size	body_classification
1787936403	XAUUSD	M15	4480.71	4479.39	4482.79	4471.24	1	0.70400	0
1787937303	XAUUSD	M15	4477.97	4480.78	4486.65	4475.02	-1	0.41664	3
1787938203	XAUUSD	M15	4467.41	4478.21	4481.68	4460.56	-1	1.10893	3
1787939103	XAUUSD	M15	4469.30	4467.36	4475.69	4466.60	1	0.58201	0
1787940003	XAUUSD	M15	4461.15	4469.41	4471.67	4459.64	-1	0.63911	3
1787940903	XAUUSD	M15	4456.32	4461.34	4463.35	4452.62	-1	0.01331	3
1787941803	XAUUSD	M15	4451.32	4456.20	4458.73	4445.40	-1	0.00796	3
1787942703	XAUUSD	M15	4457.08	4451.33	4458.31	4448.49	1	0.16150	0
1787943603	XAUUSD	M15	4457.10	4456.89	4462.65	4453.09	1	0.91296	0
1787944503	XAUUSD	M15	4462.29	4457.10	4463.67	4455.23	1	0.05597	0
1787945403	XAUUSD	M15	4465.06	4462.11	4466.90	4461.00	1	0.38076	0
1787946303	XAUUSD	M15	4458.25	4465.03	4465.03	4453.10	-1	0.36201	3
1787947203	XAUUSD	M15	4457.82	4458.60	4462.75	4455.43	-1	0.80447	3
1787948103	XAUUSD	M15	4457.94	4457.93	4460.54	4453.66	1	0.95277	0
1787949003	XAUUSD	M15	4457.37	4458.08	4458.18	4453.85	-1	0.81549	3
1787949903	XAUUSD	M15	4456.30	4457.37	4460.00	4453.25	-1	0.74572	3
1788127203	XAUUSD	M15	4458.84	4429.92	4459.76	4429.92	1	4.54253	2
1788128103	XAUUSD	M15	4459.57	4459.00	4466.09	4456.17	1	0.82967	0
1788129003	XAUUSD	M15	4457.71	4459.60	4462.42	4452.90	-1	0.57954	3
1788129903	XAUUSD	M15	4461.43	4457.71	4462.40	4456.86	1	0.23127	0
1788130803	XAUUSD	M15	4460.69	4461.24	4466.76	4459.82	-1	0.82812	3
1788131703	XAUUSD	M15	4457.65	4460.70	4465.12	4455.13	-1	0.35141	3
1788132603	XAUUSD	M15	4447.50	4457.67	4458.05	4446.56	-1	0.99548	3
1788133503	XAUUSD	M15	4458.52	4447.44	4460.26	4436.05	1	1.16466	0
1788134403	XAUUSD	M15	4462.00	4458.47	4463.45	4453.38	1	0.26701	0
1788135303	XAUUSD	M15	4456.90	4462.05	4465.32	4452.17	-1	0.04038	3
1788136203	XAUUSD	M15	4465.16	4456.74	4472.10	4456.74	1	0.65997	0
1788137103	XAUUSD	M15	4456.14	4465.18	4468.98	4456.00	-1	0.77600	3
1788138003	XAUUSD	M15	4443.85	4456.22	4463.16	4436.05	-1	1.40000	3
1788138903	XAUUSD	M15	4443.94	4443.67	4454.40	4442.34	1	0.88332	0
1788139803	XAUUSD	M15	4450.86	4443.94	4453.62	4436.50	1	0.37860	0
1788140703	XAUUSD	M15	4440.27	4450.87	4452.73	4436.29	-1	1.07434	3
1788141603	XAUUSD	M15	4424.37	4440.13	4441.28	4418.54	-1	2.03759	4
1788142503	XAUUSD	M15	4423.12	4424.29	4428.07	4418.79	-1	0.71277	3
1788143403	XAUUSD	M15	4403.04	4423.09	4426.43	4401.90	-1	2.81432	5
1788144303	XAUUSD	M15	4422.93	4403.11	4422.93	4396.53	1	2.74172	2
1788145203	XAUUSD	M15	4428.10	4422.84	4428.11	4421.65	1	0.04341	0
1788146103	XAUUSD	M15	4427.85	4428.10	4433.89	4426.44	-1	0.88211	3
1788147003	XAUUSD	M15	4422.81	4427.88	4427.88	4419.86	-1	0.00847	3
1788147903	XAUUSD	M15	4422.64	4422.73	4426.93	4421.53	-1	0.91344	3
1788148803	XAUUSD	M15	4421.17	4422.78	4422.92	4416.85	-1	0.63225	3
1788149703	XAUUSD	M15	4415.94	4421.11	4421.46	4415.88	-1	0.02668	3
1788150603	XAUUSD	M15	4420.19	4415.94	4421.84	4412.89	1	0.14060	0
1788151503	XAUUSD	M15	4424.61	4420.14	4425.01	4418.74	1	0.10137	0
1788152403	XAUUSD	M15	4422.64	4424.58	4426.95	4419.24	-1	0.57222	3
1788153303	XAUUSD	M15	4440.24	4422.60	4440.74	4421.98	1	2.32470	1
1788154203	XAUUSD	M15	4437.68	4440.24	4441.71	4430.52	-1	0.45890	3
1788155103	XAUUSD	M15	4442.92	4437.88	4443.81	4434.13	1	0.00092	0
1788156003	XAUUSD	M15	4432.07	4443.01	4443.16	4429.28	-1	1.09211	3
1788156903	XAUUSD	M15	4435.78	4432.11	4438.90	4431.28	1	0.25233	0
1788157803	XAUUSD	M15	4439.51	4435.80	4441.35	4431.26	1	0.24145	0
1788158703	XAUUSD	M15	4439.47	4439.80	4442.64	4436.70	-1	0.86528	3
1788159603	XAUUSD	M15	4436.16	4439.60	4441.84	4435.67	-1	0.29019	3
1788160503	XAUUSD	M15	4444.01	4436.16	4448.22	4435.16	1	0.52662	0
1788161403	XAUUSD	M15	4446.52	4443.92	4447.14	4441.19	1	0.44789	0
1788162303	XAUUSD	M15	4443.37	4446.51	4447.76	4440.95	-1	0.34842	3
1788163203	XAUUSD	M15	4438.89	4443.31	4449.50	4437.06	-1	0.11176	3
1788164103	XAUUSD	M15	4440.43	4438.89	4441.40	4436.08	1	0.64549	0
1788165003	XAUUSD	M15	4435.48	4440.14	4440.28	4434.44	-1	0.06241	3
1788165903	XAUUSD	M15	4435.64	4435.48	4436.98	4433.77	1	0.89649	0
1788166803	XAUUSD	M15	4442.90	4435.83	4443.00	4435.64	1	0.39214	0
1788167703	XAUUSD	M15	4439.09	4442.90	4444.16	4438.11	-1	0.21682	3
1788168603	XAUUSD	M15	4442.98	4439.18	4444.62	4439.05	1	0.22004	0
1788169503	XAUUSD	M15	4445.16	4443.02	4445.48	4440.88	1	0.52631	0
1788170403	XAUUSD	M15	4451.55	4445.55	4453.73	4444.83	1	0.19703	0
1788171303	XAUUSD	M15	4448.42	4451.64	4452.07	4446.45	-1	0.32029	3
1788172203	XAUUSD	M15	4450.93	4448.35	4451.56	4447.54	1	0.44192	0
1788173103	XAUUSD	M15	4453.90	4450.87	4455.51	4449.34	1	0.35800	0
1788174003	XAUUSD	M15	4453.69	4453.85	4457.54	4453.10	-1	0.89471	3
1788174903	XAUUSD	M15	4463.25	4453.78	4464.03	4452.69	1	0.85294	0
1788175803	XAUUSD	M15	4454.77	4463.24	4463.93	4453.59	-1	0.66358	3
1788176703	XAUUSD	M15	4455.42	4454.65	4456.20	4452.52	1	0.78070	0
1788177603	XAUUSD	M15	4457.32	4455.42	4460.91	4451.02	1	0.56980	0
1788178503	XAUUSD	M15	4447.62	4457.32	4458.72	4447.26	-1	0.89146	3
1788179403	XAUUSD	M15	4440.51	4447.68	4449.98	4438.96	-1	0.41778	3
1788180303	XAUUSD	M15	4435.85	4440.44	4441.50	4435.42	-1	0.06752	3
1788181203	XAUUSD	M15	4445.99	4435.91	4446.66	4433.85	1	0.95852	0
1788182103	XAUUSD	M15	4445.62	4446.00	4448.28	4439.33	-1	0.86027	3
1788183003	XAUUSD	M15	4433.66	4445.87	4447.34	4432.03	-1	1.35115	3
1788183903	XAUUSD	M15	4418.48	4433.63	4433.63	4415.83	-1	1.88876	4
1788184803	XAUUSD	M15	4427.64	4418.11	4427.88	4416.16	1	0.83785	0
1788185703	XAUUSD	M15	4420.20	4427.47	4431.05	4416.56	-1	0.41424	3
1788186603	XAUUSD	M15	4433.00	4420.20	4435.96	4419.26	1	1.43778	0
1788187503	XAUUSD	M15	4431.60	4433.02	4436.09	4426.13	-1	0.67611	3
1788188403	XAUUSD	M15	4435.25	4431.69	4437.63	4428.16	1	0.27796	0
1788189303	XAUUSD	M15	4433.04	4435.25	4437.83	4429.08	-1	0.52851	3
1788190203	XAUUSD	M15	4427.40	4432.90	4434.16	4426.37	-1	0.08366	3
1788191103	XAUUSD	M15	4426.26	4427.37	4433.59	4424.63	-1	0.73093	3
1788192003	XAUUSD	M15	4434.81	4426.44	4437.09	4423.76	1	0.61923	0
1788192903	XAUUSD	M15	4438.40	4434.78	4438.64	4433.29	1	0.26201	0
1788193803	XAUUSD	M15	4435.75	4438.42	4440.25	4431.29	-1	0.43562	3
1788194703	XAUUSD	M15	4433.32	4435.71	4437.62	4432.33	-1	0.48497	3
1788195603	XAUUSD	M15	4433.91	4433.28	4435.29	4430.79	1	0.80989	0
1788196503	XAUUSD	M15	4430.49	4433.53	4437.05	4428.76	-1	0.35891	3
1788197403	XAUUSD	M15	4436.51	4430.86	4436.87	4429.94	1	0.12535	0
1788198303	XAUUSD	M15	4436.57	4436.61	4440.11	4435.70	-1	0.91598	3
1788199203	XAUUSD	M15	4433.72	4436.56	4436.83	4430.43	-1	0.38960	3
1788200103	XAUUSD	M15	4429.93	4433.72	4434.53	4429.66	-1	0.20750	3
1788201003	XAUUSD	M15	4429.22	4429.79	4430.28	4426.28	-1	0.81632	3
1788201903	XAUUSD	M15	4430.87	4429.29	4434.65	4429.11	1	0.62317	0
1788202803	XAUUSD	M15	4433.73	4430.87	4435.47	4429.16	1	0.37754	0
1788203703	XAUUSD	M15	4440.40	4433.74	4442.43	4432.96	1	0.34853	0
1788204603	XAUUSD	M15	4443.04	4440.41	4445.34	4439.08	1	0.42222	0
1788205503	XAUUSD	M15	4453.26	4443.04	4453.75	4441.61	1	1.02521	0
1788206403	XAUUSD	M15	4450.05	4453.34	4455.71	4449.77	-1	0.30000	3
1788207303	XAUUSD	M15	4447.34	4450.04	4450.37	4446.89	-1	0.41116	3
1788208203	XAUUSD	M15	4448.23	4447.34	4449.30	4446.85	1	0.75500	0
1788209103	XAUUSD	M15	4449.12	4448.20	4449.16	4446.55	1	0.74992	0
1788213603	XAUUSD	M15	4451.82	4450.04	4455.85	4447.22	1	0.58205	0
1788214503	XAUUSD	M15	4449.83	4451.64	4452.22	4447.92	-1	0.57343	3
1788215403	XAUUSD	M15	4447.93	4449.83	4451.16	4447.44	-1	0.55371	3
1788216303	XAUUSD	M15	4447.09	4447.89	4448.32	4445.64	-1	0.76250	3
1788217203	XAUUSD	M15	4444.13	4446.98	4447.19	4443.84	-1	0.36851	3
1788218103	XAUUSD	M15	4443.32	4444.13	4444.35	4441.75	-1	0.75919	3
1788219003	XAUUSD	M15	4445.60	4443.32	4447.94	4443.14	1	0.47801	0
1788219903	XAUUSD	M15	4452.31	4445.76	4452.44	4445.63	1	0.34105	0
1788220803	XAUUSD	M15	4455.24	4452.24	4458.03	4446.51	1	0.33993	0
1788221703	XAUUSD	M15	4460.10	4455.18	4461.41	4452.73	1	0.02816	0
1788222603	XAUUSD	M15	4453.36	4460.30	4460.97	4452.02	-1	0.41423	3
1788223503	XAUUSD	M15	4453.60	4453.29	4461.41	4451.16	1	0.85229	0
1788224403	XAUUSD	M15	4446.39	4453.60	4456.84	4445.50	-1	0.46821	3
1788225303	XAUUSD	M15	4439.82	4446.44	4447.81	4437.95	-1	0.35514	3
1788226203	XAUUSD	M15	4445.69	4439.89	4445.69	4436.46	1	0.19600	0
1788227103	XAUUSD	M15	4444.42	4445.62	4446.66	4439.48	-1	0.68542	3
1788228003	XAUUSD	M15	4445.07	4444.41	4449.14	4441.88	1	0.78913	0
1788228903	XAUUSD	M15	4440.60	4445.06	4448.46	4440.40	-1	0.06086	3
1788229803	XAUUSD	M15	4431.86	4440.65	4440.97	4431.62	-1	0.77047	3
1788230703	XAUUSD	M15	4443.09	4431.86	4443.19	4427.73	1	1.23254	0
1788231603	XAUUSD	M15	4439.93	4443.09	4444.12	4438.64	-1	0.31496	3
1788232503	XAUUSD	M15	4434.07	4439.87	4440.39	4431.79	-1	0.18943	3
1788233403	XAUUSD	M15	4438.59	4434.07	4438.86	4433.52	1	0.05635	0
1788234303	XAUUSD	M15	4436.70	4438.50	4443.31	4436.70	-1	0.57803	3
1788235203	XAUUSD	M15	4431.17	4436.66	4437.74	4430.19	-1	0.12886	3
1788236103	XAUUSD	M15	4429.68	4431.18	4433.79	4429.58	-1	0.63656	3
1788237003	XAUUSD	M15	4427.83	4429.68	4430.57	4426.60	-1	0.56990	3
1788237903	XAUUSD	M15	4426.69	4427.89	4429.70	4425.39	-1	0.69421	3
1788238803	XAUUSD	M15	4429.35	4426.69	4432.62	4426.24	1	0.41393	0
1788239703	XAUUSD	M15	4426.69	4429.42	4430.68	4425.54	-1	0.40103	3
1788240603	XAUUSD	M15	4442.75	4426.86	4443.62	4424.24	1	2.10746	1
1788241503	XAUUSD	M15	4440.15	4442.75	4445.96	4439.93	-1	0.43070	3
1788242403	XAUUSD	M15	4432.86	4440.05	4440.56	4431.81	-1	0.45339	3
1788243303	XAUUSD	M15	4429.02	4432.85	4435.03	4427.75	-1	0.18878	3
1788244203	XAUUSD	M15	4434.93	4428.89	4435.23	4428.48	1	0.23620	0
1788245103	XAUUSD	M15	4429.64	4434.93	4435.33	4428.22	-1	0.09086	3
1788246003	XAUUSD	M15	4433.20	4429.65	4435.00	4429.49	1	0.24355	0
1788246903	XAUUSD	M15	4426.20	4433.19	4433.65	4425.92	-1	0.41736	3
1788247803	XAUUSD	M15	4418.33	4426.22	4428.26	4412.27	-1	0.59526	3
1788248703	XAUUSD	M15	4420.21	4418.21	4423.33	4417.04	1	0.54496	0
1788249603	XAUUSD	M15	4405.52	4419.79	4419.79	4389.52	-1	1.81818	4
1788250503	XAUUSD	M15	4383.03	4405.52	4405.77	4381.85	-1	3.35222	5
1788251403	XAUUSD	M15	4375.72	4382.94	4383.78	4370.08	-1	0.45183	3
1788252303	XAUUSD	M15	4370.94	4375.64	4378.57	4369.59	-1	0.03093	3
1788253203	XAUUSD	M15	4376.08	4370.86	4376.15	4366.53	1	0.06987	0
1788254103	XAUUSD	M15	4372.95	4376.08	4378.16	4370.71	-1	0.32983	3
1788255003	XAUUSD	M15	4371.67	4372.95	4373.10	4365.66	-1	0.68289	3
1788255903	XAUUSD	M15	4364.91	4371.67	4373.74	4364.64	-1	0.36330	3
1788256803	XAUUSD	M15	4378.33	4364.71	4381.91	4364.22	1	1.66790	1
1788257703	XAUUSD	M15	4384.98	4378.34	4385.62	4378.33	1	0.33334	0
1788258603	XAUUSD	M15	4381.61	4385.01	4385.91	4381.61	-1	0.28433	3
1788259503	XAUUSD	M15	4378.18	4381.75	4381.75	4375.13	-1	0.25101	3
1788260403	XAUUSD	M15	4377.25	4378.23	4383.10	4375.96	-1	0.74540	3
1788261303	XAUUSD	M15	4380.61	4377.13	4381.98	4374.91	1	0.26841	0
1788262203	XAUUSD	M15	4384.31	4380.54	4384.78	4378.38	1	0.21454	0
1788263103	XAUUSD	M15	4374.77	4384.01	4387.27	4371.99	-1	0.82823	3
1788264003	XAUUSD	M15	4370.97	4374.47	4374.64	4366.94	-1	0.26598	3
1788264903	XAUUSD	M15	4368.53	4370.71	4376.02	4366.00	-1	0.51863	3
1788265803	XAUUSD	M15	4364.88	4368.53	4368.74	4352.01	-1	0.23905	3
1788266703	XAUUSD	M15	4356.39	4364.82	4369.73	4356.20	-1	0.67252	3
1788267603	XAUUSD	M15	4329.61	4356.24	4357.46	4326.21	-1	4.06027	5
1788268503	XAUUSD	M15	4342.99	4329.60	4344.68	4326.47	1	1.56980	1
1788269403	XAUUSD	M15	4361.82	4343.01	4362.31	4341.29	1	2.55724	2
1788270303	XAUUSD	M15	4365.84	4361.74	4367.22	4354.24	1	0.17383	0
1788271203	XAUUSD	M15	4370.22	4365.19	4370.45	4353.34	1	0.00018	0
1788272103	XAUUSD	M15	4365.94	4370.35	4375.62	4365.94	-1	0.11618	3
1788273003	XAUUSD	M15	4367.01	4365.80	4373.22	4364.28	1	0.70937	0
1788273903	XAUUSD	M15	4360.28	4367.03	4370.20	4356.87	-1	0.31740	3
1788274803	XAUUSD	M15	4357.07	4360.38	4362.99	4355.24	-1	0.32080	3
1788275703	XAUUSD	M15	4365.70	4357.33	4365.78	4356.36	1	0.61785	0
1788276603	XAUUSD	M15	4370.79	4365.77	4370.89	4361.69	1	0.00399	0
1788277503	XAUUSD	M15	4372.90	4370.69	4373.85	4368.65	1	0.52611	0
1788278403	XAUUSD	M15	4362.56	4373.14	4374.72	4362.50	-1	1.02364	3
1788279303	XAUUSD	M15	4352.90	4362.34	4365.56	4352.57	-1	0.80955	3
1788280203	XAUUSD	M15	4354.87	4351.62	4357.73	4347.09	1	0.33497	0
1788281103	XAUUSD	M15	4351.28	4354.77	4359.14	4351.15	-1	0.29191	3
1788282003	XAUUSD	M15	4346.39	4351.37	4351.93	4344.37	-1	0.01468	3
1788282903	XAUUSD	M15	4349.96	4346.44	4350.09	4342.95	1	0.28704	0
1788283803	XAUUSD	M15	4344.18	4349.84	4351.91	4342.75	-1	0.10843	3
1788284703	XAUUSD	M15	4342.96	4343.97	4344.54	4341.05	-1	0.75193	3
1788285603	XAUUSD	M15	4336.43	4342.98	4344.56	4334.51	-1	0.27759	3
1788286503	XAUUSD	M15	4337.51	4336.43	4341.80	4335.64	1	0.74031	0
1788287403	XAUUSD	M15	4329.66	4337.55	4337.65	4328.42	-1	0.52718	3
1788288303	XAUUSD	M15	4331.76	4329.60	4334.31	4328.34	1	0.53648	0
1788289203	XAUUSD	M15	4337.34	4331.67	4337.34	4329.11	1	0.11896	0
1788290103	XAUUSD	M15	4334.52	4337.31	4337.68	4333.42	-1	0.41804	3
1788291003	XAUUSD	M15	4326.44	4334.55	4334.76	4322.72	-1	0.57189	3
1788291903	XAUUSD	M15	4327.17	4326.38	4330.43	4323.59	1	0.79069	0
1788292803	XAUUSD	M15	4325.74	4327.02	4330.78	4323.72	-1	0.70018	3
1788293703	XAUUSD	M15	4326.09	4325.83	4329.06	4324.99	1	0.89023	0
1788294603	XAUUSD	M15	4327.64	4326.09	4330.46	4325.20	1	0.65001	0
1788295503	XAUUSD	M15	4328.20	4327.64	4329.85	4326.88	1	0.83478	0
1788300003	XAUUSD	M15	4329.19	4332.97	4334.35	4328.40	-1	0.23533	3
1788300903	XAUUSD	M15	4327.79	4329.19	4329.30	4327.18	-1	0.67976	3
1788301803	XAUUSD	M15	4328.31	4327.87	4329.51	4326.35	1	0.85590	0
1788302703	XAUUSD	M15	4329.37	4328.31	4331.21	4327.39	1	0.74000	0
1788303603	XAUUSD	M15	4330.63	4329.37	4332.55	4327.17	1	0.70217	0
1788304503	XAUUSD	M15	4330.87	4330.63	4331.58	4326.26	1	0.88793	0
1788305403	XAUUSD	M15	4333.78	4330.90	4335.76	4330.82	1	0.39439	0
1788306303	XAUUSD	M15	4324.40	4333.83	4333.95	4323.44	-1	0.82209	3
1788307203	XAUUSD	M15	4328.07	4324.59	4330.51	4315.90	1	0.28693	0
1788308103	XAUUSD	M15	4325.85	4328.23	4334.63	4322.74	-1	0.49059	3
1788309003	XAUUSD	M15	4330.12	4325.85	4331.75	4320.47	1	0.14032	0
1788309903	XAUUSD	M15	4315.81	4330.06	4331.37	4314.81	-1	1.70974	4
1788310803	XAUUSD	M15	4317.63	4315.66	4322.58	4304.88	1	0.57153	0
1788311703	XAUUSD	M15	4317.22	4317.58	4326.77	4315.31	-1	0.86848	3
1788312603	XAUUSD	M15	4309.12	4317.20	4318.55	4305.16	-1	0.56151	3
1788313503	XAUUSD	M15	4291.00	4309.21	4309.86	4288.33	-1	2.42058	4
1788314403	XAUUSD	M15	4296.13	4291.00	4301.97	4287.38	1	0.00548	0
1788315303	XAUUSD	M15	4304.41	4296.15	4306.36	4296.03	1	0.58316	0
1788316203	XAUUSD	M15	4309.32	4304.51	4314.76	4299.57	1	0.05361	0
1788317103	XAUUSD	M15	4302.90	4309.30	4311.22	4300.38	-1	0.23784	3
1788318003	XAUUSD	M15	4300.87	4302.97	4304.34	4296.96	-1	0.55530	3
1788318903	XAUUSD	M15	4293.78	4300.81	4302.60	4289.46	-1	0.35359	3
1788319803	XAUUSD	M15	4288.84	4293.78	4293.82	4282.53	-1	0.03140	3
1788320703	XAUUSD	M15	4303.33	4288.75	4303.86	4288.56	1	1.73767	1
1788321603	XAUUSD	M15	4304.30	4303.33	4306.77	4302.18	1	0.76685	0
1788322503	XAUUSD	M15	4302.76	4304.30	4305.47	4301.42	-1	0.66161	3
1788323403	XAUUSD	M15	4304.75	4302.90	4307.77	4302.59	1	0.60474	0
1788324303	XAUUSD	M15	4307.28	4304.75	4307.62	4303.85	1	0.47827	0
1788325203	XAUUSD	M15	4310.00	4307.29	4310.08	4303.65	1	0.44593	0
1788326103	XAUUSD	M15	4313.06	4310.02	4313.94	4306.80	1	0.38446	0
1788327003	XAUUSD	M15	4323.14	4313.06	4324.80	4313.06	1	0.90916	0
1788327903	XAUUSD	M15	4319.83	4323.21	4326.56	4319.35	-1	0.32086	3
1788328803	XAUUSD	M15	4326.55	4319.91	4329.26	4317.61	1	0.27725	0
1788329703	XAUUSD	M15	4322.83	4326.55	4328.48	4320.82	-1	0.26149	3
1788330603	XAUUSD	M15	4324.22	4322.83	4326.39	4316.87	1	0.68729	0
1788331503	XAUUSD	M15	4321.76	4324.22	4324.97	4314.57	-1	0.48709	3
1788332403	XAUUSD	M15	4326.71	4321.76	4331.02	4319.20	1	0.02553	0
1788333303	XAUUSD	M15	4326.82	4326.58	4329.33	4324.97	1	0.89273	0
1788334203	XAUUSD	M15	4322.68	4326.80	4331.37	4321.99	-1	0.17657	3
1788335103	XAUUSD	M15	4323.17	4322.77	4325.08	4320.53	1	0.86066	0
1788336003	XAUUSD	M15	4325.69	4323.30	4331.67	4322.15	1	0.48750	0
1788336903	XAUUSD	M15	4323.02	4325.48	4327.75	4322.70	-1	0.47289	3
1788337803	XAUUSD	M15	4322.02	4323.15	4326.82	4319.58	-1	0.71706	3
1788338703	XAUUSD	M15	4312.87	4322.28	4322.59	4312.68	-1	0.82529	3
1788339603	XAUUSD	M15	4313.92	4312.89	4322.33	4312.37	1	0.73407	0
1788340503	XAUUSD	M15	4309.07	4313.90	4315.27	4304.94	-1	0.02634	3
1788341403	XAUUSD	M15	4310.05	4309.05	4311.81	4307.48	1	0.73656	0
1788342303	XAUUSD	M15	4308.58	4310.02	4311.45	4307.95	-1	0.65360	3
1788343203	XAUUSD	M15	4306.87	4308.68	4309.67	4301.79	-1	0.58401	3
1788344103	XAUUSD	M15	4309.91	4306.74	4312.23	4306.11	1	0.33118	0
1788345003	XAUUSD	M15	4309.43	4309.92	4310.74	4307.23	-1	0.82950	3
1788345903	XAUUSD	M15	4309.32	4309.43	4310.39	4305.21	-1	0.89979	3
1788346803	XAUUSD	M15	4322.84	4309.38	4324.49	4307.67	1	1.57345	1
1788347703	XAUUSD	M15	4321.84	4322.69	4323.18	4315.63	-1	0.76251	3
1788348603	XAUUSD	M15	4324.75	4321.83	4333.01	4321.67	1	0.37940	0
1788349503	XAUUSD	M15	4332.34	4324.62	4332.95	4323.38	1	0.50809	0
1788350403	XAUUSD	M15	4333.28	4332.43	4336.45	4329.17	1	0.76530	0
1788351303	XAUUSD	M15	4336.46	4333.10	4344.29	4329.93	1	0.29975	0
1788352203	XAUUSD	M15	4334.35	4336.22	4337.68	4327.48	-1	0.57536	3
1788353103	XAUUSD	M15	4331.70	4334.28	4339.23	4330.55	-1	0.44441	3
1788354003	XAUUSD	M15	4339.54	4331.41	4344.52	4330.87	1	0.58182	0
1788354903	XAUUSD	M15	4358.32	4339.58	4358.32	4336.75	1	2.52339	2
1788355803	XAUUSD	M15	4378.21	4358.37	4379.42	4357.05	1	2.69669	2
1788356703	XAUUSD	M15	4385.52	4378.12	4385.52	4367.74	1	0.42239	0
1788357603	XAUUSD	M15	4387.85	4385.32	4397.55	4378.97	1	0.46562	0
1788358503	XAUUSD	M15	4387.78	4387.80	4397.29	4384.89	-1	0.91988	3
1788359403	XAUUSD	M15	4385.65	4387.53	4388.13	4381.32	-1	0.58145	3
1788360303	XAUUSD	M15	4377.01	4385.46	4386.79	4374.32	-1	0.61562	3
1788361203	XAUUSD	M15	4372.64	4376.96	4380.83	4372.58	-1	0.13798	3
1788362103	XAUUSD	M15	4372.51	4372.88	4372.94	4365.67	-1	0.85688	3
1788363003	XAUUSD	M15	4366.29	4372.65	4375.03	4366.08	-1	0.23473	3
1788363903	XAUUSD	M15	4372.99	4366.05	4373.90	4364.60	1	0.33824	0
1788364803	XAUUSD	M15	4372.45	4373.14	4374.80	4368.96	-1	0.80040	3
1788365703	XAUUSD	M15	4368.72	4372.45	4372.49	4367.67	-1	0.24689	3
1788366603	XAUUSD	M15	4365.07	4368.51	4370.51	4364.63	-1	0.29652	3
1788367503	XAUUSD	M15	4368.37	4364.95	4370.58	4364.55	1	0.30139	0
1788368403	XAUUSD	M15	4368.92	4368.37	4371.13	4367.62	1	0.82496	0
1788369303	XAUUSD	M15	4369.81	4368.90	4369.94	4364.66	1	0.75585	0
1788370203	XAUUSD	M15	4376.47	4369.95	4377.58	4366.59	1	0.27783	0
1788371103	XAUUSD	M15	4377.03	4376.54	4380.68	4375.48	1	0.83044	0
1788372003	XAUUSD	M15	4370.27	4377.03	4377.67	4370.20	-1	0.32751	3
1788372903	XAUUSD	M15	4373.14	4370.27	4379.60	4369.25	1	0.39117	0
1788373803	XAUUSD	M15	4373.03	4373.06	4378.24	4372.56	-1	0.91406	3
1788374703	XAUUSD	M15	4374.10	4373.01	4375.86	4372.59	1	0.71712	0
1788375603	XAUUSD	M15	4379.24	4374.13	4380.29	4371.81	1	0.02643	0
1788376503	XAUUSD	M15	4381.15	4379.15	4383.07	4378.26	1	0.54962	0
1788377403	XAUUSD	M15	4388.14	4381.19	4388.70	4381.19	1	0.36604	0
1788378303	XAUUSD	M15	4390.96	4388.13	4391.30	4384.94	1	0.39596	0
1788379203	XAUUSD	M15	4386.03	4391.12	4391.60	4385.95	-1	0.02010	3
1788380103	XAUUSD	M15	4386.38	4386.03	4387.76	4384.13	1	0.85520	0
1788381003	XAUUSD	M15	4387.94	4386.20	4389.78	4385.74	1	0.59812	0
1788381903	XAUUSD	M15	4388.10	4387.88	4390.69	4387.42	1	0.87927	0
1788386403	XAUUSD	M15	4390.03	4391.34	4393.07	4389.77	-1	0.67751	3
1788387303	XAUUSD	M15	4389.90	4389.89	4390.94	4387.81	1	0.91613	0
1788388203	XAUUSD	M15	4384.96	4389.90	4389.90	4384.82	-1	0.00163	3
1788389103	XAUUSD	M15	4384.53	4385.25	4385.33	4383.61	-1	0.78277	3
1788390003	XAUUSD	M15	4384.04	4384.72	4386.85	4383.93	-1	0.78998	3
1788390903	XAUUSD	M15	4382.18	4384.04	4384.21	4381.89	-1	0.57022	3
1788391803	XAUUSD	M15	4385.28	4382.18	4385.39	4381.15	1	0.34091	0
1788392703	XAUUSD	M15	4385.66	4385.19	4388.91	4384.56	1	0.82436	0
1788393603	XAUUSD	M15	4390.26	4385.66	4392.57	4384.58	1	0.06066	0
1788394503	XAUUSD	M15	4387.20	4390.36	4390.42	4385.30	-1	0.32656	3
1788395403	XAUUSD	M15	4387.77	4387.20	4389.69	4382.63	1	0.80505	0
1788396303	XAUUSD	M15	4395.64	4387.76	4397.49	4385.80	1	0.54459	0
1788397203	XAUUSD	M15	4401.52	4395.62	4409.22	4387.36	1	0.17722	0
1788398103	XAUUSD	M15	4401.80	4401.17	4403.67	4394.09	1	0.79648	0
1788399003	XAUUSD	M15	4400.86	4401.67	4409.42	4400.44	-1	0.76106	3
1788399903	XAUUSD	M15	4410.27	4400.75	4412.57	4400.27	1	0.84477	0
1788400803	XAUUSD	M15	4411.14	4410.40	4415.32	4409.13	1	0.77491	0
1788401703	XAUUSD	M15	4411.58	4411.12	4413.13	4406.81	1	0.82593	0
1788402603	XAUUSD	M15	4413.50	4411.48	4418.10	4409.55	1	0.53457	0
1788403503	XAUUSD	M15	4420.37	4413.67	4420.51	4411.60	1	0.33018	0
1788404403	XAUUSD	M15	4428.80	4420.37	4430.07	4419.50	1	0.64759	0
1788405303	XAUUSD	M15	4429.39	4428.85	4431.23	4424.66	1	0.81339	0
1788406203	XAUUSD	M15	4426.62	4429.41	4432.17	4426.62	-1	0.39551	3
1788407103	XAUUSD	M15	4431.47	4426.62	4432.57	4425.40	1	0.01425	0
1788408003	XAUUSD	M15	4431.20	4431.43	4435.80	4425.73	-1	0.86818	3
1788408903	XAUUSD	M15	4436.50	4431.20	4436.86	4429.99	1	0.06859	0
1788409803	XAUUSD	M15	4437.99	4436.56	4438.52	4435.54	1	0.64665	0
1788410703	XAUUSD	M15	4437.42	4438.03	4438.55	4434.01	-1	0.79827	3
1788411603	XAUUSD	M15	4429.66	4437.42	4440.30	4428.95	-1	0.52351	3
1788412503	XAUUSD	M15	4425.09	4429.72	4430.61	4422.73	-1	0.05623	3
1788413403	XAUUSD	M15	4432.27	4425.21	4432.59	4422.62	1	0.39379	0
1788414303	XAUUSD	M15	4431.08	4432.30	4439.29	4428.43	-1	0.68654	3
1788415203	XAUUSD	M15	4427.04	4431.08	4436.27	4425.80	-1	0.16643	3
1788416103	XAUUSD	M15	4421.66	4427.04	4430.74	4418.82	-1	0.08115	3
1788417003	XAUUSD	M15	4425.63	4421.58	4426.09	4420.37	1	0.16209	0
1788417903	XAUUSD	M15	4420.58	4425.55	4428.73	4420.58	-1	0.00907	3
1788418803	XAUUSD	M15	4421.98	4420.62	4431.61	4419.10	1	0.66066	0
1788419703	XAUUSD	M15	4426.49	4422.00	4430.23	4421.68	1	0.07863	0
1788420603	XAUUSD	M15	4426.83	4426.52	4430.77	4423.73	1	0.85050	0
1788421503	XAUUSD	M15	4428.83	4426.63	4431.09	4424.33	1	0.49798	0
1788422403	XAUUSD	M15	4431.23	4428.77	4443.70	4428.15	1	0.45035	0
1788423303	XAUUSD	M15	4438.33	4431.38	4439.53	4430.78	1	0.38234	0
1788424203	XAUUSD	M15	4434.13	4438.37	4439.69	4431.47	-1	0.12044	3
1788425103	XAUUSD	M15	4434.98	4434.59	4440.03	4434.05	1	0.83355	0
1788426003	XAUUSD	M15	4438.25	4435.03	4441.91	4434.15	1	0.30540	0
1788426903	XAUUSD	M15	4435.29	4437.99	4438.31	4432.18	-1	0.40194	3
1788427803	XAUUSD	M15	4430.03	4435.27	4438.02	4429.57	-1	0.07032	3
1788428703	XAUUSD	M15	4427.52	4430.03	4430.50	4425.61	-1	0.43751	3
1788429603	XAUUSD	M15	4424.45	4427.52	4429.87	4423.11	-1	0.33219	3
1788430503	XAUUSD	M15	4422.51	4424.50	4425.64	4419.20	-1	0.53439	3
1788431403	XAUUSD	M15	4425.63	4422.51	4426.31	4420.10	1	0.32517	0
1788432303	XAUUSD	M15	4427.51	4425.58	4428.52	4424.06	1	0.54554	0
1788433203	XAUUSD	M15	4432.72	4427.25	4432.72	4425.05	1	0.11215	0
1788434103	XAUUSD	M15	4434.33	4432.68	4437.98	4430.34	1	0.59870	0
1788435003	XAUUSD	M15	4438.77	4434.57	4439.29	4426.33	1	0.12420	0
1788435903	XAUUSD	M15	4444.13	4438.77	4444.95	4436.65	1	0.09212	0
1788436803	XAUUSD	M15	4443.86	4444.13	4450.20	4441.18	-1	0.85368	3
1788437703	XAUUSD	M15	4446.55	4443.86	4449.14	4437.91	1	0.40037	0
1788438603	XAUUSD	M15	4468.01	4446.56	4478.75	4446.35	1	3.05428	2
1788439503	XAUUSD	M15	4493.36	4467.66	4495.21	4465.51	1	3.76601	2
1788440403	XAUUSD	M15	4485.60	4493.57	4495.87	4484.80	-1	0.54844	3
1788441303	XAUUSD	M15	4479.96	4485.72	4487.93	4477.04	-1	0.14588	3
1788442203	XAUUSD	M15	4470.14	4479.86	4482.39	4468.13	-1	0.86027	3
1788443103	XAUUSD	M15	4470.93	4469.86	4471.03	4456.75	1	0.70853	0
1788444003	XAUUSD	M15	4469.12	4468.50	4472.91	4459.37	1	0.78994	0
1788444903	XAUUSD	M15	4477.70	4469.23	4480.76	4469.22	1	0.63121	0
1788445803	XAUUSD	M15	4473.04	4477.34	4479.72	4466.08	-1	0.12665	3
1788446703	XAUUSD	M15	4485.38	4472.83	4485.38	4470.99	1	1.36363	0
1788447603	XAUUSD	M15	4503.50	4485.45	4504.06	4484.15	1	2.34093	1
1788448503	XAUUSD	M15	4506.78	4503.73	4510.78	4501.73	1	0.35951	0
1788449403	XAUUSD	M15	4495.01	4506.48	4509.64	4494.92	-1	1.15096	3
1788450303	XAUUSD	M15	4493.24	4495.12	4495.58	4486.15	-1	0.57220	3
1788451203	XAUUSD	M15	4493.97	4493.24	4495.37	4487.67	1	0.77618	0
1788452103	XAUUSD	M15	4493.23	4493.95	4494.79	4490.60	-1	0.77506	3
1788453003	XAUUSD	M15	4487.95	4493.57	4495.50	4486.86	-1	0.10364	3
1788453903	XAUUSD	M15	4486.24	4487.69	4491.03	4485.47	-1	0.64467	3
1788454803	XAUUSD	M15	4487.93	4486.30	4488.83	4483.26	1	0.61085	0
1788455703	XAUUSD	M15	4492.91	4487.94	4493.73	4485.18	1	0.01002	0
1788456603	XAUUSD	M15	4491.91	4492.92	4494.10	4490.87	-1	0.71961	3
1788457503	XAUUSD	M15	4486.61	4491.95	4494.69	4486.58	-1	0.05783	3
1788458403	XAUUSD	M15	4483.95	4486.60	4489.76	4483.94	-1	0.42365	3
1788459303	XAUUSD	M15	4479.87	4483.93	4488.06	4479.87	-1	0.17158	3
1788460203	XAUUSD	M15	4481.49	4479.77	4482.83	4475.91	1	0.59156	0
1788461103	XAUUSD	M15	4475.21	4481.49	4482.70	4473.96	-1	0.22487	3
1788462003	XAUUSD	M15	4474.42	4475.22	4476.92	4472.85	-1	0.75827	3
1788462903	XAUUSD	M15	4475.85	4474.42	4476.65	4472.64	1	0.64392	0
1788463803	XAUUSD	M15	4477.53	4475.81	4478.85	4474.07	1	0.58988	0
1788464703	XAUUSD	M15	4474.49	4477.53	4480.79	4473.11	-1	0.35358	3
1788465603	XAUUSD	M15	4471.85	4475.16	4475.62	4471.60	-1	0.30651	3
1788466503	XAUUSD	M15	4471.65	4471.85	4472.50	4470.42	-1	0.86192	3
1788467403	XAUUSD	M15	4472.41	4471.68	4472.88	4471.05	1	0.76465	0
1788468303	XAUUSD	M15	4473.19	4472.39	4474.03	4471.80	1	0.75014	0
1788472803	XAUUSD	M15	4478.06	4476.18	4478.32	4473.14	1	0.55546	0
1788473703	XAUUSD	M15	4475.10	4478.06	4478.73	4474.25	-1	0.36154	3
1788474603	XAUUSD	M15	4473.85	4475.10	4476.70	4472.77	-1	0.66415	3
1788475503	XAUUSD	M15	4474.53	4473.84	4475.80	4471.49	1	0.76454	0
1788476403	XAUUSD	M15	4474.19	4474.51	4477.68	4472.51	-1	0.82719	3
1788477303	XAUUSD	M15	4473.86	4474.25	4475.11	4471.58	-1	0.81298	3
1788478203	XAUUSD	M15	4477.33	4473.87	4478.34	4473.54	1	0.26350	0
1788479103	XAUUSD	M15	4480.02	4477.33	4480.17	4474.91	1	0.39795	0
1788480003	XAUUSD	M15	4480.86	4480.08	4483.24	4478.13	1	0.74105	0
1788480903	XAUUSD	M15	4474.62	4480.80	4480.94	4474.46	-1	0.24107	3
1788481803	XAUUSD	M15	4482.24	4474.73	4482.24	4472.81	1	0.48053	0
1788482703	XAUUSD	M15	4486.54	4482.21	4487.09	4480.67	1	0.09852	0
1788483603	XAUUSD	M15	4474.91	4486.32	4487.07	4474.34	-1	1.18360	3
1788484503	XAUUSD	M15	4470.87	4474.88	4478.92	4468.07	-1	0.16191	3
1788485403	XAUUSD	M15	4473.98	4471.44	4476.88	4468.17	1	0.42783	0
1788486303	XAUUSD	M15	4478.86	4473.99	4480.52	4467.19	1	0.00613	0
1788487203	XAUUSD	M15	4479.32	4478.88	4482.58	4477.13	1	0.81134	0
1788488103	XAUUSD	M15	4473.95	4479.32	4480.37	4471.63	-1	0.08295	3
1788489003	XAUUSD	M15	4470.92	4473.95	4477.27	4470.37	-1	0.34327	3
1788489903	XAUUSD	M15	4477.37	4470.82	4480.95	4470.21	1	0.29524	0
1788490803	XAUUSD	M15	4473.44	4477.54	4478.70	4470.28	-1	0.15120	3
1788491703	XAUUSD	M15	4472.49	4473.49	4474.75	4471.52	-1	0.71442	3
1788492603	XAUUSD	M15	4469.21	4472.46	4475.26	4469.14	-1	0.30522	3
1788493503	XAUUSD	M15	4467.04	4469.28	4470.09	4467.04	-1	0.48885	3
1788494403	XAUUSD	M15	4469.34	4467.04	4470.10	4465.51	1	0.47841	0
1788495303	XAUUSD	M15	4471.69	4469.34	4472.35	4468.42	1	0.47057	0
1788496203	XAUUSD	M15	4474.18	4471.69	4474.90	4471.65	1	0.44421	0
1788497103	XAUUSD	M15	4473.75	4473.62	4474.85	4472.74	1	0.87332	0
1788498003	XAUUSD	M15	4469.31	4473.70	4474.54	4467.38	-1	0.09902	3
1788498903	XAUUSD	M15	4467.58	4469.56	4475.23	4467.50	-1	0.53583	3
1788499803	XAUUSD	M15	4471.00	4466.81	4477.61	4466.81	1	0.13122	0
1788500703	XAUUSD	M15	4472.11	4471.00	4472.75	4467.34	1	0.68921	0
1788501603	XAUUSD	M15	4468.96	4472.21	4473.44	4466.65	-1	0.29920	3
1788502503	XAUUSD	M15	4468.84	4468.91	4471.85	4466.76	-1	0.87631	3
1788503403	XAUUSD	M15	4464.14	4468.88	4469.76	4463.19	-1	0.02712	3
1788504303	XAUUSD	M15	4462.94	4464.14	4464.37	4460.05	-1	0.67113	3
1788505203	XAUUSD	M15	4467.75	4462.80	4471.15	4461.50	1	0.04035	0
1788506103	XAUUSD	M15	4472.82	4467.75	4472.83	4466.59	1	0.06561	0
1788507003	XAUUSD	M15	4485.68	4472.65	4486.28	4472.65	1	1.71604	1
1788507903	XAUUSD	M15	4483.44	4485.58	4490.71	4481.33	-1	0.54113	3
1788508803	XAUUSD	M15	4482.00	4483.44	4486.36	4479.37	-1	0.68484	3
1788509703	XAUUSD	M15	4481.13	4481.99	4484.13	4479.66	-1	0.80330	3
1788510603	XAUUSD	M15	4477.56	4481.09	4482.57	4477.42	-1	0.23657	3
1788511503	XAUUSD	M15	4477.75	4477.58	4479.86	4474.43	1	0.96073	0
1788512403	XAUUSD	M15	4470.17	4477.75	4479.22	4468.99	-1	0.67815	3
1788513303	XAUUSD	M15	4466.65	4470.04	4470.63	4463.88	-1	0.25336	3
1788514203	XAUUSD	M15	4467.30	4466.65	4470.23	4464.59	1	0.86720	0
1788515103	XAUUSD	M15	4465.58	4467.32	4469.69	4465.54	-1	0.61736	3
1788516003	XAUUSD	M15	4472.75	4465.46	4473.25	4465.46	1	0.63581	0
1788516903	XAUUSD	M15	4471.24	4472.77	4473.46	4468.10	-1	0.66720	3
1788517803	XAUUSD	M15	4473.62	4471.24	4475.17	4470.07	1	0.47144	0
1788518703	XAUUSD	M15	4472.88	4473.57	4476.42	4472.74	-1	0.85364	3
1788519603	XAUUSD	M15	4470.25	4472.74	4473.33	4469.49	-1	0.44288	3
1788520503	XAUUSD	M15	4465.68	4470.26	4470.82	4465.40	-1	0.03139	3
1788521403	XAUUSD	M15	4468.25	4465.61	4470.33	4465.22	1	0.40739	0
1788522303	XAUUSD	M15	4466.95	4468.26	4470.62	4465.24	-1	0.70633	3
1788523203	XAUUSD	M15	4464.73	4466.95	4470.42	4464.61	-1	0.50151	3
1788524103	XAUUSD	M15	4472.68	4464.73	4476.24	4464.51	1	0.79631	0
1788525003	XAUUSD	M15	4394.06	4472.47	4472.47	4379.87	-1	13.02125	5
1788525903	XAUUSD	M15	4393.75	4393.36	4409.84	4380.12	1	0.74196	0
1788526803	XAUUSD	M15	4394.19	4393.83	4394.59	4365.49	1	0.74699	0
1788527703	XAUUSD	M15	4412.62	4394.20	4414.55	4391.48	1	2.41548	1
1788528603	XAUUSD	M15	4423.85	4412.68	4423.98	4405.27	1	1.13942	0
1788529503	XAUUSD	M15	4413.48	4423.97	4434.67	4413.23	-1	1.01578	3
1788530403	XAUUSD	M15	4433.99	4413.18	4435.09	4412.15	1	2.85824	2
1788531303	XAUUSD	M15	4429.04	4433.91	4437.33	4426.83	-1	0.03439	3
1788532203	XAUUSD	M15	4428.51	4429.09	4442.27	4425.49	-1	0.72483	3
1788533103	XAUUSD	M15	4427.56	4428.96	4431.92	4417.23	-1	0.57846	3
1788534003	XAUUSD	M15	4443.44	4427.64	4443.65	4422.77	1	1.95701	1
1788534903	XAUUSD	M15	4439.78	4443.50	4448.95	4439.65	-1	0.17360	3
1788535803	XAUUSD	M15	4442.97	4440.02	4446.51	4436.89	1	0.30675	0
1788536703	XAUUSD	M15	4436.70	4442.86	4445.98	4435.71	-1	0.26230	3
1788537603	XAUUSD	M15	4438.77	4436.67	4440.39	4432.24	1	0.45476	0
1788538503	XAUUSD	M15	4434.24	4438.82	4443.43	4433.33	-1	0.01619	3
1788539403	XAUUSD	M15	4438.02	4434.16	4439.78	4433.35	1	0.14166	0
1788540303	XAUUSD	M15	4436.50	4438.01	4440.51	4434.72	-1	0.55433	3
1788541203	XAUUSD	M15	4434.18	4436.25	4436.53	4430.22	-1	0.45192	3
1788542103	XAUUSD	M15	4428.65	4433.81	4440.45	4427.49	-1	0.09380	3
1788543003	XAUUSD	M15	4417.09	4428.68	4429.78	4416.41	-1	1.23038	3
1788543903	XAUUSD	M15	4416.56	4417.26	4421.30	4415.66	-1	0.69449	3
1788544803	XAUUSD	M15	4419.51	4416.56	4419.65	4412.00	1	0.29181	0
1788545703	XAUUSD	M15	4424.75	4419.51	4426.74	4419.16	1	0.11419	0
1788546603	XAUUSD	M15	4422.97	4424.89	4425.62	4421.30	-1	0.47362	3
1788547503	XAUUSD	M15	4423.99	4422.97	4425.89	4422.01	1	0.63272	0
1788548403	XAUUSD	M15	4429.14	4423.98	4429.94	4422.58	1	0.11718	0
1788549303	XAUUSD	M15	4435.65	4429.12	4435.80	4426.85	1	0.36288	0
1788550203	XAUUSD	M15	4437.01	4435.63	4438.41	4434.14	1	0.56866	0
1788551103	XAUUSD	M15	4434.93	4436.95	4437.33	4432.67	-1	0.45376	3
1788552003	XAUUSD	M15	4431.68	4434.85	4435.22	4430.88	-1	0.24604	3
1788552903	XAUUSD	M15	4430.12	4431.68	4431.87	4429.50	-1	0.53624	3
1788553803	XAUUSD	M15	4430.55	4430.06	4430.90	4428.99	1	0.72814	0
1788554703	XAUUSD	M15	4430.12	4430.59	4431.79	4428.63	-1	0.72964	3
1788732003	XAUUSD	M15	4429.18	4425.66	4429.23	4417.68	1	0.17824	0
1788732903	XAUUSD	M15	4428.77	4429.18	4430.29	4426.98	-1	0.73850	3
1788733803	XAUUSD	M15	4430.60	4428.77	4431.36	4427.55	1	0.47950	0
1788734703	XAUUSD	M15	4429.27	4430.62	4435.12	4428.95	-1	0.56515	3
1788735603	XAUUSD	M15	4429.85	4429.27	4431.14	4429.22	1	0.70171	0
1788736503	XAUUSD	M15	4426.90	4429.85	4430.03	4425.17	-1	0.26947	3
1788737403	XAUUSD	M15	4429.00	4426.90	4430.50	4425.24	1	0.42361	0
1788738303	XAUUSD	M15	4423.31	4429.10	4433.78	4421.19	-1	0.24654	3
1788739203	XAUUSD	M15	4425.20	4423.38	4427.57	4421.08	1	0.47641	0
1788740103	XAUUSD	M15	4422.29	4425.20	4428.45	4422.29	-1	0.27576	3
1788741003	XAUUSD	M15	4423.95	4422.28	4425.26	4418.53	1	0.50137	0
1788741903	XAUUSD	M15	4412.58	4423.94	4429.56	4410.06	-1	1.25938	3
1788742803	XAUUSD	M15	4399.82	4412.31	4415.84	4395.58	-1	1.45799	3
1788743703	XAUUSD	M15	4403.36	4399.82	4403.62	4389.69	1	0.16752	0
1788744603	XAUUSD	M15	4410.35	4403.34	4413.30	4403.26	1	0.46144	0
1788745503	XAUUSD	M15	4409.14	4410.19	4416.81	4408.79	-1	0.62102	3
1788746403	XAUUSD	M15	4403.59	4409.04	4410.59	4402.91	-1	0.17865	3
1788747303	XAUUSD	M15	4407.68	4403.93	4409.39	4403.47	1	0.13008	0
1788748203	XAUUSD	M15	4414.91	4407.68	4418.49	4406.77	1	0.50037	0
1788749103	XAUUSD	M15	4408.93	4414.92	4419.05	4407.28	-1	0.27364	3
1788750003	XAUUSD	M15	4407.94	4408.83	4410.46	4405.48	-1	0.65006	3
1788750903	XAUUSD	M15	4408.75	4407.93	4410.14	4404.64	1	0.66146	0
1788751803	XAUUSD	M15	4401.84	4408.74	4408.99	4401.78	-1	0.43982	3
1788752703	XAUUSD	M15	4403.71	4401.84	4404.47	4401.76	1	0.47215	0
