No	TimeStamp	Symbol	Timeframe	Close	sr_support_1	sr_support_2	sr_support_3	sr_support_4	sr_resistance_1	sr_resistance_2	sr_resistance_3	sr_resistance_4
1	2025.12.16 07:00:00	USDJPY.i	H1	154.842	154.419	153.484	152.621	0	155.494	156.378	157.143	158.165
2	2025.12.16 08:00:00	USDJPY.i	H1	154.853	154.419	153.484	152.621	0	155.494	156.378	157.143	158.165
3	2025.12.16 09:00:00	USDJPY.i	H1	154.886	154.419	153.484	152.621	0	155.494	156.378	157.143	158.165
4	2025.12.16 10:00:00	USDJPY.i	H1	154.863	154.419	153.484	152.621	0	155.494	156.378	157.143	158.165
5	2025.12.16 11:00:00	USDJPY.i	H1	154.838	154.419	153.484	152.621	0	155.494	156.378	157.143	158.165
6	2025.12.16 12:00:00	USDJPY.i	H1	154.871	154.419	153.484	152.621	0	155.494	156.378	157.143	158.165
7	2025.12.16 13:00:00	USDJPY.i	H1	154.818	154.419	153.484	152.621	0	155.494	156.378	157.143	158.165
8	2025.12.16 14:00:00	USDJPY.i	H1	154.611	154.419	153.484	152.621	0	155.494	156.378	157.143	158.165
9	2025.12.16 15:00:00	USDJPY.i	H1	154.716	154.419	153.484	152.621	0	155.494	156.378	157.143	158.165
10	2025.12.16 16:00:00	USDJPY.i	H1	154.601	154.419	153.484	152.621	0	155.494	156.378	157.143	158.165
11	2025.12.16 17:00:00	USDJPY.i	H1	154.777	154.419	153.484	152.621	0	155.494	156.378	157.143	158.165
12	2025.12.16 18:00:00	USDJPY.i	H1	154.810	154.419	153.484	152.621	0	155.494	156.378	157.143	158.165
13	2025.12.16 19:00:00	USDJPY.i	H1	154.680	154.419	153.484	152.621	0	155.494	156.378	157.143	158.165
14	2025.12.16 20:00:00	USDJPY.i	H1	154.746	154.419	153.484	152.621	0	155.494	156.378	157.143	158.165
15	2025.12.16 21:00:00	USDJPY.i	H1	154.668	154.419	153.484	152.621	0	155.494	156.378	157.143	158.165
16	2025.12.16 22:00:00	USDJPY.i	H1	154.800	154.419	153.484	152.621	0	155.494	156.378	157.143	158.165
17	2025.12.16 23:00:00	USDJPY.i	H1	154.703	154.419	153.484	152.621	0	155.494	156.378	157.143	158.165
18	2025.12.17 00:00:00	USDJPY.i	H1	154.718	154.419	153.484	152.621	0	155.494	156.378	157.143	158.165
19	2025.12.17 01:00:00	USDJPY.i	H1	154.775	154.419	153.484	152.621	0	155.494	156.378	157.143	158.165
20	2025.12.17 02:00:00	USDJPY.i	H1	154.580	154.419	153.484	152.621	0	155.494	156.378	157.143	158.165
21	2025.12.17 03:00:00	USDJPY.i	H1	154.676	154.419	153.484	152.621	0	155.494	156.378	157.143	158.165
22	2025.12.17 04:00:00	USDJPY.i	H1	155.011	154.419	153.484	152.621	0	155.494	156.378	157.143	158.165
23	2025.12.17 05:00:00	USDJPY.i	H1	154.889	154.419	153.484	152.621	0	155.494	156.378	157.143	158.165
24	2025.12.17 06:00:00	USDJPY.i	H1	155.136	154.419	153.484	152.621	0	155.494	156.378	157.143	158.165
25	2025.12.17 07:00:00	USDJPY.i	H1	155.151	154.419	153.484	152.621	0	155.494	156.378	157.143	158.165
26	2025.12.17 08:00:00	USDJPY.i	H1	155.368	154.419	153.484	152.621	0	155.494	156.378	157.143	158.165
27	2025.12.17 09:00:00	USDJPY.i	H1	155.501	155.494	154.419	153.484	152.621	156.378	157.143	158.165	158.978
28	2025.12.17 10:00:00	USDJPY.i	H1	155.516	155.494	154.419	153.484	152.621	156.378	157.143	158.165	158.978
29	2025.12.17 11:00:00	USDJPY.i	H1	155.534	155.494	154.419	153.484	152.621	156.378	157.143	158.165	158.978
30	2025.12.17 12:00:00	USDJPY.i	H1	155.464	154.419	153.484	152.621	0	155.494	156.378	157.143	158.165
31	2025.12.17 13:00:00	USDJPY.i	H1	155.544	155.494	154.419	153.484	152.621	156.378	157.143	158.165	158.978
32	2025.12.17 14:00:00	USDJPY.i	H1	155.488	154.419	153.484	152.621	0	155.494	156.378	157.143	158.165
33	2025.12.17 15:00:00	USDJPY.i	H1	155.436	154.419	153.484	152.621	0	155.494	156.378	157.143	158.165
34	2025.12.17 16:00:00	USDJPY.i	H1	155.490	154.419	153.484	152.621	0	155.494	156.378	157.143	158.165
35	2025.12.17 17:00:00	USDJPY.i	H1	155.404	154.419	153.484	152.621	0	155.494	156.378	157.143	158.165
36	2025.12.17 18:00:00	USDJPY.i	H1	155.598	155.494	154.419	153.484	152.621	156.378	157.143	158.165	158.978
37	2025.12.17 19:00:00	USDJPY.i	H1	155.534	155.494	154.419	153.484	152.621	156.378	157.143	158.165	158.978
38	2025.12.17 20:00:00	USDJPY.i	H1	155.644	155.494	154.419	153.484	152.621	156.378	157.143	158.165	158.978
39	2025.12.17 21:00:00	USDJPY.i	H1	155.634	155.494	154.419	153.484	152.621	156.378	157.143	158.165	158.978
40	2025.12.17 22:00:00	USDJPY.i	H1	155.702	155.494	154.419	153.484	152.621	156.378	157.143	158.165	158.978
41	2025.12.17 23:00:00	USDJPY.i	H1	155.675	155.494	154.419	153.484	152.621	156.378	157.143	158.165	158.978
42	2025.12.18 00:00:00	USDJPY.i	H1	155.597	155.494	154.419	153.484	152.621	156.378	157.143	158.165	158.978
43	2025.12.18 01:00:00	USDJPY.i	H1	155.487	154.419	153.484	152.621	0	155.494	156.378	157.143	158.165
44	2025.12.18 02:00:00	USDJPY.i	H1	155.479	154.419	153.484	152.621	0	155.494	156.378	157.143	158.165
45	2025.12.18 03:00:00	USDJPY.i	H1	155.771	155.494	154.419	153.484	152.621	156.378	157.143	158.165	158.978
46	2025.12.18 04:00:00	USDJPY.i	H1	155.783	155.494	154.419	153.484	152.621	156.378	157.143	158.165	158.978
47	2025.12.18 05:00:00	USDJPY.i	H1	155.764	155.494	154.419	153.484	152.621	156.378	157.143	158.165	158.978
48	2025.12.18 06:00:00	USDJPY.i	H1	155.737	155.494	154.419	153.484	152.621	156.378	157.143	158.165	158.978
49	2025.12.18 07:00:00	USDJPY.i	H1	155.812	155.494	154.419	153.484	152.621	156.378	157.143	158.165	158.978
50	2025.12.18 08:00:00	USDJPY.i	H1	155.909	155.494	154.419	153.484	152.621	156.378	157.143	158.165	158.978
51	2025.12.18 09:00:00	USDJPY.i	H1	155.926	155.494	154.419	153.484	152.621	156.378	157.143	158.165	158.978
52	2025.12.18 10:00:00	USDJPY.i	H1	155.855	155.494	154.419	153.484	152.621	156.378	157.143	158.165	158.978
53	2025.12.18 11:00:00	USDJPY.i	H1	155.934	155.494	154.419	153.484	152.621	156.378	157.143	158.165	158.978
54	2025.12.18 12:00:00	USDJPY.i	H1	155.860	155.494	154.419	153.484	152.621	156.378	157.143	158.165	158.978
55	2025.12.18 13:00:00	USDJPY.i	H1	155.792	155.494	154.419	153.484	152.621	156.378	157.143	158.165	158.978
56	2025.12.18 14:00:00	USDJPY.i	H1	155.821	155.494	154.419	153.484	152.621	156.378	157.143	158.165	158.978
57	2025.12.18 15:00:00	USDJPY.i	H1	155.594	155.494	154.419	153.484	152.621	156.378	157.143	158.165	158.978
58	2025.12.18 16:00:00	USDJPY.i	H1	155.491	154.419	153.484	152.621	0	155.494	156.378	157.143	158.165
59	2025.12.18 17:00:00	USDJPY.i	H1	155.527	155.494	154.419	153.484	152.621	156.378	157.143	158.165	158.978
60	2025.12.18 18:00:00	USDJPY.i	H1	155.530	155.494	154.419	153.484	152.621	156.378	157.143	158.165	158.978
61	2025.12.18 19:00:00	USDJPY.i	H1	155.646	155.494	154.419	153.484	152.621	156.378	157.143	158.165	158.978
62	2025.12.18 20:00:00	USDJPY.i	H1	155.632	155.494	154.419	153.484	152.621	156.378	157.143	158.165	158.978
63	2025.12.18 21:00:00	USDJPY.i	H1	155.517	155.494	154.419	153.484	152.621	156.378	157.143	158.165	158.978
64	2025.12.18 22:00:00	USDJPY.i	H1	155.611	155.494	154.419	153.484	152.621	156.378	157.143	158.165	158.978
65	2025.12.18 23:00:00	USDJPY.i	H1	155.535	155.494	154.419	153.484	152.621	156.378	157.143	158.165	158.978
66	2025.12.19 00:00:00	USDJPY.i	H1	155.536	155.494	154.419	153.484	152.621	156.378	157.143	158.165	158.978
67	2025.12.19 01:00:00	USDJPY.i	H1	155.576	155.494	154.419	153.484	152.621	156.378	157.143	158.165	158.978
68	2025.12.19 02:00:00	USDJPY.i	H1	155.752	155.494	154.419	153.484	152.621	156.378	157.143	158.165	158.978
69	2025.12.19 03:00:00	USDJPY.i	H1	155.741	155.494	154.419	153.484	152.621	156.378	157.143	158.165	158.978
70	2025.12.19 04:00:00	USDJPY.i	H1	155.833	155.494	154.419	153.484	152.621	156.378	157.143	158.165	158.978
71	2025.12.19 05:00:00	USDJPY.i	H1	155.878	155.494	154.419	153.484	152.621	156.378	157.143	158.165	158.978
72	2025.12.19 06:00:00	USDJPY.i	H1	156.066	155.494	154.419	153.484	152.621	156.378	157.143	158.165	158.978
73	2025.12.19 07:00:00	USDJPY.i	H1	155.993	155.494	154.419	153.484	152.621	156.378	157.143	158.165	158.978
74	2025.12.19 08:00:00	USDJPY.i	H1	156.015	155.494	154.419	153.484	152.621	156.378	157.143	158.165	158.978
75	2025.12.19 09:00:00	USDJPY.i	H1	156.735	156.378	155.494	154.419	153.484	157.143	158.165	158.978	0
76	2025.12.19 10:00:00	USDJPY.i	H1	156.932	156.378	155.494	154.419	153.484	157.143	158.165	158.978	0
77	2025.12.19 11:00:00	USDJPY.i	H1	157.200	157.143	156.378	155.494	154.419	158.165	158.978	0	0
78	2025.12.19 12:00:00	USDJPY.i	H1	157.327	157.143	156.378	155.494	154.419	158.165	158.978	0	0
79	2025.12.19 13:00:00	USDJPY.i	H1	157.318	157.143	156.378	155.494	154.419	158.165	158.978	0	0
80	2025.12.19 14:00:00	USDJPY.i	H1	157.243	157.143	156.378	155.494	154.419	158.165	158.978	0	0
81	2025.12.19 15:00:00	USDJPY.i	H1	157.326	157.143	156.378	155.494	154.419	158.165	158.978	0	0
82	2025.12.19 16:00:00	USDJPY.i	H1	157.419	157.143	156.378	155.494	154.419	158.165	158.978	0	0
83	2025.12.19 17:00:00	USDJPY.i	H1	157.473	157.143	156.378	155.494	154.419	158.165	158.978	0	0
84	2025.12.19 18:00:00	USDJPY.i	H1	157.429	157.143	156.378	155.494	154.419	158.165	158.978	0	0
85	2025.12.19 19:00:00	USDJPY.i	H1	157.438	157.143	156.378	155.494	154.419	158.165	158.978	0	0
86	2025.12.19 20:00:00	USDJPY.i	H1	157.524	157.143	156.378	155.494	154.419	158.165	158.978	0	0
87	2025.12.19 21:00:00	USDJPY.i	H1	157.530	157.143	156.378	155.494	154.419	158.165	158.978	0	0
88	2025.12.19 22:00:00	USDJPY.i	H1	157.692	157.143	156.378	155.494	154.419	158.165	158.978	0	0
89	2025.12.19 23:00:00	USDJPY.i	H1	157.687	157.143	156.378	155.494	154.419	158.165	158.978	0	0
90	2025.12.22 00:00:00	USDJPY.i	H1	157.455	157.143	156.378	155.494	154.419	158.165	158.978	0	0
91	2025.12.22 01:00:00	USDJPY.i	H1	157.624	157.143	156.378	155.494	154.419	158.165	158.978	0	0
92	2025.12.22 02:00:00	USDJPY.i	H1	157.556	157.143	156.378	155.494	154.419	158.165	158.978	0	0
93	2025.12.22 03:00:00	USDJPY.i	H1	157.295	157.143	156.378	155.494	154.419	158.165	158.978	0	0
94	2025.12.22 04:00:00	USDJPY.i	H1	157.423	157.143	156.378	155.494	154.419	158.165	158.978	0	0
95	2025.12.22 05:00:00	USDJPY.i	H1	157.333	157.143	156.378	155.494	154.419	158.165	158.978	0	0
96	2025.12.22 06:00:00	USDJPY.i	H1	157.310	157.143	156.378	155.494	154.419	158.165	158.978	0	0
97	2025.12.22 07:00:00	USDJPY.i	H1	157.363	157.143	156.378	155.494	154.419	158.165	158.978	0	0
98	2025.12.22 08:00:00	USDJPY.i	H1	157.345	157.143	156.378	155.494	154.419	158.165	158.978	0	0
99	2025.12.22 09:00:00	USDJPY.i	H1	157.495	157.143	156.378	155.494	154.419	158.165	158.978	0	0
100	2025.12.22 10:00:00	USDJPY.i	H1	157.545	157.143	156.378	155.494	154.419	158.165	158.978	0	0
101	2025.12.22 11:00:00	USDJPY.i	H1	157.459	157.143	156.378	155.494	154.419	158.165	158.978	0	0
102	2025.12.22 12:00:00	USDJPY.i	H1	157.398	157.143	156.378	155.494	154.419	158.165	158.978	0	0
103	2025.12.22 13:00:00	USDJPY.i	H1	157.413	157.143	156.378	155.494	154.419	158.165	158.978	0	0
104	2025.12.22 14:00:00	USDJPY.i	H1	157.398	157.143	156.378	155.494	154.419	158.165	158.978	0	0
105	2025.12.22 15:00:00	USDJPY.i	H1	157.188	157.143	156.378	155.494	154.419	158.165	158.978	0	0
106	2025.12.22 16:00:00	USDJPY.i	H1	157.016	156.378	155.494	154.419	153.484	157.143	158.165	158.978	0
107	2025.12.22 17:00:00	USDJPY.i	H1	156.977	156.378	155.494	154.419	153.484	157.143	158.165	158.978	0
108	2025.12.22 18:00:00	USDJPY.i	H1	156.938	156.378	155.494	154.419	153.484	157.143	158.165	158.978	0
109	2025.12.22 19:00:00	USDJPY.i	H1	156.848	156.378	155.494	154.419	153.484	157.143	158.165	158.978	0
110	2025.12.22 20:00:00	USDJPY.i	H1	156.949	156.378	155.494	154.419	153.484	157.143	158.165	158.978	0
111	2025.12.22 21:00:00	USDJPY.i	H1	156.901	156.378	155.494	154.419	153.484	157.143	158.165	158.978	0
112	2025.12.22 22:00:00	USDJPY.i	H1	156.990	156.378	155.494	154.419	153.484	157.143	158.165	158.978	0
113	2025.12.22 23:00:00	USDJPY.i	H1	157.023	156.378	155.494	154.419	153.484	157.143	158.165	158.978	0
114	2025.12.23 00:00:00	USDJPY.i	H1	157.018	156.378	155.494	154.419	153.484	157.143	158.165	158.978	0
115	2025.12.23 01:00:00	USDJPY.i	H1	156.918	156.378	155.494	154.419	153.484	157.143	158.165	158.978	0
116	2025.12.23 02:00:00	USDJPY.i	H1	156.617	156.378	155.494	154.419	153.484	157.143	158.165	158.978	0
117	2025.12.23 03:00:00	USDJPY.i	H1	156.463	156.378	155.494	154.419	153.484	157.143	158.165	158.978	0
118	2025.12.23 04:00:00	USDJPY.i	H1	156.353	155.494	154.419	153.484	152.621	156.378	157.143	158.165	158.978
119	2025.12.23 05:00:00	USDJPY.i	H1	156.190	155.494	154.419	153.484	152.621	156.378	157.143	158.165	158.978
120	2025.12.23 06:00:00	USDJPY.i	H1	155.990	155.494	154.419	153.484	152.621	156.378	157.143	158.165	158.978
121	2025.12.23 07:00:00	USDJPY.i	H1	156.011	155.494	154.419	153.484	152.621	156.378	157.143	158.165	158.978
122	2025.12.23 08:00:00	USDJPY.i	H1	156.114	155.494	154.419	153.484	152.621	156.378	157.143	158.165	158.978
123	2025.12.23 09:00:00	USDJPY.i	H1	156.075	155.494	154.419	153.484	152.621	156.378	157.143	158.165	158.978
124	2025.12.23 10:00:00	USDJPY.i	H1	155.959	155.494	154.419	153.484	152.621	156.378	157.143	158.165	158.978
125	2025.12.23 11:00:00	USDJPY.i	H1	155.968	155.494	154.419	153.484	152.621	156.378	157.143	158.165	158.978
126	2025.12.23 12:00:00	USDJPY.i	H1	155.922	155.494	154.419	153.484	152.621	156.378	157.143	158.165	158.978
127	2025.12.23 13:00:00	USDJPY.i	H1	155.974	155.494	154.419	153.484	152.621	156.378	157.143	158.165	158.978
128	2025.12.23 14:00:00	USDJPY.i	H1	156.023	155.494	154.419	153.484	152.621	156.378	157.143	158.165	158.978
129	2025.12.23 15:00:00	USDJPY.i	H1	156.340	155.494	154.419	153.484	152.621	156.378	157.143	158.165	158.978
130	2025.12.23 16:00:00	USDJPY.i	H1	156.404	156.378	155.494	154.419	153.484	157.143	158.165	158.978	0
131	2025.12.23 17:00:00	USDJPY.i	H1	156.390	156.378	155.494	154.419	153.484	157.143	158.165	158.978	0
132	2025.12.23 18:00:00	USDJPY.i	H1	156.336	155.494	154.419	153.484	152.621	156.378	157.143	158.165	158.978
133	2025.12.23 19:00:00	USDJPY.i	H1	156.297	155.494	154.419	153.484	152.621	156.378	157.143	158.165	158.978
134	2025.12.23 20:00:00	USDJPY.i	H1	156.232	155.494	154.419	153.484	152.621	156.378	157.143	158.165	158.978
135	2025.12.23 21:00:00	USDJPY.i	H1	156.193	155.494	154.419	153.484	152.621	156.378	157.143	158.165	158.978
136	2025.12.23 22:00:00	USDJPY.i	H1	156.298	155.494	154.419	153.484	152.621	156.378	157.143	158.165	158.978
137	2025.12.23 23:00:00	USDJPY.i	H1	156.233	155.494	154.419	153.484	152.621	156.378	157.143	158.165	158.978
138	2025.12.24 00:00:00	USDJPY.i	H1	156.172	155.494	154.419	153.484	152.621	156.378	157.143	158.165	158.978
139	2025.12.24 01:00:00	USDJPY.i	H1	156.172	155.494	154.419	153.484	152.621	156.378	157.143	158.165	158.978
140	2025.12.24 02:00:00	USDJPY.i	H1	155.987	155.494	154.419	153.484	152.621	156.378	157.143	158.165	158.978
141	2025.12.24 03:00:00	USDJPY.i	H1	155.655	155.494	154.419	153.484	152.621	156.378	157.143	158.165	158.978
142	2025.12.24 04:00:00	USDJPY.i	H1	155.742	155.494	154.419	153.484	152.621	156.378	157.143	158.165	158.978
143	2025.12.24 05:00:00	USDJPY.i	H1	155.977	155.494	154.419	153.484	152.621	156.378	157.143	158.165	158.978
144	2025.12.24 06:00:00	USDJPY.i	H1	155.838	155.494	154.419	153.484	152.621	156.378	157.143	158.165	158.978
145	2025.12.24 07:00:00	USDJPY.i	H1	155.798	155.494	154.419	153.484	152.621	156.378	157.143	158.165	158.978
146	2025.12.24 08:00:00	USDJPY.i	H1	155.735	155.494	154.419	153.484	152.621	156.378	157.143	158.165	158.978
147	2025.12.24 09:00:00	USDJPY.i	H1	155.831	155.494	154.419	153.484	152.621	156.378	157.143	158.165	158.978
148	2025.12.24 10:00:00	USDJPY.i	H1	155.757	155.494	154.419	153.484	152.621	156.378	157.143	158.165	158.978
149	2025.12.24 11:00:00	USDJPY.i	H1	155.834	155.494	154.419	153.484	152.621	156.378	157.143	158.165	158.978
150	2025.12.24 12:00:00	USDJPY.i	H1	155.934	155.494	154.419	153.484	152.621	156.378	157.143	158.165	158.978
151	2025.12.24 13:00:00	USDJPY.i	H1	155.928	155.494	154.419	153.484	152.621	156.378	157.143	158.165	158.978
152	2025.12.24 14:00:00	USDJPY.i	H1	156.043	155.494	154.419	153.484	152.621	156.378	157.143	158.165	158.978
153	2025.12.24 15:00:00	USDJPY.i	H1	156.013	155.494	154.419	153.484	152.621	156.378	157.143	158.165	158.978
154	2025.12.24 16:00:00	USDJPY.i	H1	155.753	155.494	154.419	153.484	152.621	156.378	157.143	158.165	158.978
155	2025.12.24 17:00:00	USDJPY.i	H1	155.817	155.494	154.419	153.484	152.621	156.378	157.143	158.165	158.978
156	2025.12.24 18:00:00	USDJPY.i	H1	155.835	155.494	154.419	153.484	152.621	156.378	157.143	158.165	158.978
157	2025.12.24 19:00:00	USDJPY.i	H1	155.967	155.494	154.419	153.484	152.621	156.378	157.143	158.165	158.978
158	2025.12.24 20:00:00	USDJPY.i	H1	155.967	155.494	154.419	153.484	152.621	156.378	157.143	158.165	158.978
159	2025.12.24 21:00:00	USDJPY.i	H1	155.868	155.494	154.419	153.484	152.621	156.378	157.143	158.165	158.978
160	2025.12.24 22:00:00	USDJPY.i	H1	155.953	155.494	154.419	153.484	152.621	156.378	157.143	158.165	158.978
161	2025.12.24 23:00:00	USDJPY.i	H1	155.898	155.494	154.419	153.484	152.621	156.378	157.143	158.165	158.978
162	2025.12.26 00:00:00	USDJPY.i	H1	155.890	155.494	154.419	153.484	152.621	156.378	157.143	158.165	158.978
163	2025.12.26 01:00:00	USDJPY.i	H1	156.108	155.494	154.419	153.484	152.621	156.378	157.143	158.165	158.978
164	2025.12.26 02:00:00	USDJPY.i	H1	156.408	156.378	155.494	154.419	153.484	157.143	158.165	158.978	0
165	2025.12.26 03:00:00	USDJPY.i	H1	156.284	155.494	154.419	153.484	152.621	156.378	157.143	158.165	158.978
166	2025.12.26 04:00:00	USDJPY.i	H1	156.225	155.494	154.419	153.484	152.621	156.378	157.143	158.165	158.978
167	2025.12.26 05:00:00	USDJPY.i	H1	156.057	155.494	154.419	153.484	152.621	156.378	157.143	158.165	158.978
168	2025.12.26 06:00:00	USDJPY.i	H1	156.166	155.494	154.419	153.484	152.621	156.378	157.143	158.165	158.978
169	2025.12.26 07:00:00	USDJPY.i	H1	156.207	155.494	154.419	153.484	152.621	156.378	157.143	158.165	158.978
170	2025.12.26 08:00:00	USDJPY.i	H1	156.279	155.494	154.419	153.484	152.621	156.378	157.143	158.165	158.978
171	2025.12.26 09:00:00	USDJPY.i	H1	156.374	155.494	154.419	153.484	152.621	156.378	157.143	158.165	158.978
172	2025.12.26 10:00:00	USDJPY.i	H1	156.324	155.494	154.419	153.484	152.621	156.378	157.143	158.165	158.978
173	2025.12.26 11:00:00	USDJPY.i	H1	156.462	156.378	155.494	154.419	153.484	157.143	158.165	158.978	0
174	2025.12.26 12:00:00	USDJPY.i	H1	156.402	156.378	155.494	154.419	153.484	157.143	158.165	158.978	0
175	2025.12.26 13:00:00	USDJPY.i	H1	156.402	156.378	155.494	154.419	153.484	157.143	158.165	158.978	0
176	2025.12.26 14:00:00	USDJPY.i	H1	156.419	156.378	155.494	154.419	153.484	157.143	158.165	158.978	0
177	2025.12.26 15:00:00	USDJPY.i	H1	156.327	155.494	154.419	153.484	152.621	156.378	157.143	158.165	158.978
178	2025.12.26 16:00:00	USDJPY.i	H1	156.451	156.378	155.494	154.419	153.484	157.143	158.165	158.978	0
179	2025.12.26 17:00:00	USDJPY.i	H1	156.425	156.378	155.494	154.419	153.484	157.143	158.165	158.978	0
180	2025.12.26 18:00:00	USDJPY.i	H1	156.635	156.378	155.494	154.419	153.484	157.143	158.165	158.978	0
181	2025.12.26 19:00:00	USDJPY.i	H1	156.572	156.378	155.494	154.419	153.484	157.143	158.165	158.978	0
182	2025.12.26 20:00:00	USDJPY.i	H1	156.544	156.378	155.494	154.419	153.484	157.143	158.165	158.978	0
183	2025.12.26 21:00:00	USDJPY.i	H1	156.503	156.378	155.494	154.419	153.484	157.143	158.165	158.978	0
184	2025.12.26 22:00:00	USDJPY.i	H1	156.494	156.378	155.494	154.419	153.484	157.143	158.165	158.978	0
185	2025.12.26 23:00:00	USDJPY.i	H1	156.528	156.378	155.494	154.419	153.484	157.143	158.165	158.978	0
186	2025.12.29 00:00:00	USDJPY.i	H1	156.448	156.378	155.494	154.419	153.484	157.143	158.165	158.978	0
187	2025.12.29 01:00:00	USDJPY.i	H1	156.484	156.378	155.494	154.419	153.484	157.143	158.165	158.978	0
188	2025.12.29 02:00:00	USDJPY.i	H1	156.278	155.494	154.419	153.484	152.621	156.378	157.143	158.165	158.978
189	2025.12.29 03:00:00	USDJPY.i	H1	156.313	155.494	154.419	153.484	152.621	156.378	157.143	158.165	158.978
190	2025.12.29 04:00:00	USDJPY.i	H1	156.430	156.378	155.494	154.419	153.484	157.143	158.165	158.978	0
191	2025.12.29 05:00:00	USDJPY.i	H1	156.380	156.378	155.494	154.419	153.484	157.143	158.165	158.978	0
192	2025.12.29 06:00:00	USDJPY.i	H1	156.374	155.494	154.419	153.484	152.621	156.378	157.143	158.165	158.978
193	2025.12.29 07:00:00	USDJPY.i	H1	156.307	155.494	154.419	153.484	152.621	156.378	157.143	158.165	158.978
194	2025.12.29 08:00:00	USDJPY.i	H1	156.184	155.494	154.419	153.484	152.621	156.378	157.143	158.165	158.978
195	2025.12.29 09:00:00	USDJPY.i	H1	156.081	155.494	154.419	153.484	152.621	156.378	157.143	158.165	158.978
196	2025.12.29 10:00:00	USDJPY.i	H1	156.278	155.494	154.419	153.484	152.621	156.378	157.143	158.165	158.978
197	2025.12.29 11:00:00	USDJPY.i	H1	156.328	155.494	154.419	153.484	152.621	156.378	157.143	158.165	158.978
198	2025.12.29 12:00:00	USDJPY.i	H1	156.332	155.494	154.419	153.484	152.621	156.378	157.143	158.165	158.978
199	2025.12.29 13:00:00	USDJPY.i	H1	156.402	156.378	155.494	154.419	153.484	157.143	158.165	158.978	0
200	2025.12.29 14:00:00	USDJPY.i	H1	156.333	155.494	154.419	153.484	152.621	156.378	157.143	158.165	158.978
201	2025.12.29 15:00:00	USDJPY.i	H1	156.232	155.494	154.419	153.484	152.621	156.378	157.143	158.165	158.978
202	2025.12.29 16:00:00	USDJPY.i	H1	156.145	155.494	154.419	153.484	152.621	156.378	157.143	158.165	158.978
203	2025.12.29 17:00:00	USDJPY.i	H1	155.938	155.494	154.419	153.484	152.621	156.378	157.143	158.165	158.978
204	2025.12.29 18:00:00	USDJPY.i	H1	156.107	155.494	154.419	153.484	152.621	156.378	157.143	158.165	158.978
205	2025.12.29 19:00:00	USDJPY.i	H1	156.186	155.494	154.419	153.484	152.621	156.378	157.143	158.165	158.978
206	2025.12.29 20:00:00	USDJPY.i	H1	156.221	155.494	154.419	153.484	152.621	156.378	157.143	158.165	158.978
207	2025.12.29 21:00:00	USDJPY.i	H1	156.035	155.494	154.419	153.484	152.621	156.378	157.143	158.165	158.978
208	2025.12.29 22:00:00	USDJPY.i	H1	156.064	155.494	154.419	153.484	152.621	156.378	157.143	158.165	158.978
209	2025.12.29 23:00:00	USDJPY.i	H1	156.024	155.494	154.419	153.484	152.621	156.378	157.143	158.165	158.978
210	2025.12.30 00:00:00	USDJPY.i	H1	156.026	155.494	154.419	153.484	152.621	156.378	157.143	158.165	158.978
211	2025.12.30 01:00:00	USDJPY.i	H1	155.990	155.494	154.419	153.484	152.621	156.378	157.143	158.165	158.978
212	2025.12.30 02:00:00	USDJPY.i	H1	156.260	155.494	154.419	153.484	152.621	156.378	157.143	158.165	158.978
213	2025.12.30 03:00:00	USDJPY.i	H1	156.224	155.494	154.419	153.484	152.621	156.378	157.143	158.165	158.978
214	2025.12.30 04:00:00	USDJPY.i	H1	156.306	155.494	154.419	153.484	152.621	156.378	157.143	158.165	158.978
215	2025.12.30 05:00:00	USDJPY.i	H1	156.269	155.494	154.419	153.484	152.621	156.378	157.143	158.165	158.978
216	2025.12.30 06:00:00	USDJPY.i	H1	156.081	155.494	154.419	153.484	152.621	156.378	157.143	158.165	158.978
217	2025.12.30 07:00:00	USDJPY.i	H1	156.042	155.494	154.419	153.484	152.621	156.378	157.143	158.165	158.978
218	2025.12.30 08:00:00	USDJPY.i	H1	156.040	155.494	154.419	153.484	152.621	156.378	157.143	158.165	158.978
219	2025.12.30 09:00:00	USDJPY.i	H1	155.982	155.494	154.419	153.484	152.621	156.378	157.143	158.165	158.978
220	2025.12.30 10:00:00	USDJPY.i	H1	155.982	155.494	154.419	153.484	152.621	156.378	157.143	158.165	158.978
221	2025.12.30 11:00:00	USDJPY.i	H1	155.923	155.494	154.419	153.484	152.621	156.378	157.143	158.165	158.978
222	2025.12.30 12:00:00	USDJPY.i	H1	155.853	155.494	154.419	153.484	152.621	156.378	157.143	158.165	158.978
223	2025.12.30 13:00:00	USDJPY.i	H1	155.893	155.494	154.419	153.484	152.621	156.378	157.143	158.165	158.978
224	2025.12.30 14:00:00	USDJPY.i	H1	155.953	155.494	154.419	153.484	152.621	156.378	157.143	158.165	158.978
225	2025.12.30 15:00:00	USDJPY.i	H1	156.196	155.494	154.419	153.484	152.621	156.378	157.143	158.165	158.978
226	2025.12.30 16:00:00	USDJPY.i	H1	156.273	155.494	154.419	153.484	152.621	156.378	157.143	158.165	158.978
227	2025.12.30 17:00:00	USDJPY.i	H1	156.328	155.494	154.419	153.484	152.621	156.378	157.143	158.165	158.978
228	2025.12.30 18:00:00	USDJPY.i	H1	156.261	155.494	154.419	153.484	152.621	156.378	157.143	158.165	158.978
229	2025.12.30 19:00:00	USDJPY.i	H1	156.336	155.494	154.419	153.484	152.621	156.378	157.143	158.165	158.978
230	2025.12.30 20:00:00	USDJPY.i	H1	156.400	156.378	155.494	154.419	153.484	157.143	158.165	158.978	0
231	2025.12.30 21:00:00	USDJPY.i	H1	156.499	156.378	155.494	154.419	153.484	157.143	158.165	158.978	0
232	2025.12.30 22:00:00	USDJPY.i	H1	156.467	156.378	155.494	154.419	153.484	157.143	158.165	158.978	0
233	2025.12.30 23:00:00	USDJPY.i	H1	156.409	156.378	155.494	154.419	153.484	157.143	158.165	158.978	0
234	2025.12.31 00:00:00	USDJPY.i	H1	156.364	155.494	154.419	153.484	152.621	156.378	157.143	158.165	158.978
235	2025.12.31 01:00:00	USDJPY.i	H1	156.397	156.378	155.494	154.419	153.484	157.143	158.165	158.978	0
236	2025.12.31 02:00:00	USDJPY.i	H1	156.391	156.378	155.494	154.419	153.484	157.143	158.165	158.978	0
237	2025.12.31 03:00:00	USDJPY.i	H1	156.432	156.378	155.494	154.419	153.484	157.143	158.165	158.978	0
238	2025.12.31 04:00:00	USDJPY.i	H1	156.486	156.378	155.494	154.419	153.484	157.143	158.165	158.978	0
239	2025.12.31 05:00:00	USDJPY.i	H1	156.493	156.378	155.494	154.419	153.484	157.143	158.165	158.978	0
240	2025.12.31 06:00:00	USDJPY.i	H1	156.613	156.378	155.494	154.419	153.484	157.143	158.165	158.978	0
241	2025.12.31 07:00:00	USDJPY.i	H1	156.591	156.378	155.494	154.419	153.484	157.143	158.165	158.978	0
242	2025.12.31 08:00:00	USDJPY.i	H1	156.610	156.378	155.494	154.419	153.484	157.143	158.165	158.978	0
243	2025.12.31 09:00:00	USDJPY.i	H1	156.570	156.378	155.494	154.419	153.484	157.143	158.165	158.978	0
244	2025.12.31 10:00:00	USDJPY.i	H1	156.597	156.378	155.494	154.419	153.484	157.143	158.165	158.978	0
245	2025.12.31 11:00:00	USDJPY.i	H1	156.633	156.378	155.494	154.419	153.484	157.143	158.165	158.978	0
246	2025.12.31 12:00:00	USDJPY.i	H1	156.654	156.378	155.494	154.419	153.484	157.143	158.165	158.978	0
247	2025.12.31 13:00:00	USDJPY.i	H1	156.610	156.378	155.494	154.419	153.484	157.143	158.165	158.978	0
248	2025.12.31 14:00:00	USDJPY.i	H1	156.601	156.378	155.494	154.419	153.484	157.143	158.165	158.978	0
249	2025.12.31 15:00:00	USDJPY.i	H1	156.810	156.378	155.494	154.419	153.484	157.143	158.165	158.978	0
250	2025.12.31 16:00:00	USDJPY.i	H1	156.925	156.378	155.494	154.419	153.484	157.143	158.165	158.978	0
251	2025.12.31 17:00:00	USDJPY.i	H1	156.743	156.378	155.494	154.419	153.484	157.143	158.165	158.978	0
252	2025.12.31 18:00:00	USDJPY.i	H1	156.807	156.378	155.494	154.419	153.484	157.143	158.165	158.978	0
253	2025.12.31 19:00:00	USDJPY.i	H1	156.824	156.378	155.494	154.419	153.484	157.143	158.165	158.978	0
254	2025.12.31 20:00:00	USDJPY.i	H1	156.888	156.378	155.494	154.419	153.484	157.143	158.165	158.978	0
255	2025.12.31 21:00:00	USDJPY.i	H1	156.752	156.378	155.494	154.419	153.484	157.143	158.165	158.978	0
256	2025.12.31 22:00:00	USDJPY.i	H1	156.633	156.378	155.494	154.419	153.484	157.143	158.165	158.978	0
257	2025.12.31 23:00:00	USDJPY.i	H1	156.652	156.378	155.494	154.419	153.484	157.143	158.165	158.978	0
258	2026.01.02 00:00:00	USDJPY.i	H1	156.672	156.378	155.494	154.419	153.484	157.143	158.165	158.978	0
259	2026.01.02 01:00:00	USDJPY.i	H1	156.722	156.378	155.494	154.419	153.484	157.143	158.165	158.978	0
260	2026.01.02 02:00:00	USDJPY.i	H1	156.568	156.378	155.494	154.419	153.484	157.143	158.165	158.978	0
261	2026.01.02 03:00:00	USDJPY.i	H1	156.634	156.378	155.494	154.419	153.484	157.143	158.165	158.978	0
262	2026.01.02 04:00:00	USDJPY.i	H1	156.680	156.378	155.494	154.419	153.484	157.143	158.165	158.978	0
263	2026.01.02 05:00:00	USDJPY.i	H1	156.717	156.378	155.494	154.419	153.484	157.143	158.165	158.978	0
264	2026.01.02 06:00:00	USDJPY.i	H1	156.822	156.378	155.494	154.419	153.484	157.143	158.165	158.978	0
265	2026.01.02 07:00:00	USDJPY.i	H1	156.912	156.378	155.494	154.419	153.484	157.143	158.165	158.978	0
266	2026.01.02 08:00:00	USDJPY.i	H1	156.953	156.378	155.494	154.419	153.484	157.143	158.165	158.978	0
267	2026.01.02 09:00:00	USDJPY.i	H1	156.862	156.378	155.494	154.419	153.484	157.143	158.165	158.978	0
268	2026.01.02 10:00:00	USDJPY.i	H1	156.875	156.378	155.494	154.419	153.484	157.143	158.165	158.978	0
269	2026.01.02 11:00:00	USDJPY.i	H1	156.915	156.378	155.494	154.419	153.484	157.143	158.165	158.978	0
270	2026.01.02 12:00:00	USDJPY.i	H1	156.845	156.378	155.494	154.419	153.484	157.143	158.165	158.978	0
271	2026.01.02 13:00:00	USDJPY.i	H1	156.920	156.378	155.494	154.419	153.484	157.143	158.165	158.978	0
272	2026.01.02 14:00:00	USDJPY.i	H1	156.940	156.378	155.494	154.419	153.484	157.143	158.165	158.978	0
273	2026.01.02 15:00:00	USDJPY.i	H1	156.908	156.378	155.494	154.419	153.484	157.143	158.165	158.978	0
274	2026.01.02 16:00:00	USDJPY.i	H1	156.853	156.378	155.494	154.419	153.484	157.143	158.165	158.978	0
275	2026.01.02 17:00:00	USDJPY.i	H1	156.590	156.378	155.494	154.419	153.484	157.143	158.165	158.978	0
276	2026.01.02 18:00:00	USDJPY.i	H1	156.723	156.378	155.494	154.419	153.484	157.143	158.165	158.978	0
277	2026.01.02 19:00:00	USDJPY.i	H1	156.771	156.378	155.494	154.419	153.484	157.143	158.165	158.978	0
278	2026.01.02 20:00:00	USDJPY.i	H1	156.894	156.378	155.494	154.419	153.484	157.143	158.165	158.978	0
279	2026.01.02 21:00:00	USDJPY.i	H1	156.855	156.378	155.494	154.419	153.484	157.143	158.165	158.978	0
280	2026.01.02 22:00:00	USDJPY.i	H1	156.874	156.378	155.494	154.419	153.484	157.143	158.165	158.978	0
281	2026.01.02 23:00:00	USDJPY.i	H1	156.810	156.378	155.494	154.419	153.484	157.143	158.165	158.978	0
282	2026.01.05 00:00:00	USDJPY.i	H1	156.735	156.378	155.494	154.419	153.484	157.143	158.165	158.978	0
283	2026.01.05 01:00:00	USDJPY.i	H1	157.003	156.378	155.494	154.419	153.484	157.143	158.165	158.978	0
284	2026.01.05 02:00:00	USDJPY.i	H1	157.149	157.143	156.378	155.494	154.419	158.165	158.978	0	0
285	2026.01.05 03:00:00	USDJPY.i	H1	157.016	156.378	155.494	154.419	153.484	157.143	158.165	158.978	0
286	2026.01.05 04:00:00	USDJPY.i	H1	157.149	157.143	156.378	155.494	154.419	158.165	158.978	0	0
287	2026.01.05 05:00:00	USDJPY.i	H1	157.232	157.143	156.378	155.494	154.419	158.165	158.978	0	0
288	2026.01.05 06:00:00	USDJPY.i	H1	157.282	157.143	156.378	155.494	154.419	158.165	158.978	0	0
289	2026.01.05 07:00:00	USDJPY.i	H1	157.180	157.143	156.378	155.494	154.419	158.165	158.978	0	0
290	2026.01.05 08:00:00	USDJPY.i	H1	157.034	156.378	155.494	154.419	153.484	157.143	158.165	158.978	0
291	2026.01.05 09:00:00	USDJPY.i	H1	156.993	156.378	155.494	154.419	153.484	157.143	158.165	158.978	0
292	2026.01.05 10:00:00	USDJPY.i	H1	156.832	156.378	155.494	154.419	153.484	157.143	158.165	158.978	0
293	2026.01.05 11:00:00	USDJPY.i	H1	156.926	156.378	155.494	154.419	153.484	157.143	158.165	158.978	0
294	2026.01.05 12:00:00	USDJPY.i	H1	156.606	156.378	155.494	154.419	153.484	157.143	158.165	158.978	0
295	2026.01.05 13:00:00	USDJPY.i	H1	156.621	156.378	155.494	154.419	153.484	157.143	158.165	158.978	0
296	2026.01.05 14:00:00	USDJPY.i	H1	156.648	156.378	155.494	154.419	153.484	157.143	158.165	158.978	0
297	2026.01.05 15:00:00	USDJPY.i	H1	156.824	156.378	155.494	154.419	153.484	157.143	158.165	158.978	0
298	2026.01.05 16:00:00	USDJPY.i	H1	156.747	156.378	155.494	154.419	153.484	157.143	158.165	158.978	0
299	2026.01.05 17:00:00	USDJPY.i	H1	156.579	156.378	155.494	154.419	153.484	157.143	158.165	158.978	0
300	2026.01.05 18:00:00	USDJPY.i	H1	156.323	155.494	154.419	153.484	152.621	156.378	157.143	158.165	158.978
301	2026.01.05 19:00:00	USDJPY.i	H1	156.330	155.494	154.419	153.484	152.621	156.378	157.143	158.165	158.978
302	2026.01.05 20:00:00	USDJPY.i	H1	156.187	155.494	154.419	153.484	152.621	156.378	157.143	158.165	158.978
303	2026.01.05 21:00:00	USDJPY.i	H1	156.235	155.494	154.419	153.484	152.621	156.378	157.143	158.165	158.978
304	2026.01.05 22:00:00	USDJPY.i	H1	156.339	155.494	154.419	153.484	152.621	156.378	157.143	158.165	158.978
305	2026.01.05 23:00:00	USDJPY.i	H1	156.390	156.378	155.494	154.419	153.484	157.143	158.165	158.978	0
306	2026.01.06 00:00:00	USDJPY.i	H1	156.508	156.378	155.494	154.419	153.484	157.143	158.165	158.978	0
307	2026.01.06 01:00:00	USDJPY.i	H1	156.615	156.378	155.494	154.419	153.484	157.143	158.165	158.978	0
308	2026.01.06 02:00:00	USDJPY.i	H1	156.535	156.378	155.494	154.419	153.484	157.143	158.165	158.978	0
309	2026.01.06 03:00:00	USDJPY.i	H1	156.451	156.378	155.494	154.419	153.484	157.143	158.165	158.978	0
310	2026.01.06 04:00:00	USDJPY.i	H1	156.311	155.494	154.419	153.484	152.621	156.378	157.143	158.165	158.978
311	2026.01.06 05:00:00	USDJPY.i	H1	156.361	155.494	154.419	153.484	152.621	156.378	157.143	158.165	158.978
312	2026.01.06 06:00:00	USDJPY.i	H1	156.382	156.378	155.494	154.419	153.484	157.143	158.165	158.978	0
313	2026.01.06 07:00:00	USDJPY.i	H1	156.430	156.378	155.494	154.419	153.484	157.143	158.165	158.978	0
314	2026.01.06 08:00:00	USDJPY.i	H1	156.371	155.494	154.419	153.484	152.621	156.378	157.143	158.165	158.978
315	2026.01.06 09:00:00	USDJPY.i	H1	156.335	155.494	154.419	153.484	152.621	156.378	157.143	158.165	158.978
316	2026.01.06 10:00:00	USDJPY.i	H1	156.322	155.494	154.419	153.484	152.621	156.378	157.143	158.165	158.978
317	2026.01.06 11:00:00	USDJPY.i	H1	156.378	155.494	154.419	153.484	152.621	157.143	158.165	158.978	0
318	2026.01.06 12:00:00	USDJPY.i	H1	156.447	156.378	155.494	154.419	153.484	157.143	158.165	158.978	0
319	2026.01.06 13:00:00	USDJPY.i	H1	156.452	156.378	155.494	154.419	153.484	157.143	158.165	158.978	0
320	2026.01.06 14:00:00	USDJPY.i	H1	156.497	156.378	155.494	154.419	153.484	157.143	158.165	158.978	0
321	2026.01.06 15:00:00	USDJPY.i	H1	156.373	155.494	154.419	153.484	152.621	156.378	157.143	158.165	158.978
322	2026.01.06 16:00:00	USDJPY.i	H1	156.410	156.378	155.494	154.419	153.484	157.143	158.165	158.978	0
323	2026.01.06 17:00:00	USDJPY.i	H1	156.578	156.378	155.494	154.419	153.484	157.143	158.165	158.978	0
324	2026.01.06 18:00:00	USDJPY.i	H1	156.705	156.378	155.494	154.419	153.484	157.143	158.165	158.978	0
325	2026.01.06 19:00:00	USDJPY.i	H1	156.692	156.378	155.494	154.419	153.484	157.143	158.165	158.978	0
326	2026.01.06 20:00:00	USDJPY.i	H1	156.738	156.378	155.494	154.419	153.484	157.143	158.165	158.978	0
327	2026.01.06 21:00:00	USDJPY.i	H1	156.629	156.378	155.494	154.419	153.484	157.143	158.165	158.978	0
328	2026.01.06 22:00:00	USDJPY.i	H1	156.651	156.378	155.494	154.419	153.484	157.143	158.165	158.978	0
329	2026.01.06 23:00:00	USDJPY.i	H1	156.651	156.378	155.494	154.419	153.484	157.143	158.165	158.978	0
330	2026.01.07 00:00:00	USDJPY.i	H1	156.613	156.378	155.494	154.419	153.484	157.143	158.165	158.978	0
331	2026.01.07 01:00:00	USDJPY.i	H1	156.665	156.378	155.494	154.419	153.484	157.143	158.165	158.978	0
332	2026.01.07 02:00:00	USDJPY.i	H1	156.637	156.378	155.494	154.419	153.484	157.143	158.165	158.978	0
333	2026.01.07 03:00:00	USDJPY.i	H1	156.719	156.378	155.494	154.419	153.484	157.143	158.165	158.978	0
334	2026.01.07 04:00:00	USDJPY.i	H1	156.646	156.378	155.494	154.419	153.484	157.143	158.165	158.978	0
335	2026.01.07 05:00:00	USDJPY.i	H1	156.562	156.378	155.494	154.419	153.484	157.143	158.165	158.978	0
336	2026.01.07 06:00:00	USDJPY.i	H1	156.541	156.378	155.494	154.419	153.484	157.143	158.165	158.978	0
337	2026.01.07 07:00:00	USDJPY.i	H1	156.385	156.378	155.494	154.419	153.484	157.143	158.165	158.978	0
338	2026.01.07 08:00:00	USDJPY.i	H1	156.344	155.494	154.419	153.484	152.621	156.378	157.143	158.165	158.978
339	2026.01.07 09:00:00	USDJPY.i	H1	156.485	156.378	155.494	154.419	153.484	157.143	158.165	158.978	0
340	2026.01.07 10:00:00	USDJPY.i	H1	156.525	156.378	155.494	154.419	153.484	157.143	158.165	158.978	0
341	2026.01.07 11:00:00	USDJPY.i	H1	156.464	156.378	155.494	154.419	153.484	157.143	158.165	158.978	0
342	2026.01.07 12:00:00	USDJPY.i	H1	156.529	156.378	155.494	154.419	153.484	157.143	158.165	158.978	0
343	2026.01.07 13:00:00	USDJPY.i	H1	156.517	156.378	155.494	154.419	153.484	157.143	158.165	158.978	0
344	2026.01.07 14:00:00	USDJPY.i	H1	156.510	156.378	155.494	154.419	153.484	157.143	158.165	158.978	0
345	2026.01.07 15:00:00	USDJPY.i	H1	156.417	156.378	155.494	154.419	153.484	157.143	158.165	158.978	0
346	2026.01.07 16:00:00	USDJPY.i	H1	156.408	156.378	155.494	154.419	153.484	157.143	158.165	158.978	0
347	2026.01.07 17:00:00	USDJPY.i	H1	156.680	156.378	155.494	154.419	153.484	157.143	158.165	158.978	0
348	2026.01.07 18:00:00	USDJPY.i	H1	156.733	156.378	155.494	154.419	153.484	157.143	158.165	158.978	0
349	2026.01.07 19:00:00	USDJPY.i	H1	156.621	156.378	155.494	154.419	153.484	157.143	158.165	158.978	0
350	2026.01.07 20:00:00	USDJPY.i	H1	156.697	156.378	155.494	154.419	153.484	157.143	158.165	158.978	0
351	2026.01.07 21:00:00	USDJPY.i	H1	156.741	156.378	155.494	154.419	153.484	157.143	158.165	158.978	0
352	2026.01.07 22:00:00	USDJPY.i	H1	156.778	156.378	155.494	154.419	153.484	157.143	158.165	158.978	0
353	2026.01.07 23:00:00	USDJPY.i	H1	156.737	156.378	155.494	154.419	153.484	157.143	158.165	158.978	0
354	2026.01.08 00:00:00	USDJPY.i	H1	156.664	156.378	155.494	154.419	153.484	157.143	158.165	158.978	0
355	2026.01.08 01:00:00	USDJPY.i	H1	156.697	156.378	155.494	154.419	153.484	157.143	158.165	158.978	0
356	2026.01.08 02:00:00	USDJPY.i	H1	156.787	156.378	155.494	154.419	153.484	157.143	158.165	158.978	0
357	2026.01.08 03:00:00	USDJPY.i	H1	156.911	156.378	155.494	154.419	153.484	157.143	158.165	158.978	0
358	2026.01.08 04:00:00	USDJPY.i	H1	156.839	156.378	155.494	154.419	153.484	157.143	158.165	158.978	0
359	2026.01.08 05:00:00	USDJPY.i	H1	156.719	156.378	155.494	154.419	153.484	157.143	158.165	158.978	0
360	2026.01.08 06:00:00	USDJPY.i	H1	156.693	156.378	155.494	154.419	153.484	157.143	158.165	158.978	0
361	2026.01.08 07:00:00	USDJPY.i	H1	156.670	156.378	155.494	154.419	153.484	157.143	158.165	158.978	0
362	2026.01.08 08:00:00	USDJPY.i	H1	156.581	156.378	155.494	154.419	153.484	157.143	158.165	158.978	0
363	2026.01.08 09:00:00	USDJPY.i	H1	156.469	156.378	155.494	154.419	153.484	157.143	158.165	158.978	0
364	2026.01.08 10:00:00	USDJPY.i	H1	156.705	156.378	155.494	154.419	153.484	157.143	158.165	158.978	0
365	2026.01.08 11:00:00	USDJPY.i	H1	156.746	156.378	155.494	154.419	153.484	157.143	158.165	158.978	0
366	2026.01.08 12:00:00	USDJPY.i	H1	156.685	156.378	155.494	154.419	153.484	157.143	158.165	158.978	0
367	2026.01.08 13:00:00	USDJPY.i	H1	156.762	156.378	155.494	154.419	153.484	157.143	158.165	158.978	0
368	2026.01.08 14:00:00	USDJPY.i	H1	156.722	156.378	155.494	154.419	153.484	157.143	158.165	158.978	0
369	2026.01.08 15:00:00	USDJPY.i	H1	156.963	156.378	155.494	154.419	153.484	157.143	158.165	158.978	0
370	2026.01.08 16:00:00	USDJPY.i	H1	156.975	156.378	155.494	154.419	153.484	157.143	158.165	158.978	0
371	2026.01.08 17:00:00	USDJPY.i	H1	156.863	156.378	155.494	154.419	153.484	157.143	158.165	158.978	0
372	2026.01.08 18:00:00	USDJPY.i	H1	156.903	156.378	155.494	154.419	153.484	157.143	158.165	158.978	0
373	2026.01.08 19:00:00	USDJPY.i	H1	156.810	156.378	155.494	154.419	153.484	157.143	158.165	158.978	0
374	2026.01.08 20:00:00	USDJPY.i	H1	156.893	156.378	155.494	154.419	153.484	157.143	158.165	158.978	0
375	2026.01.08 21:00:00	USDJPY.i	H1	156.966	156.378	155.494	154.419	153.484	157.143	158.165	158.978	0
376	2026.01.08 22:00:00	USDJPY.i	H1	156.954	156.378	155.494	154.419	153.484	157.143	158.165	158.978	0
377	2026.01.08 23:00:00	USDJPY.i	H1	156.845	156.378	155.494	154.419	153.484	157.143	158.165	158.978	0
378	2026.01.09 00:00:00	USDJPY.i	H1	156.842	156.378	155.494	154.419	153.484	157.143	158.165	158.978	0
379	2026.01.09 01:00:00	USDJPY.i	H1	156.866	156.378	155.494	154.419	153.484	157.143	158.165	158.978	0
380	2026.01.09 02:00:00	USDJPY.i	H1	157.008	156.378	155.494	154.419	153.484	157.143	158.165	158.978	0
381	2026.01.09 03:00:00	USDJPY.i	H1	157.163	157.143	156.378	155.494	154.419	158.165	158.978	0	0
382	2026.01.09 04:00:00	USDJPY.i	H1	157.184	157.143	156.378	155.494	154.419	158.165	158.978	0	0
383	2026.01.09 05:00:00	USDJPY.i	H1	157.237	157.143	156.378	155.494	154.419	158.165	158.978	0	0
384	2026.01.09 06:00:00	USDJPY.i	H1	157.212	157.143	156.378	155.494	154.419	158.165	158.978	0	0
385	2026.01.09 07:00:00	USDJPY.i	H1	157.377	157.143	156.378	155.494	154.419	158.165	158.978	0	0
386	2026.01.09 08:00:00	USDJPY.i	H1	157.402	157.143	156.378	155.494	154.419	158.165	158.978	0	0
387	2026.01.09 09:00:00	USDJPY.i	H1	157.479	157.143	156.378	155.494	154.419	158.165	158.978	0	0
388	2026.01.09 10:00:00	USDJPY.i	H1	157.644	157.143	156.378	155.494	154.419	158.165	158.978	0	0
389	2026.01.09 11:00:00	USDJPY.i	H1	157.709	157.143	156.378	155.494	154.419	158.165	158.978	0	0
390	2026.01.09 12:00:00	USDJPY.i	H1	157.653	157.143	156.378	155.494	154.419	158.165	158.978	0	0
391	2026.01.09 13:00:00	USDJPY.i	H1	157.578	157.143	156.378	155.494	154.419	158.165	158.978	0	0
392	2026.01.09 14:00:00	USDJPY.i	H1	157.648	157.143	156.378	155.494	154.419	158.165	158.978	0	0
393	2026.01.09 15:00:00	USDJPY.i	H1	157.490	157.143	156.378	155.494	154.419	158.165	158.978	0	0
394	2026.01.09 16:00:00	USDJPY.i	H1	157.924	157.143	156.378	155.494	154.419	158.165	158.978	0	0
395	2026.01.09 17:00:00	USDJPY.i	H1	157.871	157.143	156.378	155.494	154.419	158.165	158.978	0	0
396	2026.01.09 18:00:00	USDJPY.i	H1	158.078	157.143	156.378	155.494	154.419	158.165	158.978	0	0
397	2026.01.09 19:00:00	USDJPY.i	H1	158.052	157.143	156.378	155.494	154.419	158.165	158.978	0	0
398	2026.01.09 20:00:00	USDJPY.i	H1	157.916	157.143	156.378	155.494	154.419	158.165	158.978	0	0
399	2026.01.09 21:00:00	USDJPY.i	H1	157.885	157.143	156.378	155.494	154.419	158.165	158.978	0	0
400	2026.01.09 22:00:00	USDJPY.i	H1	157.886	157.143	156.378	155.494	154.419	158.165	158.978	0	0
401	2026.01.09 23:00:00	USDJPY.i	H1	157.912	157.143	156.378	155.494	154.419	158.165	158.978	0	0
402	2026.01.12 00:00:00	USDJPY.i	H1	158.048	157.143	156.378	155.494	154.419	158.165	158.978	0	0
403	2026.01.12 01:00:00	USDJPY.i	H1	158.138	157.143	156.378	155.494	154.419	158.165	158.978	0	0
404	2026.01.12 02:00:00	USDJPY.i	H1	157.578	157.143	156.378	155.494	154.419	158.165	158.978	0	0
405	2026.01.12 03:00:00	USDJPY.i	H1	157.747	157.143	156.378	155.494	154.419	158.165	158.978	0	0
406	2026.01.12 04:00:00	USDJPY.i	H1	158.050	157.143	156.378	155.494	154.419	158.165	158.978	0	0
407	2026.01.12 05:00:00	USDJPY.i	H1	158.120	157.143	156.378	155.494	154.419	158.165	158.978	0	0
408	2026.01.12 06:00:00	USDJPY.i	H1	158.121	157.143	156.378	155.494	154.419	158.165	158.978	0	0
409	2026.01.12 07:00:00	USDJPY.i	H1	158.007	157.143	156.378	155.494	154.419	158.165	158.978	0	0
410	2026.01.12 08:00:00	USDJPY.i	H1	158.016	157.143	156.378	155.494	154.419	158.165	158.978	0	0
411	2026.01.12 09:00:00	USDJPY.i	H1	157.846	157.143	156.378	155.494	154.419	158.165	158.978	0	0
412	2026.01.12 10:00:00	USDJPY.i	H1	157.778	157.143	156.378	155.494	154.419	158.165	158.978	0	0
413	2026.01.12 11:00:00	USDJPY.i	H1	157.894	157.143	156.378	155.494	154.419	158.165	158.978	0	0
414	2026.01.12 12:00:00	USDJPY.i	H1	157.852	157.143	156.378	155.494	154.419	158.165	158.978	0	0
415	2026.01.12 13:00:00	USDJPY.i	H1	157.896	157.143	156.378	155.494	154.419	158.165	158.978	0	0
416	2026.01.12 14:00:00	USDJPY.i	H1	157.859	157.143	156.378	155.494	154.419	158.165	158.978	0	0
417	2026.01.12 15:00:00	USDJPY.i	H1	157.843	157.143	156.378	155.494	154.419	158.165	158.978	0	0
418	2026.01.12 16:00:00	USDJPY.i	H1	157.939	157.143	156.378	155.494	154.419	158.165	158.978	0	0
419	2026.01.12 17:00:00	USDJPY.i	H1	157.974	157.143	156.378	155.494	154.419	158.165	158.978	0	0
420	2026.01.12 18:00:00	USDJPY.i	H1	158.156	157.143	156.378	155.494	154.419	158.165	158.978	0	0
421	2026.01.12 19:00:00	USDJPY.i	H1	158.089	157.143	156.378	155.494	154.419	158.165	158.978	0	0
422	2026.01.12 20:00:00	USDJPY.i	H1	158.134	157.143	156.378	155.494	154.419	158.165	158.978	0	0
423	2026.01.12 21:00:00	USDJPY.i	H1	158.140	157.143	156.378	155.494	154.419	158.165	158.978	0	0
424	2026.01.12 22:00:00	USDJPY.i	H1	158.186	158.165	157.143	156.378	155.494	158.978	0	0	0
425	2026.01.12 23:00:00	USDJPY.i	H1	158.149	157.143	156.378	155.494	154.419	158.165	158.978	0	0
426	2026.01.13 00:00:00	USDJPY.i	H1	158.070	157.143	156.378	155.494	154.419	158.165	158.978	0	0
427	2026.01.13 01:00:00	USDJPY.i	H1	157.977	157.143	156.378	155.494	154.419	158.165	158.978	0	0
428	2026.01.13 02:00:00	USDJPY.i	H1	158.160	157.143	156.378	155.494	154.419	158.165	158.978	0	0
429	2026.01.13 03:00:00	USDJPY.i	H1	158.485	158.165	157.143	156.378	155.494	158.978	0	0	0
430	2026.01.13 04:00:00	USDJPY.i	H1	158.672	158.165	157.143	156.378	155.494	158.978	0	0	0
431	2026.01.13 05:00:00	USDJPY.i	H1	158.812	158.165	157.143	156.378	155.494	158.978	0	0	0
432	2026.01.13 06:00:00	USDJPY.i	H1	158.720	158.165	157.143	156.378	155.494	158.978	0	0	0
433	2026.01.13 07:00:00	USDJPY.i	H1	158.785	158.165	157.143	156.378	155.494	158.978	0	0	0
434	2026.01.13 08:00:00	USDJPY.i	H1	158.760	158.165	157.143	156.378	155.494	158.978	0	0	0
435	2026.01.13 09:00:00	USDJPY.i	H1	158.944	158.165	157.143	156.378	155.494	158.978	0	0	0
436	2026.01.13 10:00:00	USDJPY.i	H1	158.929	158.165	157.143	156.378	155.494	158.978	0	0	0
437	2026.01.13 11:00:00	USDJPY.i	H1	158.892	158.165	157.143	156.378	155.494	158.978	0	0	0
438	2026.01.13 12:00:00	USDJPY.i	H1	158.806	158.165	157.143	156.378	155.494	158.978	0	0	0
439	2026.01.13 13:00:00	USDJPY.i	H1	158.858	158.165	157.143	156.378	155.494	158.978	0	0	0
440	2026.01.13 14:00:00	USDJPY.i	H1	158.895	158.165	157.143	156.378	155.494	158.978	0	0	0
441	2026.01.13 15:00:00	USDJPY.i	H1	158.882	158.165	157.143	156.378	155.494	158.978	0	0	0
442	2026.01.13 16:00:00	USDJPY.i	H1	158.910	158.165	157.143	156.378	155.494	158.978	0	0	0
443	2026.01.13 17:00:00	USDJPY.i	H1	158.926	158.165	157.143	156.378	155.494	158.978	0	0	0
444	2026.01.13 18:00:00	USDJPY.i	H1	159.069	158.978	158.165	157.143	156.378	0	0	0	0
445	2026.01.13 19:00:00	USDJPY.i	H1	159.028	158.978	158.165	157.143	156.378	0	0	0	0
446	2026.01.13 20:00:00	USDJPY.i	H1	159.045	158.978	158.165	157.143	156.378	0	0	0	0
447	2026.01.13 21:00:00	USDJPY.i	H1	159.115	158.978	158.165	157.143	156.378	0	0	0	0
448	2026.01.13 22:00:00	USDJPY.i	H1	159.118	158.978	158.165	157.143	156.378	0	0	0	0
449	2026.01.13 23:00:00	USDJPY.i	H1	159.155	158.978	158.165	157.143	156.378	0	0	0	0
450	2026.01.14 00:00:00	USDJPY.i	H1	159.088	158.978	158.165	157.143	156.378	0	0	0	0
451	2026.01.14 01:00:00	USDJPY.i	H1	159.199	158.978	158.165	157.143	156.378	0	0	0	0
452	2026.01.14 02:00:00	USDJPY.i	H1	159.193	158.978	158.165	157.143	156.378	0	0	0	0
453	2026.01.14 03:00:00	USDJPY.i	H1	159.339	158.978	158.165	157.143	156.378	0	0	0	0
454	2026.01.14 04:00:00	USDJPY.i	H1	159.208	158.978	158.165	157.143	156.378	0	0	0	0
455	2026.01.14 05:00:00	USDJPY.i	H1	159.162	158.978	158.165	157.143	156.378	0	0	0	0
456	2026.01.14 06:00:00	USDJPY.i	H1	159.204	158.978	158.165	157.143	156.378	0	0	0	0
457	2026.01.14 07:00:00	USDJPY.i	H1	159.333	158.978	158.165	157.143	156.378	0	0	0	0
458	2026.01.14 08:00:00	USDJPY.i	H1	159.144	158.978	158.165	157.143	156.378	0	0	0	0
459	2026.01.14 09:00:00	USDJPY.i	H1	159.175	158.978	158.165	157.143	156.378	0	0	0	0
460	2026.01.14 10:00:00	USDJPY.i	H1	158.929	158.165	157.143	156.378	155.494	158.978	0	0	0
461	2026.01.14 11:00:00	USDJPY.i	H1	158.763	158.165	157.143	156.378	155.494	158.978	0	0	0
462	2026.01.14 12:00:00	USDJPY.i	H1	158.685	158.165	157.143	156.378	155.494	158.978	0	0	0
463	2026.01.14 13:00:00	USDJPY.i	H1	158.714	158.165	157.143	156.378	155.494	158.978	0	0	0
464	2026.01.14 14:00:00	USDJPY.i	H1	158.559	158.165	157.143	156.378	155.494	158.978	0	0	0
465	2026.01.14 15:00:00	USDJPY.i	H1	158.596	158.165	157.143	156.378	155.494	158.978	0	0	0
466	2026.01.14 16:00:00	USDJPY.i	H1	158.211	158.165	157.143	156.378	155.494	158.978	0	0	0
467	2026.01.14 17:00:00	USDJPY.i	H1	158.124	157.143	156.378	155.494	154.419	158.165	158.978	0	0
468	2026.01.14 18:00:00	USDJPY.i	H1	158.136	157.143	156.378	155.494	154.419	158.165	158.978	0	0
469	2026.01.14 19:00:00	USDJPY.i	H1	158.302	158.165	157.143	156.378	155.494	158.978	0	0	0
470	2026.01.14 20:00:00	USDJPY.i	H1	158.464	158.165	157.143	156.378	155.494	158.978	0	0	0
471	2026.01.14 21:00:00	USDJPY.i	H1	158.506	158.165	157.143	156.378	155.494	158.978	0	0	0
472	2026.01.14 22:00:00	USDJPY.i	H1	158.592	158.165	157.143	156.378	155.494	158.978	0	0	0
473	2026.01.14 23:00:00	USDJPY.i	H1	158.409	158.165	157.143	156.378	155.494	158.978	0	0	0
474	2026.01.15 00:00:00	USDJPY.i	H1	158.259	158.165	157.143	156.378	155.494	158.978	0	0	0
475	2026.01.15 01:00:00	USDJPY.i	H1	158.422	158.165	157.143	156.378	155.494	158.978	0	0	0
476	2026.01.15 02:00:00	USDJPY.i	H1	158.410	158.165	157.143	156.378	155.494	158.978	0	0	0
477	2026.01.15 03:00:00	USDJPY.i	H1	158.353	158.165	157.143	156.378	155.494	158.978	0	0	0
478	2026.01.15 04:00:00	USDJPY.i	H1	158.521	158.165	157.143	156.378	155.494	158.978	0	0	0
479	2026.01.15 05:00:00	USDJPY.i	H1	158.515	158.165	157.143	156.378	155.494	158.978	0	0	0
480	2026.01.15 06:00:00	USDJPY.i	H1	158.592	158.165	157.143	156.378	155.494	158.978	0	0	0
481	2026.01.15 07:00:00	USDJPY.i	H1	158.433	158.165	157.143	156.378	155.494	158.978	0	0	0
482	2026.01.15 08:00:00	USDJPY.i	H1	158.613	158.165	157.143	156.378	155.494	158.978	0	0	0
483	2026.01.15 09:00:00	USDJPY.i	H1	158.583	158.165	157.143	156.378	155.494	158.978	0	0	0
484	2026.01.15 10:00:00	USDJPY.i	H1	158.691	158.165	157.143	156.378	155.494	158.978	0	0	0
485	2026.01.15 11:00:00	USDJPY.i	H1	158.398	158.165	157.143	156.378	155.494	158.978	0	0	0
486	2026.01.15 12:00:00	USDJPY.i	H1	158.468	158.165	157.143	156.378	155.494	158.978	0	0	0
487	2026.01.15 13:00:00	USDJPY.i	H1	158.565	158.165	157.143	156.378	155.494	158.978	0	0	0
488	2026.01.15 14:00:00	USDJPY.i	H1	158.598	158.165	157.143	156.378	155.494	158.978	0	0	0
489	2026.01.15 15:00:00	USDJPY.i	H1	158.830	158.165	157.143	156.378	155.494	158.978	0	0	0
490	2026.01.15 16:00:00	USDJPY.i	H1	158.743	158.165	157.143	156.378	155.494	158.978	0	0	0
491	2026.01.15 17:00:00	USDJPY.i	H1	158.539	158.165	157.143	156.378	155.494	158.978	0	0	0
492	2026.01.15 18:00:00	USDJPY.i	H1	158.500	158.165	157.143	156.378	155.494	158.978	0	0	0
493	2026.01.15 19:00:00	USDJPY.i	H1	158.509	158.165	157.143	156.378	155.494	158.978	0	0	0
494	2026.01.15 20:00:00	USDJPY.i	H1	158.492	158.165	157.143	156.378	155.494	158.978	0	0	0
495	2026.01.15 21:00:00	USDJPY.i	H1	158.529	158.165	157.143	156.378	155.494	158.978	0	0	0
496	2026.01.15 22:00:00	USDJPY.i	H1	158.643	158.165	157.143	156.378	155.494	158.978	0	0	0
497	2026.01.15 23:00:00	USDJPY.i	H1	158.605	158.165	157.143	156.378	155.494	158.978	0	0	0
498	2026.01.16 00:00:00	USDJPY.i	H1	158.612	158.165	157.143	156.378	155.494	158.978	0	0	0
499	2026.01.16 01:00:00	USDJPY.i	H1	158.592	158.165	157.143	156.378	155.494	158.978	0	0	0
500	2026.01.16 02:00:00	USDJPY.i	H1	158.656	158.165	157.143	156.378	155.494	158.978	0	0	0
501	2026.01.16 03:00:00	USDJPY.i	H1	158.598	158.165	157.143	156.378	155.494	158.978	0	0	0
502	2026.01.16 04:00:00	USDJPY.i	H1	158.305	158.165	157.143	156.378	155.494	158.978	0	0	0
503	2026.01.16 05:00:00	USDJPY.i	H1	158.108	157.143	156.378	155.494	154.419	158.165	158.978	0	0
504	2026.01.16 06:00:00	USDJPY.i	H1	158.278	158.165	157.143	156.378	155.494	158.978	0	0	0
505	2026.01.16 07:00:00	USDJPY.i	H1	158.379	158.165	157.143	156.378	155.494	158.978	0	0	0
506	2026.01.16 08:00:00	USDJPY.i	H1	158.388	158.165	157.143	156.378	155.494	158.978	0	0	0
507	2026.01.16 09:00:00	USDJPY.i	H1	158.172	158.165	157.143	156.378	155.494	158.978	0	0	0
508	2026.01.16 10:00:00	USDJPY.i	H1	158.208	158.165	157.143	156.378	155.494	158.978	0	0	0
509	2026.01.16 11:00:00	USDJPY.i	H1	158.196	158.165	157.143	156.378	155.494	158.978	0	0	0
510	2026.01.16 12:00:00	USDJPY.i	H1	158.127	157.143	156.378	155.494	154.419	158.165	158.978	0	0
511	2026.01.16 13:00:00	USDJPY.i	H1	158.094	157.143	156.378	155.494	154.419	158.165	158.978	0	0
512	2026.01.16 14:00:00	USDJPY.i	H1	158.153	157.143	156.378	155.494	154.419	158.165	158.978	0	0
513	2026.01.16 15:00:00	USDJPY.i	H1	158.021	157.143	156.378	155.494	154.419	158.165	158.978	0	0
514	2026.01.16 16:00:00	USDJPY.i	H1	157.910	157.143	156.378	155.494	154.419	158.165	158.978	0	0
515	2026.01.16 17:00:00	USDJPY.i	H1	158.064	157.143	156.378	155.494	154.419	158.165	158.978	0	0
516	2026.01.16 18:00:00	USDJPY.i	H1	158.023	157.143	156.378	155.494	154.419	158.165	158.978	0	0
517	2026.01.16 19:00:00	USDJPY.i	H1	158.141	157.143	156.378	155.494	154.419	158.165	158.978	0	0
518	2026.01.16 20:00:00	USDJPY.i	H1	158.178	158.165	157.143	156.378	155.494	158.978	0	0	0
519	2026.01.16 21:00:00	USDJPY.i	H1	158.123	157.143	156.378	155.494	154.419	158.165	158.978	0	0
520	2026.01.16 22:00:00	USDJPY.i	H1	158.081	157.143	156.378	155.494	154.419	158.165	158.978	0	0
521	2026.01.16 23:00:00	USDJPY.i	H1	158.055	157.143	156.378	155.494	154.419	158.165	158.978	0	0
522	2026.01.19 00:00:00	USDJPY.i	H1	157.843	157.143	156.378	155.494	154.419	158.165	158.978	0	0
523	2026.01.19 01:00:00	USDJPY.i	H1	157.553	157.143	156.378	155.494	154.419	158.165	158.978	0	0
524	2026.01.19 02:00:00	USDJPY.i	H1	157.475	157.143	156.378	155.494	154.419	158.165	158.978	0	0
525	2026.01.19 03:00:00	USDJPY.i	H1	157.686	157.143	156.378	155.494	154.419	158.165	158.978	0	0
526	2026.01.19 04:00:00	USDJPY.i	H1	157.862	157.143	156.378	155.494	154.419	158.165	158.978	0	0
527	2026.01.19 05:00:00	USDJPY.i	H1	157.881	157.143	156.378	155.494	154.419	158.165	158.978	0	0
528	2026.01.19 06:00:00	USDJPY.i	H1	157.828	157.143	156.378	155.494	154.419	158.165	158.978	0	0
529	2026.01.19 07:00:00	USDJPY.i	H1	157.901	157.143	156.378	155.494	154.419	158.165	158.978	0	0
530	2026.01.19 08:00:00	USDJPY.i	H1	157.815	157.143	156.378	155.494	154.419	158.165	158.978	0	0
531	2026.01.19 09:00:00	USDJPY.i	H1	158.078	157.143	156.378	155.494	154.419	158.165	158.978	0	0
532	2026.01.19 10:00:00	USDJPY.i	H1	158.027	157.143	156.378	155.494	154.419	158.165	158.978	0	0
533	2026.01.19 11:00:00	USDJPY.i	H1	157.927	157.143	156.378	155.494	154.419	158.165	158.978	0	0
534	2026.01.19 12:00:00	USDJPY.i	H1	157.884	157.143	156.378	155.494	154.419	158.165	158.978	0	0
535	2026.01.19 13:00:00	USDJPY.i	H1	158.040	157.143	156.378	155.494	154.419	158.165	158.978	0	0
536	2026.01.19 14:00:00	USDJPY.i	H1	158.021	157.143	156.378	155.494	154.419	158.165	158.978	0	0
537	2026.01.19 15:00:00	USDJPY.i	H1	157.921	157.143	156.378	155.494	154.419	158.165	158.978	0	0
538	2026.01.19 16:00:00	USDJPY.i	H1	157.905	157.143	156.378	155.494	154.419	158.165	158.978	0	0
539	2026.01.19 17:00:00	USDJPY.i	H1	158.061	157.143	156.378	155.494	154.419	158.165	158.978	0	0
540	2026.01.19 18:00:00	USDJPY.i	H1	158.075	157.143	156.378	155.494	154.419	158.165	158.978	0	0
541	2026.01.19 19:00:00	USDJPY.i	H1	158.033	157.143	156.378	155.494	154.419	158.165	158.978	0	0
542	2026.01.19 20:00:00	USDJPY.i	H1	158.075	157.143	156.378	155.494	154.419	158.165	158.978	0	0
543	2026.01.19 21:00:00	USDJPY.i	H1	158.083	157.143	156.378	155.494	154.419	158.165	158.978	0	0
544	2026.01.19 22:00:00	USDJPY.i	H1	158.128	157.143	156.378	155.494	154.419	158.165	158.978	0	0
545	2026.01.19 23:00:00	USDJPY.i	H1	158.108	157.143	156.378	155.494	154.419	158.165	158.978	0	0
546	2026.01.20 00:00:00	USDJPY.i	H1	158.085	157.143	156.378	155.494	154.419	158.165	158.978	0	0
547	2026.01.20 01:00:00	USDJPY.i	H1	158.166	158.165	157.143	156.378	155.494	158.978	0	0	0
548	2026.01.20 02:00:00	USDJPY.i	H1	157.936	157.143	156.378	155.494	154.419	158.165	158.978	0	0
549	2026.01.20 03:00:00	USDJPY.i	H1	157.950	157.143	156.378	155.494	154.419	158.165	158.978	0	0
550	2026.01.20 04:00:00	USDJPY.i	H1	158.034	157.143	156.378	155.494	154.419	158.165	158.978	0	0
551	2026.01.20 05:00:00	USDJPY.i	H1	157.973	157.143	156.378	155.494	154.419	158.165	158.978	0	0
552	2026.01.20 06:00:00	USDJPY.i	H1	158.033	157.143	156.378	155.494	154.419	158.165	158.978	0	0
553	2026.01.20 07:00:00	USDJPY.i	H1	158.103	157.143	156.378	155.494	154.419	158.165	158.978	0	0
554	2026.01.20 08:00:00	USDJPY.i	H1	158.413	158.165	157.143	156.378	155.494	158.978	0	0	0
555	2026.01.20 09:00:00	USDJPY.i	H1	158.372	158.165	157.143	156.378	155.494	158.978	0	0	0
556	2026.01.20 10:00:00	USDJPY.i	H1	157.817	157.143	156.378	155.494	154.419	158.165	158.978	0	0
557	2026.01.20 11:00:00	USDJPY.i	H1	157.732	157.143	156.378	155.494	154.419	158.165	158.978	0	0
558	2026.01.20 12:00:00	USDJPY.i	H1	157.813	157.143	156.378	155.494	154.419	158.165	158.978	0	0
559	2026.01.20 13:00:00	USDJPY.i	H1	157.750	157.143	156.378	155.494	154.419	158.165	158.978	0	0
560	2026.01.20 14:00:00	USDJPY.i	H1	157.864	157.143	156.378	155.494	154.419	158.165	158.978	0	0
561	2026.01.20 15:00:00	USDJPY.i	H1	157.842	157.143	156.378	155.494	154.419	158.165	158.978	0	0
562	2026.01.20 16:00:00	USDJPY.i	H1	158.038	157.143	156.378	155.494	154.419	158.165	158.978	0	0
563	2026.01.20 17:00:00	USDJPY.i	H1	157.926	157.143	156.378	155.494	154.419	158.165	158.978	0	0
564	2026.01.20 18:00:00	USDJPY.i	H1	157.894	157.143	156.378	155.494	154.419	158.165	158.978	0	0
565	2026.01.20 19:00:00	USDJPY.i	H1	157.957	157.143	156.378	155.494	154.419	158.165	158.978	0	0
566	2026.01.20 20:00:00	USDJPY.i	H1	158.052	157.143	156.378	155.494	154.419	158.165	158.978	0	0
567	2026.01.20 21:00:00	USDJPY.i	H1	158.285	158.165	157.143	156.378	155.494	158.978	0	0	0
568	2026.01.20 22:00:00	USDJPY.i	H1	158.210	158.165	157.143	156.378	155.494	158.978	0	0	0
569	2026.01.20 23:00:00	USDJPY.i	H1	158.126	157.143	156.378	155.494	154.419	158.165	158.978	0	0
570	2026.01.21 00:00:00	USDJPY.i	H1	158.139	157.143	156.378	155.494	154.419	158.165	158.978	0	0
571	2026.01.21 01:00:00	USDJPY.i	H1	158.152	157.143	156.378	155.494	154.419	158.165	158.978	0	0
572	2026.01.21 02:00:00	USDJPY.i	H1	158.114	157.143	156.378	155.494	154.419	158.165	158.978	0	0
573	2026.01.21 03:00:00	USDJPY.i	H1	157.962	157.143	156.378	155.494	154.419	158.165	158.978	0	0
574	2026.01.21 04:00:00	USDJPY.i	H1	157.918	157.143	156.378	155.494	154.419	158.165	158.978	0	0
575	2026.01.21 05:00:00	USDJPY.i	H1	158.089	157.143	156.378	155.494	154.419	158.165	158.978	0	0
576	2026.01.21 06:00:00	USDJPY.i	H1	158.036	157.143	156.378	155.494	154.419	158.165	158.978	0	0
577	2026.01.21 07:00:00	USDJPY.i	H1	158.206	158.165	157.143	156.378	155.494	158.978	0	0	0
578	2026.01.21 08:00:00	USDJPY.i	H1	158.144	157.143	156.378	155.494	154.419	158.165	158.978	0	0
579	2026.01.21 09:00:00	USDJPY.i	H1	157.928	157.143	156.378	155.494	154.419	158.165	158.978	0	0
580	2026.01.21 10:00:00	USDJPY.i	H1	157.873	157.143	156.378	155.494	154.419	158.165	158.978	0	0
581	2026.01.21 11:00:00	USDJPY.i	H1	158.005	157.143	156.378	155.494	154.419	158.165	158.978	0	0
582	2026.01.21 12:00:00	USDJPY.i	H1	158.025	157.143	156.378	155.494	154.419	158.165	158.978	0	0
583	2026.01.21 13:00:00	USDJPY.i	H1	157.913	157.143	156.378	155.494	154.419	158.165	158.978	0	0
584	2026.01.21 14:00:00	USDJPY.i	H1	157.795	157.143	156.378	155.494	154.419	158.165	158.978	0	0
585	2026.01.21 15:00:00	USDJPY.i	H1	157.889	157.143	156.378	155.494	154.419	158.165	158.978	0	0
586	2026.01.21 16:00:00	USDJPY.i	H1	158.115	157.143	156.378	155.494	154.419	158.165	158.978	0	0
587	2026.01.21 17:00:00	USDJPY.i	H1	158.216	158.165	157.143	156.378	155.494	158.978	0	0	0
588	2026.01.21 18:00:00	USDJPY.i	H1	158.168	158.165	157.143	156.378	155.494	158.978	0	0	0
589	2026.01.21 19:00:00	USDJPY.i	H1	158.140	157.143	156.378	155.494	154.419	158.165	158.978	0	0
590	2026.01.21 20:00:00	USDJPY.i	H1	158.218	158.165	157.143	156.378	155.494	158.978	0	0	0
591	2026.01.21 21:00:00	USDJPY.i	H1	158.385	158.165	157.143	156.378	155.494	158.978	0	0	0
592	2026.01.21 22:00:00	USDJPY.i	H1	158.376	158.165	157.143	156.378	155.494	158.978	0	0	0
593	2026.01.21 23:00:00	USDJPY.i	H1	158.268	158.165	157.143	156.378	155.494	158.978	0	0	0
594	2026.01.22 00:00:00	USDJPY.i	H1	158.296	158.165	157.143	156.378	155.494	158.978	0	0	0
595	2026.01.22 01:00:00	USDJPY.i	H1	158.458	158.165	157.143	156.378	155.494	158.978	0	0	0
596	2026.01.22 02:00:00	USDJPY.i	H1	158.241	158.165	157.143	156.378	155.494	158.978	0	0	0
597	2026.01.22 03:00:00	USDJPY.i	H1	158.351	158.165	157.143	156.378	155.494	158.978	0	0	0
598	2026.01.22 04:00:00	USDJPY.i	H1	158.466	158.165	157.143	156.378	155.494	158.978	0	0	0
599	2026.01.22 05:00:00	USDJPY.i	H1	158.558	158.165	157.143	156.378	155.494	158.978	0	0	0
600	2026.01.22 06:00:00	USDJPY.i	H1	158.645	158.165	157.143	156.378	155.494	158.978	0	0	0
601	2026.01.22 07:00:00	USDJPY.i	H1	158.716	158.165	157.143	156.378	155.494	158.978	0	0	0
602	2026.01.22 08:00:00	USDJPY.i	H1	158.780	158.165	157.143	156.378	155.494	158.978	0	0	0
603	2026.01.22 09:00:00	USDJPY.i	H1	158.776	158.165	157.143	156.378	155.494	158.978	0	0	0
604	2026.01.22 10:00:00	USDJPY.i	H1	158.771	158.165	157.143	156.378	155.494	158.978	0	0	0
605	2026.01.22 11:00:00	USDJPY.i	H1	158.695	158.165	157.143	156.378	155.494	158.978	0	0	0
606	2026.01.22 12:00:00	USDJPY.i	H1	158.635	158.165	157.143	156.378	155.494	158.978	0	0	0
607	2026.01.22 13:00:00	USDJPY.i	H1	158.595	158.165	157.143	156.378	155.494	158.978	0	0	0
608	2026.01.22 14:00:00	USDJPY.i	H1	158.820	158.165	157.143	156.378	155.494	158.978	0	0	0
609	2026.01.22 15:00:00	USDJPY.i	H1	158.700	158.165	157.143	156.378	155.494	158.978	0	0	0
610	2026.01.22 16:00:00	USDJPY.i	H1	158.617	158.165	157.143	156.378	155.494	158.978	0	0	0
611	2026.01.22 17:00:00	USDJPY.i	H1	158.397	158.165	157.143	156.378	155.494	158.978	0	0	0
612	2026.01.22 18:00:00	USDJPY.i	H1	158.359	158.165	157.143	156.378	155.494	158.978	0	0	0
613	2026.01.22 19:00:00	USDJPY.i	H1	158.307	158.165	157.143	156.378	155.494	158.978	0	0	0
614	2026.01.22 20:00:00	USDJPY.i	H1	158.311	158.165	157.143	156.378	155.494	158.978	0	0	0
615	2026.01.22 21:00:00	USDJPY.i	H1	158.408	158.165	157.143	156.378	155.494	158.978	0	0	0
616	2026.01.22 22:00:00	USDJPY.i	H1	158.439	158.165	157.143	156.378	155.494	158.978	0	0	0
617	2026.01.22 23:00:00	USDJPY.i	H1	158.410	158.165	157.143	156.378	155.494	158.978	0	0	0
618	2026.01.23 00:00:00	USDJPY.i	H1	158.390	158.165	157.143	156.378	155.494	158.978	0	0	0
619	2026.01.23 01:00:00	USDJPY.i	H1	158.485	158.165	157.143	156.378	155.494	158.978	0	0	0
620	2026.01.23 02:00:00	USDJPY.i	H1	158.525	158.165	157.143	156.378	155.494	158.978	0	0	0
621	2026.01.23 03:00:00	USDJPY.i	H1	158.642	158.165	157.143	156.378	155.494	158.978	0	0	0
622	2026.01.23 04:00:00	USDJPY.i	H1	158.602	158.165	157.143	156.378	155.494	158.978	0	0	0
623	2026.01.23 05:00:00	USDJPY.i	H1	158.631	158.165	157.143	156.378	155.494	158.978	0	0	0
624	2026.01.23 06:00:00	USDJPY.i	H1	158.548	158.165	157.143	156.378	155.494	158.978	0	0	0
625	2026.01.23 07:00:00	USDJPY.i	H1	158.626	158.165	157.143	156.378	155.494	158.978	0	0	0
626	2026.01.23 08:00:00	USDJPY.i	H1	158.874	158.165	157.143	156.378	155.494	158.978	0	0	0
627	2026.01.23 09:00:00	USDJPY.i	H1	158.390	158.165	157.143	156.378	155.494	158.978	0	0	0
628	2026.01.23 10:00:00	USDJPY.i	H1	158.132	157.143	156.378	155.494	154.419	158.165	158.978	0	0
629	2026.01.23 11:00:00	USDJPY.i	H1	158.006	157.143	156.378	155.494	154.419	158.165	158.978	0	0
630	2026.01.23 12:00:00	USDJPY.i	H1	158.194	158.165	157.143	156.378	155.494	158.978	0	0	0
631	2026.01.23 13:00:00	USDJPY.i	H1	158.136	157.143	156.378	155.494	154.419	158.165	158.978	0	0
632	2026.01.23 14:00:00	USDJPY.i	H1	158.157	157.143	156.378	155.494	154.419	158.165	158.978	0	0
633	2026.01.23 15:00:00	USDJPY.i	H1	158.266	158.165	157.143	156.378	155.494	158.978	0	0	0
634	2026.01.23 16:00:00	USDJPY.i	H1	158.263	158.165	157.143	156.378	155.494	158.978	0	0	0
635	2026.01.23 17:00:00	USDJPY.i	H1	158.114	157.143	156.378	155.494	154.419	158.165	158.978	0	0
636	2026.01.23 18:00:00	USDJPY.i	H1	157.566	157.143	156.378	155.494	154.419	158.165	158.978	0	0
637	2026.01.23 19:00:00	USDJPY.i	H1	156.359	155.494	154.419	153.484	152.621	156.378	157.143	158.165	158.978
638	2026.01.23 20:00:00	USDJPY.i	H1	156.167	155.494	154.419	153.484	152.621	156.378	157.143	158.165	158.978
639	2026.01.23 21:00:00	USDJPY.i	H1	155.890	155.494	154.419	153.484	152.621	156.378	157.143	158.165	158.978
640	2026.01.23 22:00:00	USDJPY.i	H1	155.818	155.494	154.419	153.484	152.621	156.378	157.143	158.165	158.978
641	2026.01.23 23:00:00	USDJPY.i	H1	155.707	155.494	154.419	153.484	152.621	156.378	157.143	158.165	158.978
642	2026.01.26 00:00:00	USDJPY.i	H1	154.540	154.419	153.484	152.621	0	155.494	156.378	157.143	158.165
643	2026.01.26 01:00:00	USDJPY.i	H1	155.150	154.419	153.484	152.621	0	155.494	156.378	157.143	158.165
644	2026.01.26 02:00:00	USDJPY.i	H1	154.842	154.419	153.484	152.621	0	155.494	156.378	157.143	158.165
645	2026.01.26 03:00:00	USDJPY.i	H1	154.426	154.419	153.484	152.621	0	155.494	156.378	157.143	158.165
646	2026.01.26 04:00:00	USDJPY.i	H1	153.994	153.484	152.621	0	0	154.419	155.494	156.378	157.143
647	2026.01.26 05:00:00	USDJPY.i	H1	154.212	153.484	152.621	0	0	154.419	155.494	156.378	157.143
648	2026.01.26 06:00:00	USDJPY.i	H1	154.034	153.484	152.621	0	0	154.419	155.494	156.378	157.143
649	2026.01.26 07:00:00	USDJPY.i	H1	154.108	153.484	152.621	0	0	154.419	155.494	156.378	157.143
650	2026.01.26 08:00:00	USDJPY.i	H1	154.246	153.484	152.621	0	0	154.419	155.494	156.378	157.143
651	2026.01.26 09:00:00	USDJPY.i	H1	154.248	153.484	152.621	0	0	154.419	155.494	156.378	157.143
652	2026.01.26 10:00:00	USDJPY.i	H1	153.920	153.484	152.621	0	0	154.419	155.494	156.378	157.143
653	2026.01.26 11:00:00	USDJPY.i	H1	153.671	153.484	152.621	0	0	154.419	155.494	156.378	157.143
654	2026.01.26 12:00:00	USDJPY.i	H1	153.560	153.484	152.621	0	0	154.419	155.494	156.378	157.143
655	2026.01.26 13:00:00	USDJPY.i	H1	153.739	153.484	152.621	0	0	154.419	155.494	156.378	157.143
656	2026.01.26 14:00:00	USDJPY.i	H1	154.133	153.484	152.621	0	0	154.419	155.494	156.378	157.143
657	2026.01.26 15:00:00	USDJPY.i	H1	154.060	153.484	152.621	0	0	154.419	155.494	156.378	157.143
658	2026.01.26 16:00:00	USDJPY.i	H1	153.741	153.484	152.621	0	0	154.419	155.494	156.378	157.143
659	2026.01.26 17:00:00	USDJPY.i	H1	153.804	153.484	152.621	0	0	154.419	155.494	156.378	157.143
660	2026.01.26 18:00:00	USDJPY.i	H1	153.886	153.484	152.621	0	0	154.419	155.494	156.378	157.143
661	2026.01.26 19:00:00	USDJPY.i	H1	153.973	153.484	152.621	0	0	154.419	155.494	156.378	157.143
662	2026.01.26 20:00:00	USDJPY.i	H1	154.163	153.484	152.621	0	0	154.419	155.494	156.378	157.143
663	2026.01.26 21:00:00	USDJPY.i	H1	154.040	153.484	152.621	0	0	154.419	155.494	156.378	157.143
664	2026.01.26 22:00:00	USDJPY.i	H1	154.088	153.484	152.621	0	0	154.419	155.494	156.378	157.143
665	2026.01.26 23:00:00	USDJPY.i	H1	154.204	153.484	152.621	0	0	154.419	155.494	156.378	157.143
666	2026.01.27 00:00:00	USDJPY.i	H1	154.129	153.484	152.621	0	0	154.419	155.494	156.378	157.143
667	2026.01.27 01:00:00	USDJPY.i	H1	154.389	153.484	152.621	0	0	154.419	155.494	156.378	157.143
668	2026.01.27 02:00:00	USDJPY.i	H1	154.291	153.484	152.621	0	0	154.419	155.494	156.378	157.143
669	2026.01.27 03:00:00	USDJPY.i	H1	154.348	153.484	152.621	0	0	154.419	155.494	156.378	157.143
670	2026.01.27 04:00:00	USDJPY.i	H1	154.261	153.484	152.621	0	0	154.419	155.494	156.378	157.143
671	2026.01.27 05:00:00	USDJPY.i	H1	154.418	153.484	152.621	0	0	154.419	155.494	156.378	157.143
672	2026.01.27 06:00:00	USDJPY.i	H1	154.594	154.419	153.484	152.621	0	155.494	156.378	157.143	158.165
673	2026.01.27 07:00:00	USDJPY.i	H1	154.504	154.419	153.484	152.621	0	155.494	156.378	157.143	158.165
674	2026.01.27 08:00:00	USDJPY.i	H1	154.534	154.419	153.484	152.621	0	155.494	156.378	157.143	158.165
675	2026.01.27 09:00:00	USDJPY.i	H1	154.734	154.419	153.484	152.621	0	155.494	156.378	157.143	158.165
676	2026.01.27 10:00:00	USDJPY.i	H1	154.706	154.419	153.484	152.621	0	155.494	156.378	157.143	158.165
677	2026.01.27 11:00:00	USDJPY.i	H1	153.743	153.484	152.621	0	0	154.419	155.494	156.378	157.143
678	2026.01.27 12:00:00	USDJPY.i	H1	153.744	153.484	152.621	0	0	154.419	155.494	156.378	157.143
679	2026.01.27 13:00:00	USDJPY.i	H1	153.730	153.484	152.621	0	0	154.419	155.494	156.378	157.143
680	2026.01.27 14:00:00	USDJPY.i	H1	153.305	152.621	0	0	0	153.484	154.419	155.494	156.378
681	2026.01.27 15:00:00	USDJPY.i	H1	153.256	152.621	0	0	0	153.484	154.419	155.494	156.378
682	2026.01.27 16:00:00	USDJPY.i	H1	153.220	152.621	0	0	0	153.484	154.419	155.494	156.378
683	2026.01.27 17:00:00	USDJPY.i	H1	153.244	152.621	0	0	0	153.484	154.419	155.494	156.378
684	2026.01.27 18:00:00	USDJPY.i	H1	153.043	152.621	0	0	0	153.484	154.419	155.494	156.378
685	2026.01.27 19:00:00	USDJPY.i	H1	152.767	152.621	0	0	0	153.484	154.419	155.494	156.378
686	2026.01.27 20:00:00	USDJPY.i	H1	152.765	152.621	0	0	0	153.484	154.419	155.494	156.378
687	2026.01.27 21:00:00	USDJPY.i	H1	152.715	152.621	0	0	0	153.484	154.419	155.494	156.378
688	2026.01.27 22:00:00	USDJPY.i	H1	152.381	0	0	0	0	152.621	153.484	154.419	155.494
689	2026.01.27 23:00:00	USDJPY.i	H1	152.165	0	0	0	0	152.621	153.484	154.419	155.494
690	2026.01.28 00:00:00	USDJPY.i	H1	152.280	0	0	0	0	152.621	153.484	154.419	155.494
691	2026.01.28 01:00:00	USDJPY.i	H1	152.496	0	0	0	0	152.621	153.484	154.419	155.494
692	2026.01.28 02:00:00	USDJPY.i	H1	152.637	152.621	0	0	0	153.484	154.419	155.494	156.378
693	2026.01.28 03:00:00	USDJPY.i	H1	152.990	152.621	0	0	0	153.484	154.419	155.494	156.378
694	2026.01.28 04:00:00	USDJPY.i	H1	152.842	152.621	0	0	0	153.484	154.419	155.494	156.378
695	2026.01.28 05:00:00	USDJPY.i	H1	152.725	152.621	0	0	0	153.484	154.419	155.494	156.378
696	2026.01.28 06:00:00	USDJPY.i	H1	152.562	0	0	0	0	152.621	153.484	154.419	155.494
697	2026.01.28 07:00:00	USDJPY.i	H1	152.626	152.621	0	0	0	153.484	154.419	155.494	156.378
698	2026.01.28 08:00:00	USDJPY.i	H1	152.652	152.621	0	0	0	153.484	154.419	155.494	156.378
699	2026.01.28 09:00:00	USDJPY.i	H1	152.650	152.621	0	0	0	153.484	154.419	155.494	156.378
700	2026.01.28 10:00:00	USDJPY.i	H1	152.636	152.621	0	0	0	153.484	154.419	155.494	156.378
701	2026.01.28 11:00:00	USDJPY.i	H1	152.715	152.621	0	0	0	153.484	154.419	155.494	156.378
702	2026.01.28 12:00:00	USDJPY.i	H1	152.571	0	0	0	0	152.621	153.484	154.419	155.494
703	2026.01.28 13:00:00	USDJPY.i	H1	152.606	0	0	0	0	152.621	153.484	154.419	155.494
704	2026.01.28 14:00:00	USDJPY.i	H1	152.570	0	0	0	0	152.621	153.484	154.419	155.494
705	2026.01.28 15:00:00	USDJPY.i	H1	152.849	152.621	0	0	0	153.484	154.419	155.494	156.378
706	2026.01.28 16:00:00	USDJPY.i	H1	152.811	152.621	0	0	0	153.484	154.419	155.494	156.378
707	2026.01.28 17:00:00	USDJPY.i	H1	153.463	152.621	0	0	0	153.484	154.419	155.494	156.378
708	2026.01.28 18:00:00	USDJPY.i	H1	153.618	153.484	152.621	0	0	154.419	155.494	156.378	157.143
709	2026.01.28 19:00:00	USDJPY.i	H1	153.531	153.484	152.621	0	0	154.419	155.494	156.378	157.143
710	2026.01.28 20:00:00	USDJPY.i	H1	153.841	153.484	152.621	0	0	154.419	155.494	156.378	157.143
711	2026.01.28 21:00:00	USDJPY.i	H1	153.492	153.484	152.621	0	0	154.419	155.494	156.378	157.143
712	2026.01.28 22:00:00	USDJPY.i	H1	153.379	152.621	0	0	0	153.484	154.419	155.494	156.378
713	2026.01.28 23:00:00	USDJPY.i	H1	153.390	152.621	0	0	0	153.484	154.419	155.494	156.378
714	2026.01.29 00:00:00	USDJPY.i	H1	153.410	152.621	0	0	0	153.484	154.419	155.494	156.378
715	2026.01.29 01:00:00	USDJPY.i	H1	153.082	152.621	0	0	0	153.484	154.419	155.494	156.378
716	2026.01.29 02:00:00	USDJPY.i	H1	153.095	152.621	0	0	0	153.484	154.419	155.494	156.378
717	2026.01.29 03:00:00	USDJPY.i	H1	153.260	152.621	0	0	0	153.484	154.419	155.494	156.378
718	2026.01.29 04:00:00	USDJPY.i	H1	153.117	152.621	0	0	0	153.484	154.419	155.494	156.378
719	2026.01.29 05:00:00	USDJPY.i	H1	152.927	152.621	0	0	0	153.484	154.419	155.494	156.378
720	2026.01.29 06:00:00	USDJPY.i	H1	152.976	152.621	0	0	0	153.484	154.419	155.494	156.378
721	2026.01.29 07:00:00	USDJPY.i	H1	153.021	152.621	0	0	0	153.484	154.419	155.494	156.378
722	2026.01.29 08:00:00	USDJPY.i	H1	153.048	152.621	0	0	0	153.484	154.419	155.494	156.378
723	2026.01.29 09:00:00	USDJPY.i	H1	153.311	152.621	0	0	0	153.484	154.419	155.494	156.378
724	2026.01.29 10:00:00	USDJPY.i	H1	153.322	152.621	0	0	0	153.484	154.419	155.494	156.378
725	2026.01.29 11:00:00	USDJPY.i	H1	153.315	152.621	0	0	0	153.484	154.419	155.494	156.378
726	2026.01.29 12:00:00	USDJPY.i	H1	153.435	152.621	0	0	0	153.484	154.419	155.494	156.378
727	2026.01.29 13:00:00	USDJPY.i	H1	153.464	152.621	0	0	0	153.484	154.419	155.494	156.378
728	2026.01.29 14:00:00	USDJPY.i	H1	153.224	152.621	0	0	0	153.484	154.419	155.494	156.378
729	2026.01.29 15:00:00	USDJPY.i	H1	153.334	152.621	0	0	0	153.484	154.419	155.494	156.378
730	2026.01.29 16:00:00	USDJPY.i	H1	153.071	152.621	0	0	0	153.484	154.419	155.494	156.378
731	2026.01.29 17:00:00	USDJPY.i	H1	152.811	152.621	0	0	0	153.484	154.419	155.494	156.378
732	2026.01.29 18:00:00	USDJPY.i	H1	152.891	152.621	0	0	0	153.484	154.419	155.494	156.378
733	2026.01.29 19:00:00	USDJPY.i	H1	152.902	152.621	0	0	0	153.484	154.419	155.494	156.378
734	2026.01.29 20:00:00	USDJPY.i	H1	153.018	152.621	0	0	0	153.484	154.419	155.494	156.378
735	2026.01.29 21:00:00	USDJPY.i	H1	153.077	152.621	0	0	0	153.484	154.419	155.494	156.378
736	2026.01.29 22:00:00	USDJPY.i	H1	153.115	152.621	0	0	0	153.484	154.419	155.494	156.378
737	2026.01.29 23:00:00	USDJPY.i	H1	153.097	152.621	0	0	0	153.484	154.419	155.494	156.378
738	2026.01.30 00:00:00	USDJPY.i	H1	153.002	152.621	0	0	0	153.484	154.419	155.494	156.378
739	2026.01.30 01:00:00	USDJPY.i	H1	153.141	152.621	0	0	0	153.484	154.419	155.494	156.378
740	2026.01.30 02:00:00	USDJPY.i	H1	153.503	153.484	152.621	0	0	154.419	155.494	156.378	157.143
741	2026.01.30 03:00:00	USDJPY.i	H1	153.757	153.484	152.621	0	0	154.419	155.494	156.378	157.143
742	2026.01.30 04:00:00	USDJPY.i	H1	153.806	153.484	152.621	0	0	154.419	155.494	156.378	157.143
743	2026.01.30 05:00:00	USDJPY.i	H1	153.953	153.484	152.621	0	0	154.419	155.494	156.378	157.143
744	2026.01.30 06:00:00	USDJPY.i	H1	153.925	153.484	152.621	0	0	154.419	155.494	156.378	157.143
745	2026.01.30 07:00:00	USDJPY.i	H1	153.917	153.484	152.621	0	0	154.419	155.494	156.378	157.143
746	2026.01.30 08:00:00	USDJPY.i	H1	153.905	153.484	152.621	0	0	154.419	155.494	156.378	157.143
747	2026.01.30 09:00:00	USDJPY.i	H1	153.807	153.484	152.621	0	0	154.419	155.494	156.378	157.143
748	2026.01.30 10:00:00	USDJPY.i	H1	153.941	153.484	152.621	0	0	154.419	155.494	156.378	157.143
749	2026.01.30 11:00:00	USDJPY.i	H1	154.280	153.484	152.621	0	0	154.419	155.494	156.378	157.143
750	2026.01.30 12:00:00	USDJPY.i	H1	154.165	153.484	152.621	0	0	154.419	155.494	156.378	157.143
751	2026.01.30 13:00:00	USDJPY.i	H1	153.860	153.484	152.621	0	0	154.419	155.494	156.378	157.143
752	2026.01.30 14:00:00	USDJPY.i	H1	154.038	153.484	152.621	0	0	154.419	155.494	156.378	157.143
753	2026.01.30 15:00:00	USDJPY.i	H1	154.367	153.484	152.621	0	0	154.419	155.494	156.378	157.143
754	2026.01.30 16:00:00	USDJPY.i	H1	154.464	154.419	153.484	152.621	0	155.494	156.378	157.143	158.165
755	2026.01.30 17:00:00	USDJPY.i	H1	154.223	153.484	152.621	0	0	154.419	155.494	156.378	157.143
756	2026.01.30 18:00:00	USDJPY.i	H1	154.335	153.484	152.621	0	0	154.419	155.494	156.378	157.143
757	2026.01.30 19:00:00	USDJPY.i	H1	154.446	154.419	153.484	152.621	0	155.494	156.378	157.143	158.165
758	2026.01.30 20:00:00	USDJPY.i	H1	154.398	153.484	152.621	0	0	154.419	155.494	156.378	157.143
759	2026.01.30 21:00:00	USDJPY.i	H1	154.546	154.419	153.484	152.621	0	155.494	156.378	157.143	158.165
760	2026.01.30 22:00:00	USDJPY.i	H1	154.763	154.419	153.484	152.621	0	155.494	156.378	157.143	158.165
761	2026.01.30 23:00:00	USDJPY.i	H1	154.753	154.419	153.484	152.621	0	155.494	156.378	157.143	158.165
762	2026.02.02 00:00:00	USDJPY.i	H1	155.207	154.419	153.484	152.621	0	155.494	156.378	157.143	158.165
763	2026.02.02 01:00:00	USDJPY.i	H1	155.228	154.419	153.484	152.621	0	155.494	156.378	157.143	158.165
764	2026.02.02 02:00:00	USDJPY.i	H1	155.233	154.419	153.484	152.621	0	155.494	156.378	157.143	158.165
765	2026.02.02 03:00:00	USDJPY.i	H1	155.038	154.419	153.484	152.621	0	155.494	156.378	157.143	158.165
766	2026.02.02 04:00:00	USDJPY.i	H1	155.139	154.419	153.484	152.621	0	155.494	156.378	157.143	158.165
767	2026.02.02 05:00:00	USDJPY.i	H1	154.975	154.419	153.484	152.621	0	155.494	156.378	157.143	158.165
768	2026.02.02 06:00:00	USDJPY.i	H1	154.838	154.419	153.484	152.621	0	155.494	156.378	157.143	158.165
769	2026.02.02 07:00:00	USDJPY.i	H1	154.892	154.419	153.484	152.621	0	155.494	156.378	157.143	158.165
770	2026.02.02 08:00:00	USDJPY.i	H1	154.595	154.419	153.484	152.621	0	155.494	156.378	157.143	158.165
771	2026.02.02 09:00:00	USDJPY.i	H1	154.905	154.419	153.484	152.621	0	155.494	156.378	157.143	158.165
772	2026.02.02 10:00:00	USDJPY.i	H1	154.972	154.419	153.484	152.621	0	155.494	156.378	157.143	158.165
773	2026.02.02 11:00:00	USDJPY.i	H1	154.774	154.419	153.484	152.621	0	155.494	156.378	157.143	158.165
774	2026.02.02 12:00:00	USDJPY.i	H1	154.759	154.419	153.484	152.621	0	155.494	156.378	157.143	158.165
775	2026.02.02 13:00:00	USDJPY.i	H1	154.754	154.419	153.484	152.621	0	155.494	156.378	157.143	158.165
776	2026.02.02 14:00:00	USDJPY.i	H1	154.940	154.419	153.484	152.621	0	155.494	156.378	157.143	158.165
777	2026.02.02 15:00:00	USDJPY.i	H1	155.224	154.419	153.484	152.621	0	155.494	156.378	157.143	158.165
778	2026.02.02 16:00:00	USDJPY.i	H1	155.307	154.419	153.484	152.621	0	155.494	156.378	157.143	158.165
779	2026.02.02 17:00:00	USDJPY.i	H1	155.668	155.494	154.419	153.484	152.621	156.378	157.143	158.165	158.978
780	2026.02.02 18:00:00	USDJPY.i	H1	155.505	155.494	154.419	153.484	152.621	156.378	157.143	158.165	158.978
781	2026.02.02 19:00:00	USDJPY.i	H1	155.506	155.494	154.419	153.484	152.621	156.378	157.143	158.165	158.978
782	2026.02.02 20:00:00	USDJPY.i	H1	155.665	155.494	154.419	153.484	152.621	156.378	157.143	158.165	158.978
783	2026.02.02 21:00:00	USDJPY.i	H1	155.626	155.494	154.419	153.484	152.621	156.378	157.143	158.165	158.978
784	2026.02.02 22:00:00	USDJPY.i	H1	155.584	155.494	154.419	153.484	152.621	156.378	157.143	158.165	158.978
785	2026.02.02 23:00:00	USDJPY.i	H1	155.584	155.494	154.419	153.484	152.621	156.378	157.143	158.165	158.978
786	2026.02.03 00:00:00	USDJPY.i	H1	155.535	155.494	154.419	153.484	152.621	156.378	157.143	158.165	158.978
787	2026.02.03 01:00:00	USDJPY.i	H1	155.469	154.419	153.484	152.621	0	155.494	156.378	157.143	158.165
788	2026.02.03 02:00:00	USDJPY.i	H1	155.471	154.419	153.484	152.621	0	155.494	156.378	157.143	158.165
789	2026.02.03 03:00:00	USDJPY.i	H1	155.472	154.419	153.484	152.621	0	155.494	156.378	157.143	158.165
790	2026.02.03 04:00:00	USDJPY.i	H1	155.539	155.494	154.419	153.484	152.621	156.378	157.143	158.165	158.978
791	2026.02.03 05:00:00	USDJPY.i	H1	155.475	154.419	153.484	152.621	0	155.494	156.378	157.143	158.165
792	2026.02.03 06:00:00	USDJPY.i	H1	155.413	154.419	153.484	152.621	0	155.494	156.378	157.143	158.165
793	2026.02.03 07:00:00	USDJPY.i	H1	155.431	154.419	153.484	152.621	0	155.494	156.378	157.143	158.165
794	2026.02.03 08:00:00	USDJPY.i	H1	155.421	154.419	153.484	152.621	0	155.494	156.378	157.143	158.165
795	2026.02.03 09:00:00	USDJPY.i	H1	155.409	154.419	153.484	152.621	0	155.494	156.378	157.143	158.165
796	2026.02.03 10:00:00	USDJPY.i	H1	155.533	155.494	154.419	153.484	152.621	156.378	157.143	158.165	158.978
797	2026.02.03 11:00:00	USDJPY.i	H1	155.874	155.494	154.419	153.484	152.621	156.378	157.143	158.165	158.978
798	2026.02.03 12:00:00	USDJPY.i	H1	155.927	155.494	154.419	153.484	152.621	156.378	157.143	158.165	158.978
799	2026.02.03 13:00:00	USDJPY.i	H1	155.951	155.494	154.419	153.484	152.621	156.378	157.143	158.165	158.978
800	2026.02.03 14:00:00	USDJPY.i	H1	155.874	155.494	154.419	153.484	152.621	156.378	157.143	158.165	158.978
801	2026.02.03 15:00:00	USDJPY.i	H1	155.886	155.494	154.419	153.484	152.621	156.378	157.143	158.165	158.978
802	2026.02.03 16:00:00	USDJPY.i	H1	155.864	155.494	154.419	153.484	152.621	156.378	157.143	158.165	158.978
803	2026.02.03 17:00:00	USDJPY.i	H1	155.714	155.494	154.419	153.484	152.621	156.378	157.143	158.165	158.978
804	2026.02.03 18:00:00	USDJPY.i	H1	155.713	155.494	154.419	153.484	152.621	156.378	157.143	158.165	158.978
805	2026.02.03 19:00:00	USDJPY.i	H1	155.723	155.494	154.419	153.484	152.621	156.378	157.143	158.165	158.978
806	2026.02.03 20:00:00	USDJPY.i	H1	155.648	155.494	154.419	153.484	152.621	156.378	157.143	158.165	158.978
807	2026.02.03 21:00:00	USDJPY.i	H1	155.776	155.494	154.419	153.484	152.621	156.378	157.143	158.165	158.978
808	2026.02.03 22:00:00	USDJPY.i	H1	155.727	155.494	154.419	153.484	152.621	156.378	157.143	158.165	158.978
809	2026.02.03 23:00:00	USDJPY.i	H1	155.763	155.494	154.419	153.484	152.621	156.378	157.143	158.165	158.978
810	2026.02.04 00:00:00	USDJPY.i	H1	155.750	155.494	154.419	153.484	152.621	156.378	157.143	158.165	158.978
811	2026.02.04 01:00:00	USDJPY.i	H1	155.804	155.494	154.419	153.484	152.621	156.378	157.143	158.165	158.978
812	2026.02.04 02:00:00	USDJPY.i	H1	156.027	155.494	154.419	153.484	152.621	156.378	157.143	158.165	158.978
813	2026.02.04 03:00:00	USDJPY.i	H1	156.137	155.494	154.419	153.484	152.621	156.378	157.143	158.165	158.978
814	2026.02.04 04:00:00	USDJPY.i	H1	156.264	155.494	154.419	153.484	152.621	156.378	157.143	158.165	158.978
815	2026.02.04 05:00:00	USDJPY.i	H1	156.320	155.494	154.419	153.484	152.621	156.378	157.143	158.165	158.978
816	2026.02.04 06:00:00	USDJPY.i	H1	156.279	155.494	154.419	153.484	152.621	156.378	157.143	158.165	158.978
817	2026.02.04 07:00:00	USDJPY.i	H1	156.299	155.494	154.419	153.484	152.621	156.378	157.143	158.165	158.978
818	2026.02.04 08:00:00	USDJPY.i	H1	156.354	155.494	154.419	153.484	152.621	156.378	157.143	158.165	158.978
819	2026.02.04 09:00:00	USDJPY.i	H1	156.422	156.378	155.494	154.419	153.484	157.143	158.165	158.978	0
820	2026.02.04 10:00:00	USDJPY.i	H1	156.466	156.378	155.494	154.419	153.484	157.143	158.165	158.978	0
821	2026.02.04 11:00:00	USDJPY.i	H1	156.644	156.378	155.494	154.419	153.484	157.143	158.165	158.978	0
822	2026.02.04 12:00:00	USDJPY.i	H1	156.736	156.378	155.494	154.419	153.484	157.143	158.165	158.978	0
823	2026.02.04 13:00:00	USDJPY.i	H1	156.817	156.378	155.494	154.419	153.484	157.143	158.165	158.978	0
824	2026.02.04 14:00:00	USDJPY.i	H1	156.628	156.378	155.494	154.419	153.484	157.143	158.165	158.978	0
825	2026.02.04 15:00:00	USDJPY.i	H1	156.478	156.378	155.494	154.419	153.484	157.143	158.165	158.978	0
826	2026.02.04 16:00:00	USDJPY.i	H1	156.445	156.378	155.494	154.419	153.484	157.143	158.165	158.978	0
827	2026.02.04 17:00:00	USDJPY.i	H1	156.654	156.378	155.494	154.419	153.484	157.143	158.165	158.978	0
828	2026.02.04 18:00:00	USDJPY.i	H1	156.620	156.378	155.494	154.419	153.484	157.143	158.165	158.978	0
829	2026.02.04 19:00:00	USDJPY.i	H1	156.673	156.378	155.494	154.419	153.484	157.143	158.165	158.978	0
830	2026.02.04 20:00:00	USDJPY.i	H1	156.780	156.378	155.494	154.419	153.484	157.143	158.165	158.978	0
831	2026.02.04 21:00:00	USDJPY.i	H1	156.822	156.378	155.494	154.419	153.484	157.143	158.165	158.978	0
832	2026.02.04 22:00:00	USDJPY.i	H1	156.926	156.378	155.494	154.419	153.484	157.143	158.165	158.978	0
833	2026.02.04 23:00:00	USDJPY.i	H1	156.870	156.378	155.494	154.419	153.484	157.143	158.165	158.978	0
834	2026.02.05 00:00:00	USDJPY.i	H1	156.821	156.378	155.494	154.419	153.484	157.143	158.165	158.978	0
835	2026.02.05 01:00:00	USDJPY.i	H1	156.907	156.378	155.494	154.419	153.484	157.143	158.165	158.978	0
836	2026.02.05 02:00:00	USDJPY.i	H1	156.786	156.378	155.494	154.419	153.484	157.143	158.165	158.978	0
837	2026.02.05 03:00:00	USDJPY.i	H1	156.863	156.378	155.494	154.419	153.484	157.143	158.165	158.978	0
838	2026.02.05 04:00:00	USDJPY.i	H1	156.884	156.378	155.494	154.419	153.484	157.143	158.165	158.978	0
839	2026.02.05 05:00:00	USDJPY.i	H1	156.796	156.378	155.494	154.419	153.484	157.143	158.165	158.978	0
840	2026.02.05 06:00:00	USDJPY.i	H1	156.816	156.378	155.494	154.419	153.484	157.143	158.165	158.978	0
841	2026.02.05 07:00:00	USDJPY.i	H1	156.979	156.378	155.494	154.419	153.484	157.143	158.165	158.978	0
842	2026.02.05 08:00:00	USDJPY.i	H1	157.003	156.378	155.494	154.419	153.484	157.143	158.165	158.978	0
843	2026.02.05 09:00:00	USDJPY.i	H1	157.099	156.378	155.494	154.419	153.484	157.143	158.165	158.978	0
844	2026.02.05 10:00:00	USDJPY.i	H1	157.006	156.378	155.494	154.419	153.484	157.143	158.165	158.978	0
845	2026.02.05 11:00:00	USDJPY.i	H1	157.330	157.143	156.378	155.494	154.419	158.165	158.978	0	0
846	2026.02.05 12:00:00	USDJPY.i	H1	157.245	157.143	156.378	155.494	154.419	158.165	158.978	0	0
847	2026.02.05 13:00:00	USDJPY.i	H1	157.150	157.143	156.378	155.494	154.419	158.165	158.978	0	0
848	2026.02.05 14:00:00	USDJPY.i	H1	156.951	156.378	155.494	154.419	153.484	157.143	158.165	158.978	0
849	2026.02.05 15:00:00	USDJPY.i	H1	156.595	156.378	155.494	154.419	153.484	157.143	158.165	158.978	0
850	2026.02.05 16:00:00	USDJPY.i	H1	156.882	156.378	155.494	154.419	153.484	157.143	158.165	158.978	0
851	2026.02.05 17:00:00	USDJPY.i	H1	156.835	156.378	155.494	154.419	153.484	157.143	158.165	158.978	0
852	2026.02.05 18:00:00	USDJPY.i	H1	156.916	156.378	155.494	154.419	153.484	157.143	158.165	158.978	0
853	2026.02.05 19:00:00	USDJPY.i	H1	156.806	156.378	155.494	154.419	153.484	157.143	158.165	158.978	0
854	2026.02.05 20:00:00	USDJPY.i	H1	156.848	156.378	155.494	154.419	153.484	157.143	158.165	158.978	0
855	2026.02.05 21:00:00	USDJPY.i	H1	156.901	156.378	155.494	154.419	153.484	157.143	158.165	158.978	0
856	2026.02.05 22:00:00	USDJPY.i	H1	157.045	156.378	155.494	154.419	153.484	157.143	158.165	158.978	0
857	2026.02.05 23:00:00	USDJPY.i	H1	157.025	156.378	155.494	154.419	153.484	157.143	158.165	158.978	0
858	2026.02.06 00:00:00	USDJPY.i	H1	157.011	156.378	155.494	154.419	153.484	157.143	158.165	158.978	0
859	2026.02.06 01:00:00	USDJPY.i	H1	156.804	156.378	155.494	154.419	153.484	157.143	158.165	158.978	0
860	2026.02.06 02:00:00	USDJPY.i	H1	156.652	156.378	155.494	154.419	153.484	157.143	158.165	158.978	0
861	2026.02.06 03:00:00	USDJPY.i	H1	156.661	156.378	155.494	154.419	153.484	157.143	158.165	158.978	0
862	2026.02.06 04:00:00	USDJPY.i	H1	156.734	156.378	155.494	154.419	153.484	157.143	158.165	158.978	0
863	2026.02.06 05:00:00	USDJPY.i	H1	156.737	156.378	155.494	154.419	153.484	157.143	158.165	158.978	0
864	2026.02.06 06:00:00	USDJPY.i	H1	156.647	156.378	155.494	154.419	153.484	157.143	158.165	158.978	0
865	2026.02.06 07:00:00	USDJPY.i	H1	156.760	156.378	155.494	154.419	153.484	157.143	158.165	158.978	0
866	2026.02.06 08:00:00	USDJPY.i	H1	156.788	156.378	155.494	154.419	153.484	157.143	158.165	158.978	0
867	2026.02.06 09:00:00	USDJPY.i	H1	156.891	156.378	155.494	154.419	153.484	157.143	158.165	158.978	0
868	2026.02.06 10:00:00	USDJPY.i	H1	156.990	156.378	155.494	154.419	153.484	157.143	158.165	158.978	0
869	2026.02.06 11:00:00	USDJPY.i	H1	157.052	156.378	155.494	154.419	153.484	157.143	158.165	158.978	0
870	2026.02.06 12:00:00	USDJPY.i	H1	156.959	156.378	155.494	154.419	153.484	157.143	158.165	158.978	0
871	2026.02.06 13:00:00	USDJPY.i	H1	157.046	156.378	155.494	154.419	153.484	157.143	158.165	158.978	0
872	2026.02.06 14:00:00	USDJPY.i	H1	157.080	156.378	155.494	154.419	153.484	157.143	158.165	158.978	0
873	2026.02.06 15:00:00	USDJPY.i	H1	156.935	156.378	155.494	154.419	153.484	157.143	158.165	158.978	0
874	2026.02.06 16:00:00	USDJPY.i	H1	156.861	156.378	155.494	154.419	153.484	157.143	158.165	158.978	0
875	2026.02.06 17:00:00	USDJPY.i	H1	156.837	156.378	155.494	154.419	153.484	157.143	158.165	158.978	0
876	2026.02.06 18:00:00	USDJPY.i	H1	157.102	156.378	155.494	154.419	153.484	157.143	158.165	158.978	0
877	2026.02.06 19:00:00	USDJPY.i	H1	157.053	156.378	155.494	154.419	153.484	157.143	158.165	158.978	0
878	2026.02.06 20:00:00	USDJPY.i	H1	157.087	156.378	155.494	154.419	153.484	157.143	158.165	158.978	0
879	2026.02.06 21:00:00	USDJPY.i	H1	157.104	156.378	155.494	154.419	153.484	157.143	158.165	158.978	0
880	2026.02.06 22:00:00	USDJPY.i	H1	157.104	156.378	155.494	154.419	153.484	157.143	158.165	158.978	0
881	2026.02.06 23:00:00	USDJPY.i	H1	157.205	157.143	156.378	155.494	154.419	158.165	158.978	0	0
882	2026.02.09 00:00:00	USDJPY.i	H1	157.395	157.143	156.378	155.494	154.419	158.165	158.978	0	0
883	2026.02.09 01:00:00	USDJPY.i	H1	157.255	157.143	156.378	155.494	154.419	158.165	158.978	0	0
884	2026.02.09 02:00:00	USDJPY.i	H1	156.886	156.378	155.494	154.419	153.484	157.143	158.165	158.978	0
885	2026.02.09 03:00:00	USDJPY.i	H1	156.630	156.378	155.494	154.419	153.484	157.143	158.165	158.978	0
886	2026.02.09 04:00:00	USDJPY.i	H1	156.836	156.378	155.494	154.419	153.484	157.143	158.165	158.978	0
887	2026.02.09 05:00:00	USDJPY.i	H1	156.871	156.378	155.494	154.419	153.484	157.143	158.165	158.978	0
888	2026.02.09 06:00:00	USDJPY.i	H1	156.693	156.378	155.494	154.419	153.484	157.143	158.165	158.978	0
889	2026.02.09 07:00:00	USDJPY.i	H1	156.612	156.378	155.494	154.419	153.484	157.143	158.165	158.978	0
890	2026.02.09 08:00:00	USDJPY.i	H1	156.524	156.378	155.494	154.419	153.484	157.143	158.165	158.978	0
891	2026.02.09 09:00:00	USDJPY.i	H1	156.599	156.378	155.494	154.419	153.484	157.143	158.165	158.978	0
892	2026.02.09 10:00:00	USDJPY.i	H1	156.592	156.378	155.494	154.419	153.484	157.143	158.165	158.978	0
893	2026.02.09 11:00:00	USDJPY.i	H1	156.643	156.378	155.494	154.419	153.484	157.143	158.165	158.978	0
894	2026.02.09 12:00:00	USDJPY.i	H1	156.682	156.378	155.494	154.419	153.484	157.143	158.165	158.978	0
895	2026.02.09 13:00:00	USDJPY.i	H1	156.462	156.378	155.494	154.419	153.484	157.143	158.165	158.978	0
896	2026.02.09 14:00:00	USDJPY.i	H1	156.382	156.378	155.494	154.419	153.484	157.143	158.165	158.978	0
897	2026.02.09 15:00:00	USDJPY.i	H1	155.932	155.494	154.419	153.484	152.621	156.378	157.143	158.165	158.978
898	2026.02.09 16:00:00	USDJPY.i	H1	155.609	155.494	154.419	153.484	152.621	156.378	157.143	158.165	158.978
899	2026.02.09 17:00:00	USDJPY.i	H1	155.851	155.494	154.419	153.484	152.621	156.378	157.143	158.165	158.978
900	2026.02.09 18:00:00	USDJPY.i	H1	156.089	155.494	154.419	153.484	152.621	156.378	157.143	158.165	158.978
901	2026.02.09 19:00:00	USDJPY.i	H1	155.964	155.494	154.419	153.484	152.621	156.378	157.143	158.165	158.978
902	2026.02.09 20:00:00	USDJPY.i	H1	155.908	155.494	154.419	153.484	152.621	156.378	157.143	158.165	158.978
903	2026.02.09 21:00:00	USDJPY.i	H1	155.712	155.494	154.419	153.484	152.621	156.378	157.143	158.165	158.978
904	2026.02.09 22:00:00	USDJPY.i	H1	155.879	155.494	154.419	153.484	152.621	156.378	157.143	158.165	158.978
905	2026.02.09 23:00:00	USDJPY.i	H1	155.893	155.494	154.419	153.484	152.621	156.378	157.143	158.165	158.978
906	2026.02.10 00:00:00	USDJPY.i	H1	155.827	155.494	154.419	153.484	152.621	156.378	157.143	158.165	158.978
907	2026.02.10 01:00:00	USDJPY.i	H1	156.125	155.494	154.419	153.484	152.621	156.378	157.143	158.165	158.978
908	2026.02.10 02:00:00	USDJPY.i	H1	155.984	155.494	154.419	153.484	152.621	156.378	157.143	158.165	158.978
909	2026.02.10 03:00:00	USDJPY.i	H1	155.733	155.494	154.419	153.484	152.621	156.378	157.143	158.165	158.978
910	2026.02.10 04:00:00	USDJPY.i	H1	155.372	154.419	153.484	152.621	0	155.494	156.378	157.143	158.165
911	2026.02.10 05:00:00	USDJPY.i	H1	155.329	154.419	153.484	152.621	0	155.494	156.378	157.143	158.165
912	2026.02.10 06:00:00	USDJPY.i	H1	155.265	154.419	153.484	152.621	0	155.494	156.378	157.143	158.165
913	2026.02.10 07:00:00	USDJPY.i	H1	155.308	154.419	153.484	152.621	0	155.494	156.378	157.143	158.165
914	2026.02.10 08:00:00	USDJPY.i	H1	155.411	154.419	153.484	152.621	0	155.494	156.378	157.143	158.165
915	2026.02.10 09:00:00	USDJPY.i	H1	155.562	155.494	154.419	153.484	152.621	156.378	157.143	158.165	158.978
916	2026.02.10 10:00:00	USDJPY.i	H1	155.554	155.494	154.419	153.484	152.621	156.378	157.143	158.165	158.978
917	2026.02.10 11:00:00	USDJPY.i	H1	155.282	154.419	153.484	152.621	0	155.494	156.378	157.143	158.165
918	2026.02.10 12:00:00	USDJPY.i	H1	155.140	154.419	153.484	152.621	0	155.494	156.378	157.143	158.165
919	2026.02.10 13:00:00	USDJPY.i	H1	155.271	154.419	153.484	152.621	0	155.494	156.378	157.143	158.165
920	2026.02.10 14:00:00	USDJPY.i	H1	155.176	154.419	153.484	152.621	0	155.494	156.378	157.143	158.165
921	2026.02.10 15:00:00	USDJPY.i	H1	154.760	154.419	153.484	152.621	0	155.494	156.378	157.143	158.165
922	2026.02.10 16:00:00	USDJPY.i	H1	154.391	153.484	152.621	0	0	154.419	155.494	156.378	157.143
923	2026.02.10 17:00:00	USDJPY.i	H1	154.212	153.484	152.621	0	0	154.419	155.494	156.378	157.143
924	2026.02.10 18:00:00	USDJPY.i	H1	154.287	153.484	152.621	0	0	154.419	155.494	156.378	157.143
925	2026.02.10 19:00:00	USDJPY.i	H1	154.380	153.484	152.621	0	0	154.419	155.494	156.378	157.143
926	2026.02.10 20:00:00	USDJPY.i	H1	154.501	154.419	153.484	152.621	0	155.494	156.378	157.143	158.165
927	2026.02.10 21:00:00	USDJPY.i	H1	154.317	153.484	152.621	0	0	154.419	155.494	156.378	157.143
928	2026.02.10 22:00:00	USDJPY.i	H1	154.344	153.484	152.621	0	0	154.419	155.494	156.378	157.143
929	2026.02.10 23:00:00	USDJPY.i	H1	154.386	153.484	152.621	0	0	154.419	155.494	156.378	157.143
930	2026.02.11 00:00:00	USDJPY.i	H1	154.393	153.484	152.621	0	0	154.419	155.494	156.378	157.143
931	2026.02.11 01:00:00	USDJPY.i	H1	154.502	154.419	153.484	152.621	0	155.494	156.378	157.143	158.165
932	2026.02.11 02:00:00	USDJPY.i	H1	154.050	153.484	152.621	0	0	154.419	155.494	156.378	157.143
933	2026.02.11 03:00:00	USDJPY.i	H1	153.981	153.484	152.621	0	0	154.419	155.494	156.378	157.143
934	2026.02.11 04:00:00	USDJPY.i	H1	153.616	153.484	152.621	0	0	154.419	155.494	156.378	157.143
935	2026.02.11 05:00:00	USDJPY.i	H1	153.560	153.484	152.621	0	0	154.419	155.494	156.378	157.143
936	2026.02.11 06:00:00	USDJPY.i	H1	153.314	152.621	0	0	0	153.484	154.419	155.494	156.378
937	2026.02.11 07:00:00	USDJPY.i	H1	153.039	152.621	0	0	0	153.484	154.419	155.494	156.378
938	2026.02.11 08:00:00	USDJPY.i	H1	153.143	152.621	0	0	0	153.484	154.419	155.494	156.378
939	2026.02.11 09:00:00	USDJPY.i	H1	153.108	152.621	0	0	0	153.484	154.419	155.494	156.378
940	2026.02.11 10:00:00	USDJPY.i	H1	153.147	152.621	0	0	0	153.484	154.419	155.494	156.378
941	2026.02.11 11:00:00	USDJPY.i	H1	153.206	152.621	0	0	0	153.484	154.419	155.494	156.378
942	2026.02.11 12:00:00	USDJPY.i	H1	153.311	152.621	0	0	0	153.484	154.419	155.494	156.378
943	2026.02.11 13:00:00	USDJPY.i	H1	153.495	153.484	152.621	0	0	154.419	155.494	156.378	157.143
944	2026.02.11 14:00:00	USDJPY.i	H1	153.600	153.484	152.621	0	0	154.419	155.494	156.378	157.143
945	2026.02.11 15:00:00	USDJPY.i	H1	153.833	153.484	152.621	0	0	154.419	155.494	156.378	157.143
946	2026.02.11 16:00:00	USDJPY.i	H1	153.437	152.621	0	0	0	153.484	154.419	155.494	156.378
947	2026.02.11 17:00:00	USDJPY.i	H1	153.620	153.484	152.621	0	0	154.419	155.494	156.378	157.143
948	2026.02.11 18:00:00	USDJPY.i	H1	152.936	152.621	0	0	0	153.484	154.419	155.494	156.378
949	2026.02.11 19:00:00	USDJPY.i	H1	152.828	152.621	0	0	0	153.484	154.419	155.494	156.378
950	2026.02.11 20:00:00	USDJPY.i	H1	152.703	152.621	0	0	0	153.484	154.419	155.494	156.378
951	2026.02.11 21:00:00	USDJPY.i	H1	152.944	152.621	0	0	0	153.484	154.419	155.494	156.378
952	2026.02.11 22:00:00	USDJPY.i	H1	153.216	152.621	0	0	0	153.484	154.419	155.494	156.378
953	2026.02.11 23:00:00	USDJPY.i	H1	153.263	152.621	0	0	0	153.484	154.419	155.494	156.378
954	2026.02.12 00:00:00	USDJPY.i	H1	153.107	152.621	0	0	0	153.484	154.419	155.494	156.378
955	2026.02.12 01:00:00	USDJPY.i	H1	153.269	152.621	0	0	0	153.484	154.419	155.494	156.378
956	2026.02.12 02:00:00	USDJPY.i	H1	153.111	152.621	0	0	0	153.484	154.419	155.494	156.378
957	2026.02.12 03:00:00	USDJPY.i	H1	152.855	152.621	0	0	0	153.484	154.419	155.494	156.378
958	2026.02.12 04:00:00	USDJPY.i	H1	152.541	0	0	0	0	152.621	153.484	154.419	155.494
959	2026.02.12 05:00:00	USDJPY.i	H1	152.559	0	0	0	0	152.621	153.484	154.419	155.494
960	2026.02.12 06:00:00	USDJPY.i	H1	152.857	152.621	0	0	0	153.484	154.419	155.494	156.378
961	2026.02.12 07:00:00	USDJPY.i	H1	153.104	152.621	0	0	0	153.484	154.419	155.494	156.378
962	2026.02.12 08:00:00	USDJPY.i	H1	153.314	152.621	0	0	0	153.484	154.419	155.494	156.378
963	2026.02.12 09:00:00	USDJPY.i	H1	153.035	152.621	0	0	0	153.484	154.419	155.494	156.378
964	2026.02.12 10:00:00	USDJPY.i	H1	152.919	152.621	0	0	0	153.484	154.419	155.494	156.378
965	2026.02.12 11:00:00	USDJPY.i	H1	152.917	152.621	0	0	0	153.484	154.419	155.494	156.378
966	2026.02.12 12:00:00	USDJPY.i	H1	153.117	152.621	0	0	0	153.484	154.419	155.494	156.378
967	2026.02.12 13:00:00	USDJPY.i	H1	153.314	152.621	0	0	0	153.484	154.419	155.494	156.378
968	2026.02.12 14:00:00	USDJPY.i	H1	153.667	153.484	152.621	0	0	154.419	155.494	156.378	157.143
969	2026.02.12 15:00:00	USDJPY.i	H1	153.266	152.621	0	0	0	153.484	154.419	155.494	156.378
970	2026.02.12 16:00:00	USDJPY.i	H1	153.025	152.621	0	0	0	153.484	154.419	155.494	156.378
971	2026.02.12 17:00:00	USDJPY.i	H1	152.649	152.621	0	0	0	153.484	154.419	155.494	156.378
972	2026.02.12 18:00:00	USDJPY.i	H1	152.653	152.621	0	0	0	153.484	154.419	155.494	156.378
973	2026.02.12 19:00:00	USDJPY.i	H1	152.854	152.621	0	0	0	153.484	154.419	155.494	156.378
974	2026.02.12 20:00:00	USDJPY.i	H1	152.931	152.621	0	0	0	153.484	154.419	155.494	156.378
975	2026.02.12 21:00:00	USDJPY.i	H1	152.901	152.621	0	0	0	153.484	154.419	155.494	156.378
976	2026.02.12 22:00:00	USDJPY.i	H1	152.689	152.621	0	0	0	153.484	154.419	155.494	156.378
977	2026.02.12 23:00:00	USDJPY.i	H1	152.737	152.621	0	0	0	153.484	154.419	155.494	156.378
978	2026.02.13 00:00:00	USDJPY.i	H1	152.674	152.621	0	0	0	153.484	154.419	155.494	156.378
979	2026.02.13 01:00:00	USDJPY.i	H1	152.785	152.621	0	0	0	153.484	154.419	155.494	156.378
980	2026.02.13 02:00:00	USDJPY.i	H1	152.765	152.621	0	0	0	153.484	154.419	155.494	156.378
981	2026.02.13 03:00:00	USDJPY.i	H1	153.269	152.621	0	0	0	153.484	154.419	155.494	156.378
982	2026.02.13 04:00:00	USDJPY.i	H1	153.158	152.621	0	0	0	153.484	154.419	155.494	156.378
983	2026.02.13 05:00:00	USDJPY.i	H1	152.951	152.621	0	0	0	153.484	154.419	155.494	156.378
984	2026.02.13 06:00:00	USDJPY.i	H1	153.252	152.621	0	0	0	153.484	154.419	155.494	156.378
985	2026.02.13 07:00:00	USDJPY.i	H1	153.293	152.621	0	0	0	153.484	154.419	155.494	156.378
986	2026.02.13 08:00:00	USDJPY.i	H1	153.399	152.621	0	0	0	153.484	154.419	155.494	156.378
987	2026.02.13 09:00:00	USDJPY.i	H1	153.410	152.621	0	0	0	153.484	154.419	155.494	156.378
988	2026.02.13 10:00:00	USDJPY.i	H1	153.582	153.484	152.621	0	0	154.419	155.494	156.378	157.143
989	2026.02.13 11:00:00	USDJPY.i	H1	153.510	153.484	152.621	0	0	154.419	155.494	156.378	157.143
990	2026.02.13 12:00:00	USDJPY.i	H1	153.442	152.621	0	0	0	153.484	154.419	155.494	156.378
991	2026.02.13 13:00:00	USDJPY.i	H1	153.362	152.621	0	0	0	153.484	154.419	155.494	156.378
992	2026.02.13 14:00:00	USDJPY.i	H1	153.247	152.621	0	0	0	153.484	154.419	155.494	156.378
993	2026.02.13 15:00:00	USDJPY.i	H1	153.067	152.621	0	0	0	153.484	154.419	155.494	156.378
994	2026.02.13 16:00:00	USDJPY.i	H1	153.045	152.621	0	0	0	153.484	154.419	155.494	156.378
995	2026.02.13 17:00:00	USDJPY.i	H1	153.132	152.621	0	0	0	153.484	154.419	155.494	156.378
996	2026.02.13 18:00:00	USDJPY.i	H1	152.790	152.621	0	0	0	153.484	154.419	155.494	156.378
997	2026.02.13 19:00:00	USDJPY.i	H1	152.806	152.621	0	0	0	153.484	154.419	155.494	156.378
998	2026.02.13 20:00:00	USDJPY.i	H1	152.831	152.621	0	0	0	153.484	154.419	155.494	156.378
999	2026.02.13 21:00:00	USDJPY.i	H1	152.777	152.621	0	0	0	153.484	154.419	155.494	156.378
1000	2026.02.13 22:00:00	USDJPY.i	H1	152.757	152.621	0	0	0	153.484	154.419	155.494	156.378
1001	2026.02.13 23:59:50	USDJPY.i	H1	152.688	152.621	0	0	0	153.484	154.419	155.494	156.378
