timestamp	symbol	timeframe	close	kc_ultra_extreme_upper	kc_extreme_upper	kc_uppermost	kc_upper	kc_upper_middle	kc_lower_middle	kc_lower	kc_lowermost	kc_extreme_lower	kc_ultra_extreme_lower
1771866600	XAUUSD	M5	5203.74	5238.26975	5232.36728	5226.46481	5220.56234	5214.65987	5205.81138	5199.90891	5194.00644	5188.10397	5182.20150
1771866900	XAUUSD	M5	5207.00	5239.05106	5233.11161	5227.17217	5221.23272	5215.29328	5206.57427	5200.63483	5194.69539	5188.75594	5182.81650
1771867200	XAUUSD	M5	5209.53	5239.62061	5233.66431	5227.70802	5221.75172	5215.79542	5207.23856	5201.28226	5195.32597	5189.36967	5183.41337
1771867500	XAUUSD	M5	5210.26	5240.05829	5234.10866	5228.15903	5222.20940	5216.25977	5207.94540	5201.99577	5196.04614	5190.09651	5184.14688
1771867800	XAUUSD	M5	5207.93	5240.37703	5234.44407	5228.51111	5222.57815	5216.64518	5208.61180	5202.67884	5196.74588	5190.81291	5184.87995
1771868100	XAUUSD	M5	5196.53	5240.79075	5234.81415	5228.83754	5222.86094	5216.88433	5208.81819	5202.84159	5196.86498	5190.88838	5184.91177
1771868400	XAUUSD	M5	5199.50	5240.81857	5234.84394	5228.86931	5222.89469	5216.92006	5208.82070	5202.84607	5196.87144	5190.89681	5184.92218
1771868700	XAUUSD	M5	5199.64	5240.70063	5234.71396	5228.72729	5222.74063	5216.75396	5208.69173	5202.70506	5196.71839	5190.73173	5184.74506
1771869000	XAUUSD	M5	5205.15	5240.65192	5234.63494	5228.61797	5222.60099	5216.58402	5208.53995	5202.52297	5196.50600	5190.48902	5184.47205
1771869300	XAUUSD	M5	5207.93	5240.50566	5234.48461	5228.46356	5222.44251	5216.42146	5208.49557	5202.47452	5196.45347	5190.43242	5184.41137
1771869600	XAUUSD	M5	5210.03	5240.36559	5234.35522	5228.34485	5222.33448	5216.32411	5208.60090	5202.59053	5196.58016	5190.56979	5184.55942
1771869900	XAUUSD	M5	5214.29	5240.42408	5234.41174	5228.39939	5222.38705	5216.37470	5208.87229	5202.85995	5196.84760	5190.83525	5184.82291
1771870200	XAUUSD	M5	5213.44	5240.61543	5234.60124	5228.58704	5222.57284	5216.55864	5209.33086	5203.31666	5197.30247	5191.28827	5185.27407
1771870500	XAUUSD	M5	5207.98	5240.87377	5234.84254	5228.81130	5222.78007	5216.74883	5209.75618	5203.72495	5197.69371	5191.66248	5185.63125
1771870800	XAUUSD	M5	5206.36	5241.18321	5235.12438	5229.06556	5223.00673	5216.94790	5210.11259	5204.05376	5197.99494	5191.93611	5185.87728
1771871100	XAUUSD	M5	5206.12	5241.36078	5235.27349	5229.18621	5223.09893	5217.01164	5210.28481	5204.19753	5198.11025	5192.02296	5185.93568
1771871400	XAUUSD	M5	5208.20	5241.33926	5235.26426	5229.18926	5223.11426	5217.03926	5210.44221	5204.36721	5198.29221	5192.21721	5186.14221
1771871700	XAUUSD	M5	5208.85	5241.44950	5235.36493	5229.28036	5223.19579	5217.11123	5210.61932	5204.53475	5198.45018	5192.36562	5186.28105
1771872000	XAUUSD	M5	5206.47	5241.44483	5235.36600	5229.28718	5223.20835	5217.12952	5210.75675	5204.67793	5198.59910	5192.52027	5186.44145
1771872300	XAUUSD	M5	5209.31	5241.40843	5235.33219	5229.25596	5223.17972	5217.10349	5210.87799	5204.80176	5198.72552	5192.64929	5186.57305
1771872600	XAUUSD	M5	5210.55	5241.38704	5235.31376	5229.24049	5223.16722	5217.09395	5211.05186	5204.97859	5198.90531	5192.83204	5186.75877
1771872900	XAUUSD	M5	5209.60	5241.33260	5235.26717	5229.20174	5223.13631	5217.07088	5211.24677	5205.18134	5199.11590	5193.05047	5186.98504
1771873200	XAUUSD	M5	5209.32	5241.27753	5235.21081	5229.14408	5223.07735	5217.01062	5211.40487	5205.33814	5199.27141	5193.20469	5187.13796
1771873500	XAUUSD	M5	5209.55	5241.19412	5235.12603	5229.05794	5222.98986	5216.92177	5211.52897	5205.46089	5199.39280	5193.32471	5187.25663
1771873800	XAUUSD	M5	5211.41	5241.12460	5235.05806	5228.99152	5222.92497	5216.85843	5211.67307	5205.60652	5199.53998	5193.47344	5187.40690
1771874100	XAUUSD	M5	5212.34	5241.12165	5235.05794	5228.99424	5222.93053	5216.86683	5211.89514	5205.83143	5199.76773	5193.70402	5187.64032
1771874400	XAUUSD	M5	5211.58	5241.21526	5235.14551	5229.07575	5223.00600	5216.93625	5212.15014	5206.08039	5200.01064	5193.94089	5187.87113
1771874700	XAUUSD	M5	5209.15	5241.37589	5235.28175	5229.18762	5223.09348	5216.99934	5212.32494	5206.23080	5200.13667	5194.04253	5187.94839
1771875000	XAUUSD	M5	5212.28	5241.42647	5235.32856	5229.23066	5223.13276	5217.03486	5212.46396	5206.36606	5200.26816	5194.17026	5188.07236
1771875300	XAUUSD	M5	5215.09	5241.56095	5235.45101	5229.34107	5223.23114	5217.12120	5212.61228	5206.50234	5200.39240	5194.28246	5188.17252
1771875600	XAUUSD	M5	5216.92	5241.80724	5235.67668	5229.54613	5223.41557	5217.28502	5212.79683	5206.66627	5200.53572	5194.40516	5188.27460
1771875900	XAUUSD	M5	5217.27	5242.08513	5235.94593	5229.80673	5223.66753	5217.52834	5213.10180	5206.96260	5200.82340	5194.68421	5188.54501
1771876200	XAUUSD	M5	5216.23	5242.38499	5236.24141	5230.09783	5223.95425	5217.81067	5213.45925	5207.31567	5201.17209	5195.02851	5188.88493
1771876500	XAUUSD	M5	5215.53	5242.49100	5236.38699	5230.28297	5224.17896	5218.07495	5213.84806	5207.74405	5201.64004	5195.53603	5189.43201
1771876800	XAUUSD	M5	5222.46	5242.97954	5236.85484	5230.73015	5224.60546	5218.48077	5214.25466	5208.12997	5202.00528	5195.88059	5189.75590
1771877100	XAUUSD	M5	5222.72	5243.46046	5237.33873	5231.21701	5225.09528	5218.97355	5214.76619	5208.64446	5202.52274	5196.40101	5190.27928
1771877400	XAUUSD	M5	5223.05	5243.91589	5237.82459	5231.73330	5225.64200	5219.55070	5215.40278	5209.31148	5203.22018	5197.12889	5191.03759
1771877700	XAUUSD	M5	5223.88	5244.44184	5238.37629	5232.31073	5226.24518	5220.17962	5216.12310	5210.05754	5203.99199	5197.92643	5191.86087
1771878000	XAUUSD	M5	5224.41	5245.02797	5238.98297	5232.93797	5226.89297	5220.84797	5216.93156	5210.88656	5204.84156	5198.79656	5192.75156
1771878300	XAUUSD	M5	5225.01	5245.67065	5239.63861	5233.60657	5227.57453	5221.54250	5217.78171	5211.74967	5205.71763	5199.68560	5193.65356
1771878600	XAUUSD	M5	5227.75	5246.31533	5240.31675	5234.31817	5228.31959	5222.32101	5218.65991	5212.66133	5206.66275	5200.66417	5194.66559
1771878900	XAUUSD	M5	5229.24	5246.83342	5240.91700	5235.00058	5229.08416	5223.16774	5219.61063	5213.69421	5207.77779	5201.86137	5195.94495
1771879200	XAUUSD	M5	5227.62	5247.64363	5241.73894	5235.83425	5229.92956	5224.02486	5220.59116	5214.68647	5208.78178	5202.87709	5196.97240
1771879500	XAUUSD	M5	5228.63	5248.48112	5242.57730	5236.67347	5230.76964	5224.86581	5221.50602	5215.60220	5209.69837	5203.79454	5197.89071
1771879800	XAUUSD	M5	5234.08	5249.40272	5243.51229	5237.62185	5231.73142	5225.84099	5222.45241	5216.56197	5210.67154	5204.78111	5198.89068
1771880100	XAUUSD	M5	5236.35	5250.29570	5244.45601	5238.61632	5232.77663	5226.93694	5223.44690	5217.60721	5211.76752	5205.92783	5200.08814
1771880400	XAUUSD	M5	5234.74	5251.34695	5245.53047	5239.71399	5233.89751	5228.08103	5224.53476	5218.71828	5212.90180	5207.08531	5201.26883
1771880700	XAUUSD	M5	5234.29	5252.33485	5246.55040	5240.76596	5234.98151	5229.19707	5225.63842	5219.85398	5214.06953	5208.28509	5202.50065
1771881000	XAUUSD	M5	5231.07	5253.38934	5247.60311	5241.81688	5236.03064	5230.24441	5226.64526	5220.85902	5215.07279	5209.28655	5203.50032
1771881300	XAUUSD	M5	5231.25	5254.26101	5248.47793	5242.69484	5236.91175	5231.12867	5227.54342	5221.76033	5215.97724	5210.19416	5204.41107
1771881600	XAUUSD	M5	5230.38	5254.97819	5249.20751	5243.43683	5237.66615	5231.89548	5228.37427	5222.60359	5216.83292	5211.06224	5205.29156
1771881900	XAUUSD	M5	5229.90	5255.61126	5249.84478	5244.07830	5238.31182	5232.54534	5229.11393	5223.34745	5217.58097	5211.81449	5206.04801
1771882200	XAUUSD	M5	5231.61	5256.10833	5250.35685	5244.60537	5238.85389	5233.10240	5229.70114	5223.94966	5218.19817	5212.44669	5206.69521
1771882500	XAUUSD	M5	5230.14	5256.52893	5250.79930	5245.06967	5239.34004	5233.61041	5230.24398	5224.51435	5218.78473	5213.05510	5207.32547
1771882800	XAUUSD	M5	5228.85	5256.90303	5251.18099	5245.45896	5239.73692	5234.01488	5230.71494	5224.99291	5219.27087	5213.54883	5207.82680
1771883100	XAUUSD	M5	5231.41	5257.23447	5251.51453	5245.79460	5240.07466	5234.35472	5231.08762	5225.36768	5219.64775	5213.92781	5208.20787
1771883400	XAUUSD	M5	5229.11	5257.35876	5251.67895	5245.99914	5240.31932	5234.63951	5231.39998	5225.72017	5220.04035	5214.36054	5208.68072
1771883700	XAUUSD	M5	5227.66	5257.44732	5251.79793	5246.14855	5240.49917	5234.84979	5231.64430	5225.99492	5220.34554	5214.69616	5209.04677
1771887600	XAUUSD	M5	5243.55	5258.43750	5252.69046	5246.94342	5241.19639	5235.44935	5231.70285	5225.95582	5220.20878	5214.46174	5208.71470
1771887900	XAUUSD	M5	5241.43	5259.37374	5253.59380	5247.81386	5242.03393	5236.25399	5231.96983	5226.18990	5220.40996	5214.63002	5208.85008
1771888200	XAUUSD	M5	5244.75	5260.49233	5254.68517	5248.87801	5243.07085	5237.26369	5232.51319	5226.70603	5220.89886	5215.09170	5209.28454
1771888500	XAUUSD	M5	5246.84	5261.60457	5255.80636	5250.00815	5244.20994	5238.41173	5233.32188	5227.52367	5221.72546	5215.92725	5210.12904
1771888800	XAUUSD	M5	5239.49	5262.92918	5257.09745	5251.26572	5245.43399	5239.60226	5234.13942	5228.30769	5222.47596	5216.64423	5210.81251
1771889100	XAUUSD	M5	5236.76	5264.09100	5258.23168	5252.37235	5246.51303	5240.65371	5234.84565	5228.98633	5223.12701	5217.26769	5211.40837
1771889400	XAUUSD	M5	5245.97	5265.29059	5259.38781	5253.48503	5247.58225	5241.67947	5235.51004	5229.60727	5223.70449	5217.80171	5211.89893
1771889700	XAUUSD	M5	5240.97	5266.36325	5260.43874	5254.51423	5248.58973	5242.66522	5236.16837	5230.24386	5224.31936	5218.39485	5212.47034
1771890000	XAUUSD	M5	5242.63	5267.22481	5261.29123	5255.35765	5249.42407	5243.49049	5236.79849	5230.86491	5224.93133	5218.99775	5213.06417
1771890300	XAUUSD	M5	5242.32	5267.95697	5262.01697	5256.07697	5250.13697	5244.19697	5237.43710	5231.49710	5225.55710	5219.61710	5213.67710
1771890600	XAUUSD	M5	5234.64	5268.64460	5262.67855	5256.71250	5250.74645	5244.78040	5237.93966	5231.97361	5226.00756	5220.04151	5214.07546
1771890900	XAUUSD	M5	5235.72	5269.08786	5263.11156	5257.13527	5251.15897	5245.18267	5238.33395	5232.35765	5226.38135	5220.40506	5214.42876
1771891200	XAUUSD	M5	5230.28	5269.59852	5263.53827	5257.47803	5251.41778	5245.35753	5238.21907	5232.15882	5226.09857	5220.03832	5213.97808
1771891500	XAUUSD	M5	5227.91	5269.70249	5263.60712	5257.51175	5251.41638	5245.32101	5237.89348	5231.79811	5225.70274	5219.60737	5213.51200
1771891800	XAUUSD	M5	5229.97	5269.51426	5263.40926	5257.30426	5251.19926	5245.09426	5237.49933	5231.39433	5225.28933	5219.18433	5213.07933
1771892100	XAUUSD	M5	5231.93	5269.24947	5263.14064	5257.03182	5250.92299	5244.81416	5237.14543	5231.03660	5224.92778	5218.81895	5212.71012
1771892400	XAUUSD	M5	5235.66	5269.14396	5263.00001	5256.85606	5250.71211	5244.56816	5236.82432	5230.68037	5224.53642	5218.39247	5212.24852
1771892700	XAUUSD	M5	5225.74	5269.08831	5262.89195	5256.69560	5250.49924	5244.30288	5236.39808	5230.20172	5224.00536	5217.80900	5211.61264
1771893000	XAUUSD	M5	5228.48	5268.73414	5262.52642	5256.31870	5250.11099	5243.90327	5235.93603	5229.72832	5223.52060	5217.31289	5211.10517
1771893300	XAUUSD	M5	5227.52	5268.32207	5262.10300	5255.88392	5249.66485	5243.44578	5235.42311	5229.20404	5222.98496	5216.76589	5210.54681
1771893600	XAUUSD	M5	5230.50	5267.80411	5261.57899	5255.35387	5249.12874	5242.90362	5234.93005	5228.70492	5222.47980	5216.25468	5210.02955
1771893900	XAUUSD	M5	5229.99	5267.23765	5261.01543	5254.79320	5248.57098	5242.34876	5234.51636	5228.29414	5222.07191	5215.84969	5209.62747
1771894200	XAUUSD	M5	5227.17	5266.64823	5260.43193	5254.21564	5247.99934	5241.78304	5234.11286	5227.89656	5221.68026	5215.46397	5209.24767
1771894500	XAUUSD	M5	5224.07	5266.00274	5259.77767	5253.55261	5247.32755	5241.10249	5233.57959	5227.35453	5221.12947	5214.90441	5208.67934
1771894800	XAUUSD	M5	5213.29	5265.47720	5259.17609	5252.87498	5246.57387	5240.27276	5232.46147	5226.16036	5219.85925	5213.55814	5207.25703
1771895100	XAUUSD	M5	5207.71	5264.48285	5258.13353	5251.78421	5245.43489	5239.08556	5230.81592	5224.46660	5218.11728	5211.76796	5205.41864
1771895400	XAUUSD	M5	5184.95	5263.57717	5257.08544	5250.59371	5244.10199	5237.61026	5228.52865	5222.03692	5215.54519	5209.05346	5202.56173
1771895700	XAUUSD	M5	5160.05	5262.36371	5255.62117	5248.87864	5242.13611	5235.39358	5224.85540	5218.11287	5211.37033	5204.62780	5197.88527
1771896000	XAUUSD	M5	5150.49	5259.60225	5252.77238	5245.94250	5239.11262	5232.28275	5220.41550	5213.58563	5206.75575	5199.92587	5193.09600
1771896300	XAUUSD	M5	5164.59	5256.10861	5249.19485	5242.28108	5235.36732	5228.45355	5215.49734	5208.58358	5201.66981	5194.75605	5187.84228
1771896600	XAUUSD	M5	5170.75	5252.29073	5245.31819	5238.34566	5231.37313	5224.40060	5210.66343	5203.69089	5196.71836	5189.74583	5182.77330
1771896900	XAUUSD	M5	5164.39	5248.42447	5241.39984	5234.37521	5227.35058	5220.32595	5206.01795	5198.99332	5191.96869	5184.94406	5177.91943
1771897200	XAUUSD	M5	5173.68	5244.54131	5237.48699	5230.43267	5223.37835	5216.32403	5201.62957	5194.57525	5187.52093	5180.46661	5173.41229
1771897500	XAUUSD	M5	5178.53	5240.72035	5233.67177	5226.62319	5219.57461	5212.52603	5197.74530	5190.69672	5183.64814	5176.59956	5169.55098
1771897800	XAUUSD	M5	5167.46	5237.37442	5230.27102	5223.16763	5216.06423	5208.96084	5194.12939	5187.02600	5179.92260	5172.81921	5165.71581
1771898100	XAUUSD	M5	5177.22	5234.19427	5227.04032	5219.88637	5212.73242	5205.57847	5190.71875	5183.56480	5176.41085	5169.25690	5162.10295
1771898400	XAUUSD	M5	5171.74	5231.27108	5224.08065	5216.89022	5209.69979	5202.50936	5187.69951	5180.50907	5173.31864	5166.12821	5158.93778
1771898700	XAUUSD	M5	5172.79	5228.49955	5221.27177	5214.04399	5206.81621	5199.58843	5184.91474	5177.68696	5170.45918	5163.23140	5156.00363
1771899000	XAUUSD	M5	5172.65	5225.84925	5218.58469	5211.32012	5204.05555	5196.79098	5182.34668	5175.08211	5167.81754	5160.55297	5153.28841
1771899300	XAUUSD	M5	5172.58	5223.33635	5216.03659	5208.73684	5201.43709	5194.13733	5179.95504	5172.65529	5165.35554	5158.05579	5150.75603
1771899600	XAUUSD	M5	5169.31	5220.95125	5213.62044	5206.28964	5198.95884	5191.62804	5177.77928	5170.44848	5163.11768	5155.78688	5148.45607
1771899900	XAUUSD	M5	5173.26	5218.65480	5211.30406	5203.95332	5196.60258	5189.25184	5175.79473	5168.44399	5161.09325	5153.74251	5146.39177
1771900200	XAUUSD	M5	5184.16	5216.91594	5209.52106	5202.12619	5194.73131	5187.33643	5174.14015	5166.74527	5159.35039	5151.95552	5144.56064
1771900500	XAUUSD	M5	5187.96	5215.44821	5208.04723	5200.64624	5193.24525	5185.84426	5172.95980	5165.55881	5158.15782	5150.75683	5143.35585
1771900800	XAUUSD	M5	5183.56	5214.31874	5206.90954	5199.50034	5192.09114	5184.68195	5172.20490	5164.79571	5157.38651	5149.97731	5142.56811
1771901100	XAUUSD	M5	5186.01	5213.39997	5205.98707	5198.57416	5191.16126	5183.74836	5171.77053	5164.35763	5156.94473	5149.53183	5142.11893
1771901400	XAUUSD	M5	5184.82	5212.77969	5205.35550	5197.93130	5190.50710	5183.08290	5171.60194	5164.17774	5156.75354	5149.32934	5141.90515
1771901700	XAUUSD	M5	5190.00	5212.39536	5204.95709	5197.51881	5190.08054	5182.64227	5171.61028	5164.17201	5156.73374	5149.29547	5141.85720
1771902000	XAUUSD	M5	5186.92	5212.10985	5204.67207	5197.23430	5189.79652	5182.35874	5171.81359	5164.37581	5156.93803	5149.50026	5142.06248
1771902300	XAUUSD	M5	5187.92	5211.92537	5204.50173	5197.07809	5189.65444	5182.23080	5172.13053	5164.70688	5157.28324	5149.85960	5142.43596
1771902600	XAUUSD	M5	5188.87	5211.76613	5204.36224	5196.95835	5189.55446	5182.15058	5172.51901	5165.11512	5157.71123	5150.30734	5142.90345
1771902900	XAUUSD	M5	5186.90	5211.71584	5204.31843	5196.92102	5189.52362	5182.12621	5172.97536	5165.57796	5158.18055	5150.78314	5143.38573
1771903200	XAUUSD	M5	5187.02	5211.74719	5204.34213	5196.93707	5189.53201	5182.12694	5173.38249	5165.97743	5158.57237	5151.16730	5143.76224
1771903500	XAUUSD	M5	5182.76	5211.76218	5204.34552	5196.92885	5189.51218	5182.09552	5173.73532	5166.31866	5158.90199	5151.48532	5144.06866
1771903800	XAUUSD	M5	5186.08	5211.64906	5204.24239	5196.83573	5189.42906	5182.02239	5174.04278	5166.63612	5159.22945	5151.82278	5144.41612
1771904100	XAUUSD	M5	5184.50	5211.59827	5204.19741	5196.79654	5189.39568	5181.99481	5174.37387	5166.97300	5159.57214	5152.17128	5144.77041
1771904400	XAUUSD	M5	5179.40	5211.66026	5204.22686	5196.79347	5189.36007	5181.92668	5174.51996	5167.08656	5159.65317	5152.21977	5144.78638
1771904700	XAUUSD	M5	5175.94	5211.43237	5203.99564	5196.55891	5189.12218	5181.68545	5174.48206	5167.04533	5159.60860	5152.17187	5144.73514
1771905000	XAUUSD	M5	5175.98	5210.90628	5203.49764	5196.08900	5188.68036	5181.27171	5174.30510	5166.89645	5159.48781	5152.07917	5144.67053
1771905300	XAUUSD	M5	5172.13	5210.32789	5202.92820	5195.52851	5188.12882	5180.72913	5173.97317	5166.57348	5159.17379	5151.77410	5144.37441
1771905600	XAUUSD	M5	5164.12	5209.70150	5202.27298	5194.84446	5187.41594	5179.98742	5173.28568	5165.85716	5158.42864	5151.00013	5143.57161
1771905900	XAUUSD	M5	5168.81	5208.96652	5201.50362	5194.04072	5186.57782	5179.11491	5172.38725	5164.92435	5157.46145	5149.99855	5142.53565
1771906200	XAUUSD	M5	5168.31	5207.95848	5200.50373	5193.04898	5185.59423	5178.13947	5171.49227	5164.03752	5156.58276	5149.12801	5141.67326
1771906500	XAUUSD	M5	5171.55	5206.98214	5199.53387	5192.08560	5184.63733	5177.18905	5170.65583	5163.20755	5155.75928	5148.31101	5140.86274
1771906800	XAUUSD	M5	5171.60	5206.16792	5198.70780	5191.24767	5183.78755	5176.32743	5169.93482	5162.47470	5155.01458	5147.55445	5140.09433
1771907100	XAUUSD	M5	5172.07	5205.29785	5197.85026	5190.40267	5182.95507	5175.50748	5169.30514	5161.85755	5154.40995	5146.96236	5139.51477
1771907400	XAUUSD	M5	5167.72	5204.48271	5197.04561	5189.60851	5182.17141	5174.73431	5168.67206	5161.23497	5153.79787	5146.36077	5138.92367
1771907700	XAUUSD	M5	5169.07	5203.64527	5196.21101	5188.77675	5181.34249	5173.90823	5168.02421	5160.58995	5153.15569	5145.72144	5138.28718
1771908000	XAUUSD	M5	5164.71	5202.85182	5195.42243	5187.99305	5180.56367	5173.13428	5167.35471	5159.92533	5152.49594	5145.06656	5137.63718
1771908300	XAUUSD	M5	5170.68	5202.19529	5194.74455	5187.29381	5179.84307	5172.39233	5166.65690	5159.20616	5151.75542	5144.30468	5136.85394
1771908600	XAUUSD	M5	5168.41	5201.40673	5193.97611	5186.54549	5179.11487	5171.68426	5166.06833	5158.63771	5151.20709	5143.77648	5136.34586
1771908900	XAUUSD	M5	5168.24	5200.68585	5193.26196	5185.83807	5178.41418	5170.99029	5165.57223	5158.14834	5150.72445	5143.30056	5135.87667
1771909200	XAUUSD	M5	5170.91	5200.05233	5192.63572	5185.21912	5177.80251	5170.38591	5165.06546	5157.64886	5150.23225	5142.81565	5135.39904
1771909500	XAUUSD	M5	5170.79	5199.31905	5191.95337	5184.58769	5177.22202	5169.85634	5164.63984	5157.27416	5149.90848	5142.54280	5135.17712
1771909800	XAUUSD	M5	5172.12	5198.84242	5191.49718	5184.15193	5176.80668	5169.46143	5164.33475	5156.98950	5149.64426	5142.29901	5134.95376
1771910100	XAUUSD	M5	5172.34	5198.39131	5191.08070	5183.77008	5176.45946	5169.14884	5164.15222	5156.84160	5149.53098	5142.22037	5134.90975
1771910400	XAUUSD	M5	5173.57	5198.09663	5190.80991	5183.52318	5176.23645	5168.94972	5164.09954	5156.81281	5149.52609	5142.23936	5134.95263
1771910700	XAUUSD	M5	5167.46	5197.79887	5190.54794	5183.29701	5176.04609	5168.79516	5164.00766	5156.75673	5149.50580	5142.25488	5135.00395
1771911000	XAUUSD	M5	5172.36	5197.53712	5190.31762	5183.09811	5175.87861	5168.65910	5163.83541	5156.61590	5149.39639	5142.17689	5134.95738
1771911300	XAUUSD	M5	5171.22	5197.36524	5190.17086	5182.97648	5175.78210	5168.58771	5163.69318	5156.49880	5149.30441	5142.11003	5134.91565
1771911600	XAUUSD	M5	5172.77	5197.13150	5189.98564	5182.83977	5175.69391	5168.54805	5163.62592	5156.48005	5149.33419	5142.18832	5135.04246
1771911900	XAUUSD	M5	5174.39	5197.18464	5190.04137	5182.89810	5175.75482	5168.61155	5163.68456	5156.54129	5149.39802	5142.25475	5135.11148
1771912200	XAUUSD	M5	5180.92	5197.34949	5190.22931	5183.10912	5175.98894	5168.86875	5163.85991	5156.73973	5149.61954	5142.49936	5135.37917
1771912500	XAUUSD	M5	5182.53	5197.78303	5190.67692	5183.57080	5176.46469	5169.35858	5164.27423	5157.16811	5150.06200	5142.95589	5135.84978
1771912800	XAUUSD	M5	5180.50	5198.30194	5191.20879	5184.11565	5177.02250	5169.92935	5164.79146	5157.69831	5150.60516	5143.51201	5136.41887
1771913100	XAUUSD	M5	5183.03	5198.80150	5191.75113	5184.70076	5177.65039	5170.60001	5165.38697	5158.33660	5151.28623	5144.23586	5137.18549
1771913400	XAUUSD	M5	5182.71	5199.42277	5192.39839	5185.37400	5178.34962	5171.32524	5166.12654	5159.10216	5152.07777	5145.05339	5138.02901
1771913700	XAUUSD	M5	5180.91	5200.00464	5193.01507	5186.02550	5179.03593	5172.04637	5166.92338	5159.93382	5152.94425	5145.95468	5138.96511
1771914000	XAUUSD	M5	5177.84	5200.51866	5193.56144	5186.60421	5179.64699	5172.68977	5167.61794	5160.66072	5153.70349	5146.74627	5139.78905
1771914300	XAUUSD	M5	5168.85	5201.05153	5194.08480	5187.11807	5180.15135	5173.18462	5168.01182	5161.04509	5154.07836	5147.11163	5140.14490
1771914600	XAUUSD	M5	5166.34	5200.99938	5194.10846	5187.21753	5180.32660	5173.43568	5168.12497	5161.23404	5154.34312	5147.45219	5140.56127
1771914900	XAUUSD	M5	5173.16	5201.07591	5194.19214	5187.30838	5180.42461	5173.54085	5167.84276	5160.95899	5154.07523	5147.19146	5140.30770
1771915200	XAUUSD	M5	5169.02	5201.00771	5194.13987	5187.27203	5180.40419	5173.53635	5167.59787	5160.73003	5153.86219	5146.99435	5140.12651
1771915500	XAUUSD	M5	5173.23	5200.68965	5193.88545	5187.08125	5180.27705	5173.47286	5167.39537	5160.59117	5153.78697	5146.98277	5140.17858
1771915800	XAUUSD	M5	5168.55	5200.56279	5193.76026	5186.95773	5180.15520	5173.35267	5167.20731	5160.40478	5153.60225	5146.79972	5139.99719
1771916100	XAUUSD	M5	5173.55	5200.49590	5193.68269	5186.86948	5180.05627	5173.24306	5167.04373	5160.23052	5153.41731	5146.60410	5139.79089
1771916400	XAUUSD	M5	5170.45	5200.25222	5193.46586	5186.67951	5179.89315	5173.10679	5166.92057	5160.13421	5153.34785	5146.56150	5139.77514
1771916700	XAUUSD	M5	5167.18	5200.15471	5193.35169	5186.54866	5179.74564	5172.94261	5166.73583	5159.93280	5153.12978	5146.32675	5139.52373
1771917000	XAUUSD	M5	5171.39	5200.02494	5193.19969	5186.37444	5179.54919	5172.72395	5166.47752	5159.65227	5152.82703	5146.00178	5139.17653
1771917300	XAUUSD	M5	5178.90	5200.04668	5193.20100	5186.35532	5179.50964	5172.66397	5166.35869	5159.51301	5152.66733	5145.82165	5138.97597
1771917600	XAUUSD	M5	5174.70	5200.12917	5193.27855	5186.42794	5179.57732	5172.72670	5166.29469	5159.44408	5152.59346	5145.74284	5138.89222
1771917900	XAUUSD	M5	5183.34	5200.51345	5193.62944	5186.74543	5179.86141	5172.97740	5166.34602	5159.46201	5152.57800	5145.69399	5138.80997
1771918200	XAUUSD	M5	5179.55	5201.02132	5194.10688	5187.19243	5180.27799	5173.36354	5166.53080	5159.61636	5152.70192	5145.78747	5138.87303
1771918500	XAUUSD	M5	5178.19	5201.43460	5194.52818	5187.62176	5180.71534	5173.80892	5166.88238	5159.97596	5153.06954	5146.16312	5139.25670
1771918800	XAUUSD	M5	5179.90	5201.84718	5194.96502	5188.08286	5181.20070	5174.31854	5167.34400	5160.46184	5153.57968	5146.69752	5139.81536
1771919100	XAUUSD	M5	5176.84	5202.21431	5195.35234	5188.49036	5181.62839	5174.76641	5167.81790	5160.95592	5154.09395	5147.23197	5140.37000
1771919400	XAUUSD	M5	5180.85	5202.61475	5195.76037	5188.90599	5182.05161	5175.19722	5168.33172	5161.47733	5154.62295	5147.76857	5140.91419
1771919700	XAUUSD	M5	5179.38	5203.12062	5196.25445	5189.38827	5182.52210	5175.65593	5168.89184	5162.02567	5155.15950	5148.29333	5141.42715
1771920000	XAUUSD	M5	5172.85	5203.58747	5196.69883	5189.81019	5182.92155	5176.03290	5169.32413	5162.43549	5155.54685	5148.65821	5141.76957
1771920300	XAUUSD	M5	5175.46	5203.52961	5196.70881	5189.88801	5183.06720	5176.24640	5169.59791	5162.77711	5155.95631	5149.13551	5142.31470
1771920600	XAUUSD	M5	5171.86	5203.58013	5196.77210	5189.96408	5183.15605	5176.34803	5169.75210	5162.94407	5156.13605	5149.32802	5142.52000
1771920900	XAUUSD	M5	5168.05	5203.59064	5196.77008	5189.94953	5183.12897	5176.30842	5169.72386	5162.90331	5156.08275	5149.26220	5142.44164
1771921200	XAUUSD	M5	5173.58	5203.48757	5196.66325	5189.83893	5183.01461	5176.19029	5169.55701	5162.73269	5155.90836	5149.08404	5142.25972
1771921500	XAUUSD	M5	5170.52	5203.36026	5196.53026	5189.70026	5182.87026	5176.04026	5169.42292	5162.59292	5155.76292	5148.93292	5142.10292
1771921800	XAUUSD	M5	5180.56	5203.56137	5196.68045	5189.79952	5182.91859	5176.03767	5169.31111	5162.43018	5155.54926	5148.66833	5141.78741
1771922100	XAUUSD	M5	5178.96	5203.66296	5196.78580	5189.90864	5183.03148	5176.15432	5169.42277	5162.54561	5155.66844	5148.79128	5141.91412
1771922400	XAUUSD	M5	5174.90	5203.87509	5196.98170	5190.08830	5183.19491	5176.30151	5169.60075	5162.70735	5155.81396	5148.92056	5142.02717
1771922700	XAUUSD	M5	5172.38	5203.91317	5197.02107	5190.12897	5183.23687	5176.34477	5169.68407	5162.79197	5155.89987	5149.00777	5142.11567
1771923000	XAUUSD	M5	5171.81	5203.78074	5196.91013	5190.03951	5183.16889	5176.29827	5169.73736	5162.86674	5155.99612	5149.12551	5142.25489
1771923300	XAUUSD	M5	5173.59	5203.70011	5196.83745	5189.97480	5183.11214	5176.24949	5169.78076	5162.91811	5156.05545	5149.19280	5142.33015
1771923600	XAUUSD	M5	5176.56	5203.71310	5196.84446	5189.97582	5183.10718	5176.23853	5169.85479	5162.98615	5156.11751	5149.24886	5142.38022
1771923900	XAUUSD	M5	5177.61	5203.74316	5196.88384	5190.02452	5183.16520	5176.30588	5170.02685	5163.16753	5156.30820	5149.44888	5142.58956
1771924200	XAUUSD	M5	5172.56	5203.82866	5196.96163	5190.09459	5183.22755	5176.36051	5170.16078	5163.29374	5156.42671	5149.55967	5142.69263
1771924500	XAUUSD	M5	5172.21	5203.79468	5196.93011	5190.06554	5183.20098	5176.33641	5170.25958	5163.39501	5156.53044	5149.66587	5142.80131
1771924800	XAUUSD	M5	5170.45	5203.74090	5196.86417	5189.98744	5183.11071	5176.23398	5170.26707	5163.39034	5156.51362	5149.63689	5142.76016
1771925100	XAUUSD	M5	5168.37	5203.60449	5196.71511	5189.82573	5182.93634	5176.04696	5170.18982	5163.30043	5156.41105	5149.52167	5142.63229
1771925400	XAUUSD	M5	5172.74	5203.42482	5196.52543	5189.62605	5182.72667	5175.82729	5170.06930	5163.16992	5156.27053	5149.37115	5142.47177
1771925700	XAUUSD	M5	5170.42	5203.26840	5196.34846	5189.42852	5182.50858	5175.58865	5169.87564	5162.95570	5156.03577	5149.11583	5142.19589
1771926000	XAUUSD	M5	5170.03	5202.98874	5196.06991	5189.15108	5182.23226	5175.31343	5169.69895	5162.78012	5155.86129	5148.94247	5142.02364
1771926300	XAUUSD	M5	5170.00	5202.66830	5195.74607	5188.82385	5181.90163	5174.97941	5169.49457	5162.57235	5155.65013	5148.72791	5141.80569
1771926600	XAUUSD	M5	5170.50	5202.28467	5195.37412	5188.46356	5181.55301	5174.64245	5169.34064	5162.43009	5155.51953	5148.60897	5141.69842
1771926900	XAUUSD	M5	5171.47	5201.90864	5195.01586	5188.12308	5181.23031	5174.33753	5169.22709	5162.33432	5155.44154	5148.54876	5141.65598
1771927200	XAUUSD	M5	5175.98	5201.73098	5194.83271	5187.93444	5181.03617	5174.13790	5169.17033	5162.27206	5155.37379	5148.47552	5141.57725
1771927500	XAUUSD	M5	5173.19	5201.56221	5194.67610	5187.78999	5180.90388	5174.01777	5169.19570	5162.30959	5155.42348	5148.53737	5141.65125
1771927800	XAUUSD	M5	5174.63	5201.37183	5194.51028	5187.64874	5180.78720	5173.92565	5169.28830	5162.42676	5155.56522	5148.70367	5141.84213
1771928100	XAUUSD	M5	5173.97	5201.30841	5194.44823	5187.58804	5180.72785	5173.86767	5169.41290	5162.55272	5155.69253	5148.83235	5141.97216
1771928400	XAUUSD	M5	5180.58	5201.50976	5194.62803	5187.74630	5180.86458	5173.98285	5169.59706	5162.71533	5155.83360	5148.95188	5142.07015
1771928700	XAUUSD	M5	5175.97	5201.80074	5194.90204	5188.00333	5181.10463	5174.20593	5169.86895	5162.97025	5156.07154	5149.17284	5142.27414
1771929000	XAUUSD	M5	5167.24	5202.05345	5195.14011	5188.22678	5181.31345	5174.40011	5169.95097	5163.03764	5156.12430	5149.21097	5142.29764
1771929300	XAUUSD	M5	5166.79	5202.21378	5195.27237	5188.33095	5181.38953	5174.44811	5169.82554	5162.88412	5155.94271	5149.00129	5142.05987
1771929600	XAUUSD	M5	5170.39	5202.24205	5195.27934	5188.31662	5181.35391	5174.39119	5169.61270	5162.64999	5155.68727	5148.72456	5141.76184
1771929900	XAUUSD	M5	5170.29	5202.10314	5195.14160	5188.18005	5181.21851	5174.25697	5169.43571	5162.47417	5155.51263	5148.55108	5141.58954
1771930200	XAUUSD	M5	5172.72	5202.01014	5195.03508	5188.06002	5181.08495	5174.10989	5169.29334	5162.31828	5155.34322	5148.36816	5141.39309
1771930500	XAUUSD	M5	5172.82	5201.91838	5194.93751	5187.95665	5180.97579	5173.99492	5169.23251	5162.25164	5155.27078	5148.28992	5141.30905
1771930800	XAUUSD	M5	5175.76	5201.83917	5194.86589	5187.89262	5180.91935	5173.94608	5169.26311	5162.28984	5155.31657	5148.34330	5141.37002
1771931100	XAUUSD	M5	5173.66	5201.88756	5194.90509	5187.92262	5180.94015	5173.95768	5169.34629	5162.36383	5155.38136	5148.39889	5141.41642
1771931400	XAUUSD	M5	5176.37	5202.00016	5195.00682	5188.01349	5181.02016	5174.02682	5169.49189	5162.49856	5155.50522	5148.51189	5141.51856
1771931700	XAUUSD	M5	5174.00	5202.07617	5195.08870	5188.10123	5181.11376	5174.12630	5169.67842	5162.69095	5155.70348	5148.71601	5141.72854
1771932000	XAUUSD	M5	5171.96	5202.03521	5195.07175	5188.10830	5181.14484	5174.18138	5169.83186	5162.86840	5155.90495	5148.94149	5141.97803
1771932300	XAUUSD	M5	5174.68	5201.97928	5195.04002	5188.10076	5181.16150	5174.22224	5169.97906	5163.03980	5156.10054	5149.16128	5142.22202
1771932600	XAUUSD	M5	5174.23	5201.96623	5195.03852	5188.11080	5181.18309	5174.25537	5170.16357	5163.23585	5156.30814	5149.38042	5142.45271
1771932900	XAUUSD	M5	5176.43	5202.04911	5195.11751	5188.18590	5181.25430	5174.32269	5170.35810	5163.42650	5156.49489	5149.56329	5142.63168
1771933200	XAUUSD	M5	5178.18	5202.10803	5195.19401	5188.28000	5181.36599	5174.45198	5170.62503	5163.71101	5156.79700	5149.88299	5142.96898
1771933500	XAUUSD	M5	5173.77	5202.36848	5195.43415	5188.49983	5181.56551	5174.63119	5170.86295	5163.92863	5156.99431	5150.05999	5143.12567
1771933800	XAUUSD	M5	5175.54	5202.54052	5195.59687	5188.65323	5181.70959	5174.76595	5171.05810	5164.11445	5157.17081	5150.22717	5143.28353
1771934100	XAUUSD	M5	5172.69	5202.72453	5195.76730	5188.81008	5181.85286	5174.89564	5171.22262	5164.26539	5157.30817	5150.35095	5143.39373
1771934400	XAUUSD	M5	5169.59	5202.73907	5195.78863	5188.83820	5181.88777	5174.93734	5171.28905	5164.33861	5157.38818	5150.43775	5143.48732
1771934700	XAUUSD	M5	5170.71	5202.72638	5195.76909	5188.81181	5181.85452	5174.89724	5171.25671	5164.29942	5157.34214	5150.38485	5143.42757
1771935000	XAUUSD	M5	5167.55	5202.67513	5195.69574	5188.71636	5181.73698	5174.75759	5171.07891	5164.09952	5157.12014	5150.14076	5143.16138
1771935300	XAUUSD	M5	5151.32	5202.82414	5195.73970	5188.65525	5181.57081	5174.48636	5170.34108	5163.25664	5156.17219	5149.08775	5142.00330
1771935600	XAUUSD	M5	5158.40	5202.49855	5195.36559	5188.23262	5181.09966	5173.96670	5169.31814	5162.18518	5155.05221	5147.91925	5140.78629
1771935900	XAUUSD	M5	5161.67	5201.91209	5194.76264	5187.61320	5180.46375	5173.31431	5168.29038	5161.14094	5153.99149	5146.84205	5139.69260
1771936200	XAUUSD	M5	5159.53	5200.75597	5193.72084	5186.68572	5179.65059	5172.61547	5167.27495	5160.23982	5153.20470	5146.16958	5139.13445
1771936500	XAUUSD	M5	5156.46	5199.79940	5192.79304	5185.78668	5178.78032	5171.77397	5166.20431	5159.19795	5152.19160	5145.18524	5138.17888
1771936800	XAUUSD	M5	5158.08	5198.80955	5191.82060	5184.83164	5177.84269	5170.85374	5165.13187	5158.14292	5151.15397	5144.16501	5137.17606
1771937100	XAUUSD	M5	5154.50	5197.81218	5190.82835	5183.84453	5176.86070	5169.87687	5164.07664	5157.09281	5150.10898	5143.12516	5136.14133
1771937400	XAUUSD	M5	5147.04	5196.71108	5189.73083	5182.75059	5175.77034	5168.79009	5162.82919	5155.84895	5148.86870	5141.88845	5134.90820
1771937700	XAUUSD	M5	5150.85	5195.50419	5188.53240	5181.56061	5174.58882	5167.61703	5161.50518	5154.53339	5147.56159	5140.58980	5133.61801
1771938000	XAUUSD	M5	5154.93	5194.43863	5187.47190	5180.50517	5173.53845	5166.57172	5160.27113	5153.30440	5146.33767	5139.37094	5132.40421
1771938300	XAUUSD	M5	5158.55	5193.40562	5186.45445	5179.50328	5172.55210	5165.60093	5159.16139	5152.21022	5145.25905	5138.30787	5131.35670
1771938600	XAUUSD	M5	5159.00	5192.54916	5185.60194	5178.65471	5171.70749	5164.76027	5158.27329	5151.32607	5144.37885	5137.43162	5130.48440
1771938900	XAUUSD	M5	5152.92	5191.82836	5184.86546	5177.90256	5170.93966	5163.97676	5157.45699	5150.49409	5143.53119	5136.56829	5129.60539
1771939200	XAUUSD	M5	5156.97	5191.03230	5184.08014	5177.12798	5170.17582	5163.22365	5156.68799	5149.73583	5142.78367	5135.83151	5128.87935
1771939500	XAUUSD	M5	5156.43	5190.29341	5183.34854	5176.40366	5169.45878	5162.51391	5156.04040	5149.09552	5142.15064	5135.20577	5128.26089
1771939800	XAUUSD	M5	5153.87	5189.41605	5182.52667	5175.63729	5168.74791	5161.85852	5155.36677	5148.47739	5141.58801	5134.69863	5127.80924
1771940100	XAUUSD	M5	5138.59	5189.02194	5182.05985	5175.09775	5168.13565	5161.17355	5154.26919	5147.30709	5140.34499	5133.38289	5126.42079
1771940400	XAUUSD	M5	5146.00	5188.31400	5181.31332	5174.31264	5167.31196	5160.31128	5152.98393	5145.98325	5138.98257	5131.98189	5124.98121
1771940700	XAUUSD	M5	5126.45	5187.65277	5180.56067	5173.46857	5166.37647	5159.28437	5151.32231	5144.23021	5137.13811	5130.04602	5122.95392
1771941000	XAUUSD	M5	5133.11	5186.30268	5179.19059	5172.07849	5164.96639	5157.85429	5149.34983	5142.23773	5135.12563	5128.01354	5120.90144
1771941300	XAUUSD	M5	5115.35	5184.90591	5177.72356	5170.54122	5163.35887	5156.17652	5146.91101	5139.72866	5132.54632	5125.36397	5118.18163
1771941600	XAUUSD	M5	5118.10	5183.09123	5175.84698	5168.60272	5161.35846	5154.11420	5144.13316	5136.88890	5129.64464	5122.40038	5115.15612
1771941900	XAUUSD	M5	5121.27	5180.94919	5173.68900	5166.42882	5159.16863	5151.90845	5141.39263	5134.13244	5126.87225	5119.61207	5112.35188
1771942200	XAUUSD	M5	5105.37	5179.12451	5171.71914	5164.31376	5156.90839	5149.50302	5138.15391	5130.74854	5123.34317	5115.93780	5108.53243
1771942500	XAUUSD	M5	5101.94	5176.40547	5168.97195	5161.53843	5154.10491	5146.67140	5134.80198	5127.36846	5119.93494	5112.50142	5105.06790
1771942800	XAUUSD	M5	5118.74	5173.92124	5166.41013	5158.89902	5151.38791	5143.87680	5131.47174	5123.96063	5116.44951	5108.93840	5101.42729
1771943100	XAUUSD	M5	5115.57	5171.25902	5163.73667	5156.21433	5148.69198	5141.16963	5128.47759	5120.95525	5113.43290	5105.91056	5098.38821
1771943400	XAUUSD	M5	5117.70	5168.62664	5161.15145	5153.67627	5146.20108	5138.72590	5125.74451	5118.26933	5110.79414	5103.31896	5095.84377
1771943700	XAUUSD	M5	5135.10	5166.75091	5159.25800	5151.76510	5144.27220	5136.77930	5123.37456	5115.88166	5108.38875	5100.89585	5093.40295
1771944000	XAUUSD	M5	5137.20	5164.86303	5157.47673	5150.09043	5142.70414	5135.31784	5121.67486	5114.28856	5106.90226	5099.51597	5092.12967
1771944300	XAUUSD	M5	5132.98	5162.98597	5155.79807	5148.61016	5141.42226	5134.23436	5120.45247	5113.26457	5106.07667	5098.88876	5091.70086
1771944600	XAUUSD	M5	5129.76	5161.93605	5154.80926	5147.68247	5140.55568	5133.42889	5119.56062	5112.43383	5105.30704	5098.18025	5091.05346
1771944900	XAUUSD	M5	5127.73	5160.90314	5153.84783	5146.79252	5139.73721	5132.68190	5118.93284	5111.87753	5104.82222	5097.76692	5090.71161
1771945200	XAUUSD	M5	5125.43	5160.12073	5153.07048	5146.02023	5138.96999	5131.91974	5118.27474	5111.22450	5104.17425	5097.12400	5090.07376
1771945500	XAUUSD	M5	5135.47	5159.53194	5152.48990	5145.44786	5138.40582	5131.36379	5117.80509	5110.76305	5103.72102	5096.67898	5089.63694
1771945800	XAUUSD	M5	5136.96	5158.97032	5151.97198	5144.97365	5137.97532	5130.97698	5117.66058	5110.66225	5103.66392	5096.66558	5089.66725
1771946100	XAUUSD	M5	5140.13	5158.80670	5151.80609	5144.80547	5137.80485	5130.80424	5117.80741	5110.80679	5103.80617	5096.80555	5089.80494
1771946400	XAUUSD	M5	5143.55	5158.71521	5151.75490	5144.79459	5137.83428	5130.87397	5118.24425	5111.28394	5104.32363	5097.36333	5090.40302
1771946700	XAUUSD	M5	5138.31	5158.87588	5151.94619	5145.01650	5138.08681	5131.15712	5118.87639	5111.94670	5105.01701	5098.08732	5091.15763
1771947000	XAUUSD	M5	5140.81	5159.11231	5152.20250	5145.29268	5138.38287	5131.47305	5119.53870	5112.62889	5105.71907	5098.80926	5091.89944
1771947300	XAUUSD	M5	5144.64	5159.50516	5152.61430	5145.72344	5138.83257	5131.94171	5120.37340	5113.48253	5106.59167	5099.70080	5092.80994
1771947600	XAUUSD	M5	5149.82	5160.09399	5153.21899	5146.34399	5139.46899	5132.59399	5121.42111	5114.54611	5107.67111	5100.79611	5093.92111
1771947900	XAUUSD	M5	5152.66	5160.89941	5154.04793	5147.19645	5140.34497	5133.49348	5122.73140	5115.87992	5109.02844	5102.17695	5095.32547
1771948200	XAUUSD	M5	5145.91	5161.90645	5155.05145	5148.19645	5141.34145	5134.48645	5124.07940	5117.22440	5110.36940	5103.51440	5096.65940
1771948500	XAUUSD	M5	5150.30	5162.89210	5156.04173	5149.19136	5142.34099	5135.49062	5125.44069	5118.59032	5111.73995	5104.88958	5098.03921
1771948800	XAUUSD	M5	5148.95	5163.67703	5156.88493	5150.09283	5143.30073	5136.50864	5126.86788	5120.07578	5113.28368	5106.49158	5099.69948
1771949100	XAUUSD	M5	5143.97	5164.62489	5157.82958	5151.03427	5144.23896	5137.44365	5128.13303	5121.33772	5114.54241	5107.74711	5100.95180
1771949400	XAUUSD	M5	5147.46	5165.51768	5158.70829	5151.89891	5145.08953	5138.28015	5129.25883	5122.44944	5115.64006	5108.83068	5102.02130
1771949700	XAUUSD	M5	5147.64	5166.35600	5159.54013	5152.72427	5145.90840	5139.09254	5130.39051	5123.57464	5116.75878	5109.94291	5103.12705
1771950000	XAUUSD	M5	5143.16	5167.04639	5160.23330	5153.42022	5146.60713	5139.79404	5131.41067	5124.59758	5117.78449	5110.97141	5104.15832
1771950300	XAUUSD	M5	5143.63	5167.47704	5160.68889	5153.90074	5147.11259	5140.32444	5132.30456	5125.51641	5118.72827	5111.94012	5105.15197
1771950600	XAUUSD	M5	5137.39	5167.98361	5161.16614	5154.34867	5147.53120	5140.71373	5132.93701	5126.11954	5119.30207	5112.48460	5105.66713
1771950900	XAUUSD	M5	5145.77	5168.44470	5161.60168	5154.75865	5147.91563	5141.07260	5133.40693	5126.56391	5119.72088	5112.87786	5106.03483
1771951200	XAUUSD	M5	5145.42	5168.99307	5162.12196	5155.25085	5148.37974	5141.50863	5133.91103	5127.03992	5120.16881	5113.29770	5106.42659
1771951500	XAUUSD	M5	5136.17	5169.52867	5162.61200	5155.69533	5148.77867	5141.86200	5134.23362	5127.31696	5120.40029	5113.48362	5106.56696
1771951800	XAUUSD	M5	5137.98	5169.67170	5162.74762	5155.82355	5148.89948	5141.97540	5134.33250	5127.40843	5120.48435	5113.56028	5106.63620
1771952100	XAUUSD	M5	5141.80	5169.69070	5162.76804	5155.84539	5148.92273	5142.00008	5134.42865	5127.50600	5120.58334	5113.66069	5106.73803
1771952400	XAUUSD	M5	5149.39	5169.93832	5162.99313	5156.04795	5149.10276	5142.15758	5134.63846	5127.69328	5120.74809	5113.80291	5106.85772
1771952700	XAUUSD	M5	5152.87	5170.27534	5163.33052	5156.38571	5149.44089	5142.49608	5135.09611	5128.15129	5121.20648	5114.26167	5107.31685
1771953000	XAUUSD	M5	5156.23	5170.74936	5163.83072	5156.91207	5149.99343	5143.07479	5135.82296	5128.90431	5121.98567	5115.06703	5108.14839
1771953300	XAUUSD	M5	5160.92	5171.57251	5164.65430	5157.73609	5150.81788	5143.89967	5136.80103	5129.88282	5122.96461	5116.04640	5109.12819
1771953600	XAUUSD	M5	5160.04	5172.61739	5165.69591	5158.77443	5151.85295	5144.93147	5138.01638	5131.09489	5124.17341	5117.25193	5110.33045
1771953900	XAUUSD	M5	5158.52	5173.67592	5166.75832	5159.84073	5152.92314	5146.00554	5139.27645	5132.35886	5125.44127	5118.52367	5111.60608
1771954200	XAUUSD	M5	5158.27	5174.53371	5167.66711	5160.80050	5153.93390	5147.06729	5140.57779	5133.71118	5126.84458	5119.97797	5113.11137
1771954500	XAUUSD	M5	5158.37	5175.38624	5168.56408	5161.74192	5154.91976	5148.09760	5141.88837	5135.06621	5128.24405	5121.42189	5114.59973
1771954800	XAUUSD	M5	5160.52	5176.41773	5169.59791	5162.77810	5155.95828	5149.13847	5143.22098	5136.40116	5129.58135	5122.76153	5115.94172
1771955100	XAUUSD	M5	5160.16	5177.42260	5170.61236	5163.80211	5156.99186	5150.18162	5144.54768	5137.73743	5130.92719	5124.11694	5117.30669
1771955400	XAUUSD	M5	5159.04	5178.35345	5171.55530	5164.75715	5157.95900	5151.16085	5145.81527	5139.01712	5132.21897	5125.42082	5118.62267
1771955700	XAUUSD	M5	5163.64	5179.41039	5172.59959	5165.78878	5158.97798	5152.16718	5147.03870	5140.22789	5133.41709	5126.60629	5119.79549
1771956000	XAUUSD	M5	5167.21	5180.49514	5173.69421	5166.89329	5160.09236	5153.29144	5148.33861	5141.53768	5134.73675	5127.93583	5121.13490
1771956300	XAUUSD	M5	5168.50	5181.71573	5174.91647	5168.11721	5161.31795	5154.51869	5149.75048	5142.95122	5136.15196	5129.35270	5122.55344
1771956600	XAUUSD	M5	5164.24	5182.90384	5176.11896	5169.33409	5162.54921	5155.76433	5151.13898	5144.35410	5137.56922	5130.78435	5123.99947
1771956900	XAUUSD	M5	5159.84	5184.00164	5177.22776	5170.45387	5163.67998	5156.90609	5152.37072	5145.59683	5138.82294	5132.04905	5125.27517
1771957200	XAUUSD	M5	5159.11	5185.01280	5178.22712	5171.44144	5164.65576	5157.87008	5153.40958	5146.62390	5139.83822	5133.05254	5126.26686
1771957500	XAUUSD	M5	5158.28	5185.84873	5179.04589	5172.24305	5165.44021	5158.63737	5154.24615	5147.44331	5140.64047	5133.83763	5127.03479
1771957800	XAUUSD	M5	5156.52	5186.45632	5179.66200	5172.86768	5166.07336	5159.27904	5154.90698	5148.11266	5141.31834	5134.52401	5127.72969
1771958100	XAUUSD	M5	5157.95	5186.96047	5180.16102	5173.36158	5166.56213	5159.76269	5155.39625	5148.59680	5141.79736	5134.99792	5128.19847
1771958400	XAUUSD	M5	5159.11	5187.27548	5180.49418	5173.71288	5166.93159	5160.15029	5155.85962	5149.07833	5142.29703	5135.51573	5128.73444
1771958700	XAUUSD	M5	5159.63	5187.65026	5180.85797	5174.06569	5167.27341	5160.48112	5156.24510	5149.45282	5142.66053	5135.86825	5129.07596
1771959000	XAUUSD	M5	5160.33	5187.98929	5181.19485	5174.40041	5167.60596	5160.81152	5156.64171	5149.84727	5143.05282	5136.25838	5129.46394
1771959300	XAUUSD	M5	5160.06	5188.22733	5181.45535	5174.68338	5167.91140	5161.13943	5157.05213	5150.28016	5143.50818	5136.73621	5129.96423
1771959600	XAUUSD	M5	5156.40	5188.40024	5181.64863	5174.89703	5168.14542	5161.39382	5157.35087	5150.59926	5143.84766	5137.09605	5130.34445
1771959900	XAUUSD	M5	5152.84	5188.46155	5181.72482	5174.98809	5168.25136	5161.51463	5157.49935	5150.76262	5144.02590	5137.28917	5130.55244
1771960200	XAUUSD	M5	5156.29	5188.51847	5181.76761	5175.01675	5168.26588	5161.51502	5157.46125	5150.71039	5143.95953	5137.20866	5130.45780
1771960500	XAUUSD	M5	5148.93	5188.54740	5181.77412	5175.00085	5168.22758	5161.45431	5157.27450	5150.50123	5143.72795	5136.95468	5130.18141
1771960800	XAUUSD	M5	5147.34	5188.20804	5181.45595	5174.70385	5167.95175	5161.19965	5156.92244	5150.17034	5143.41824	5136.66614	5129.91404
1771961100	XAUUSD	M5	5151.59	5187.81279	5181.06779	5174.32279	5167.57779	5160.83279	5156.48032	5149.73532	5142.99032	5136.24532	5129.50032
1771961400	XAUUSD	M5	5153.64	5187.40380	5180.66269	5173.92158	5167.18047	5160.43936	5156.03137	5149.29026	5142.54915	5135.80804	5129.06693
1771961700	XAUUSD	M5	5155.71	5186.98109	5180.26066	5173.54022	5166.81979	5160.09936	5155.68207	5148.96164	5142.24121	5135.52078	5128.80035
1771962000	XAUUSD	M5	5152.26	5186.73383	5180.00278	5173.27173	5166.54069	5159.80964	5155.38918	5148.65813	5141.92709	5135.19604	5128.46499
1771962300	XAUUSD	M5	5154.36	5186.43872	5179.70613	5172.97354	5166.24095	5159.50835	5155.12579	5148.39320	5141.66061	5134.92801	5128.19542
1771962600	XAUUSD	M5	5152.80	5186.09977	5179.37977	5172.65977	5165.93977	5159.21977	5154.89555	5148.17555	5141.45555	5134.73555	5128.01555
1771962900	XAUUSD	M5	5154.01	5185.60175	5178.93502	5172.26829	5165.60157	5158.93484	5154.71619	5148.04947	5141.38274	5134.71601	5128.04928
1771963200	XAUUSD	M5	5153.22	5185.25768	5178.61348	5171.96928	5165.32509	5158.68089	5154.53866	5147.89446	5141.25026	5134.60607	5127.96187
1771963500	XAUUSD	M5	5149.67	5184.66710	5178.09698	5171.52686	5164.95673	5158.38661	5154.28535	5147.71523	5141.14510	5134.57498	5128.00486
1771963800	XAUUSD	M5	5149.23	5184.24300	5177.68017	5171.11733	5164.55449	5157.99165	5153.94277	5147.37993	5140.81709	5134.25425	5127.69141
1771964100	XAUUSD	M5	5154.84	5183.97370	5177.39735	5170.82099	5164.24463	5157.66827	5153.58655	5147.01019	5140.43383	5133.85747	5127.28111
1771964400	XAUUSD	M5	5164.95	5184.09838	5177.48783	5170.87727	5164.26672	5157.65616	5153.39555	5146.78499	5140.17444	5133.56388	5126.95332
1771964700	XAUUSD	M5	5168.21	5184.41303	5177.80475	5171.19648	5164.58821	5157.97994	5153.55499	5146.94671	5140.33844	5133.73017	5127.12190
1771965000	XAUUSD	M5	5170.42	5184.99263	5178.37998	5171.76732	5165.15467	5158.54201	5153.99482	5147.38216	5140.76951	5134.15685	5127.54420
1771965300	XAUUSD	M5	5169.62	5185.67304	5179.08304	5172.49304	5165.90304	5159.31304	5154.70689	5148.11689	5141.52689	5134.93689	5128.34689
1771965600	XAUUSD	M5	5172.26	5186.51006	5179.93876	5173.36747	5166.79617	5160.22487	5155.59266	5149.02136	5142.45007	5135.87877	5129.30748
1771965900	XAUUSD	M5	5168.22	5187.39678	5180.84592	5174.29505	5167.74419	5161.19333	5156.55887	5150.00801	5143.45714	5136.90628	5130.35542
1771966200	XAUUSD	M5	5163.69	5188.30168	5181.75847	5175.21526	5168.67205	5162.12884	5157.40021	5150.85700	5144.31379	5137.77058	5131.22737
1771966500	XAUUSD	M5	5164.24	5188.95296	5182.43579	5175.91863	5169.40147	5162.88431	5158.04735	5151.53019	5145.01303	5138.49587	5131.97871
1771966800	XAUUSD	M5	5158.21	5189.55590	5183.04639	5176.53689	5170.02738	5163.51788	5158.53340	5152.02390	5145.51439	5139.00488	5132.49538
1771967100	XAUUSD	M5	5157.54	5189.86471	5183.36965	5176.87459	5170.37952	5163.88446	5158.86094	5152.36588	5145.87082	5139.37576	5132.88070
1771967400	XAUUSD	M5	5161.12	5190.05170	5183.56608	5177.08046	5170.59484	5164.10923	5159.07121	5152.58560	5146.09998	5139.61436	5133.12875
1771967700	XAUUSD	M5	5158.33	5190.18774	5183.70546	5177.22317	5170.74089	5164.25861	5159.23923	5152.75695	5146.27466	5139.79238	5133.31009
1771968000	XAUUSD	M5	5153.97	5190.18404	5183.70138	5177.21873	5170.73608	5164.25342	5159.26562	5152.78296	5146.30031	5139.81765	5133.33500
1771968300	XAUUSD	M5	5155.44	5189.94648	5183.48123	5177.01598	5170.55074	5164.08549	5159.19238	5152.72713	5146.26189	5139.79664	5133.33139
1771968600	XAUUSD	M5	5149.86	5189.64645	5183.18385	5176.72126	5170.25867	5163.79608	5158.92103	5152.45844	5145.99585	5139.53325	5133.07066
1771968900	XAUUSD	M5	5149.81	5189.10328	5182.64995	5176.19661	5169.74328	5163.28995	5158.44460	5151.99127	5145.53794	5139.08460	5132.63127
1771969200	XAUUSD	M5	5150.79	5188.44296	5181.99704	5175.55111	5169.10519	5162.65926	5157.83341	5151.38749	5144.94156	5138.49564	5132.04971
1771969500	XAUUSD	M5	5148.20	5187.63448	5181.21176	5174.78905	5168.36633	5161.94361	5157.16026	5150.73754	5144.31483	5137.89211	5131.46939
1771969800	XAUUSD	M5	5145.11	5186.79219	5180.37361	5173.95503	5167.53645	5161.11787	5156.28210	5149.86352	5143.44494	5137.02636	5130.60778
1771970100	XAUUSD	M5	5143.97	5185.78725	5179.38151	5172.97577	5166.57002	5160.16428	5155.35247	5148.94673	5142.54099	5136.13525	5129.72951
1771974000	XAUUSD	M5	5135.96	5185.02326	5178.54659	5172.06993	5165.59326	5159.11659	5153.86529	5147.38862	5140.91195	5134.43529	5127.95862
1771974300	XAUUSD	M5	5133.97	5183.88340	5177.37291	5170.86242	5164.35192	5157.84143	5152.17890	5145.66841	5139.15791	5132.64742	5126.13692
1771974600	XAUUSD	M5	5135.82	5182.46680	5175.94878	5169.43075	5162.91273	5156.39470	5150.42070	5143.90268	5137.38465	5130.86663	5124.34860
1771974900	XAUUSD	M5	5132.46	5180.99301	5174.47153	5167.95005	5161.42857	5154.90708	5148.69934	5142.17786	5135.65638	5129.13490	5122.61342
1771975200	XAUUSD	M5	5132.69	5179.37971	5172.86088	5166.34205	5159.82323	5153.30440	5147.00128	5140.48246	5133.96363	5127.44480	5120.92598
1771975500	XAUUSD	M5	5130.99	5177.69659	5171.18480	5164.67301	5158.16122	5151.64943	5145.32039	5138.80859	5132.29680	5125.78501	5119.27322
1771975800	XAUUSD	M5	5131.98	5176.12801	5169.61233	5163.09665	5156.58098	5150.06530	5143.71421	5137.19853	5130.68285	5124.16717	5117.65149
1771976100	XAUUSD	M5	5138.91	5174.75868	5168.22886	5161.69905	5155.16923	5148.63942	5142.25576	5135.72594	5129.19613	5122.66631	5116.13650
1771976400	XAUUSD	M5	5147.23	5173.91517	5167.34579	5160.77641	5154.20703	5147.63764	5141.07067	5134.50129	5127.93190	5121.36252	5114.79314
1771976700	XAUUSD	M5	5150.22	5173.32236	5166.74001	5160.15767	5153.57532	5146.99298	5140.31436	5133.73201	5127.14967	5120.56732	5113.98498
1771977000	XAUUSD	M5	5150.60	5172.91085	5166.34085	5159.77085	5153.20085	5146.63085	5139.95673	5133.38673	5126.81673	5120.24673	5113.67673
1771977300	XAUUSD	M5	5146.72	5172.70895	5166.14074	5159.57253	5153.00432	5146.43611	5139.81514	5133.24693	5126.67872	5120.11051	5113.54230
1771977600	XAUUSD	M5	5140.34	5172.72215	5166.12511	5159.52807	5152.93103	5146.33400	5139.66442	5133.06738	5126.47034	5119.87331	5113.27627
1771977900	XAUUSD	M5	5143.30	5172.51170	5165.91879	5159.32589	5152.73299	5146.14009	5139.44362	5132.85072	5126.25782	5119.66491	5113.07201
1771978200	XAUUSD	M5	5140.57	5172.28448	5165.68411	5159.08374	5152.48337	5145.88300	5139.21983	5132.61946	5126.01909	5119.41872	5112.81835
1771978500	XAUUSD	M5	5143.05	5172.09110	5165.47579	5158.86049	5152.24518	5145.62987	5139.00647	5132.39116	5125.77585	5119.16054	5112.54523
1771978800	XAUUSD	M5	5142.90	5171.91812	5165.29380	5158.66948	5152.04516	5145.42084	5138.89993	5132.27561	5125.65129	5119.02697	5112.40265
1771979100	XAUUSD	M5	5140.27	5171.70599	5165.06981	5158.43364	5151.79747	5145.16130	5138.74790	5132.11173	5125.47556	5118.83939	5112.20321
1771979400	XAUUSD	M5	5147.64	5171.78118	5165.10784	5158.43451	5151.76118	5145.08784	5138.63844	5131.96511	5125.29177	5118.61844	5111.94511
1771979700	XAUUSD	M5	5152.05	5172.07367	5165.36398	5158.65429	5151.94460	5145.23491	5138.68310	5131.97341	5125.26372	5118.55402	5111.84433
1771980000	XAUUSD	M5	5147.80	5172.56000	5165.80827	5159.05654	5152.30481	5145.55308	5138.87182	5132.12009	5125.36836	5118.61664	5111.86491
1771980300	XAUUSD	M5	5144.60	5172.86217	5166.09211	5159.32205	5152.55198	5145.78192	5139.03389	5132.26383	5125.49377	5118.72371	5111.95364
1771980600	XAUUSD	M5	5147.47	5172.97241	5166.21667	5159.46092	5152.70518	5145.94944	5139.20023	5132.44449	5125.68875	5118.93301	5112.17726
1771980900	XAUUSD	M5	5152.30	5173.43286	5166.64694	5159.86101	5153.07508	5146.28916	5139.46140	5132.67548	5125.88955	5119.10363	5112.31770
1771981200	XAUUSD	M5	5159.26	5174.21119	5167.38088	5160.55058	5153.72027	5146.88996	5139.72706	5132.89675	5126.06644	5119.23613	5112.40583
1771981500	XAUUSD	M5	5168.85	5175.36183	5168.50078	5161.63973	5154.77868	5147.91763	5140.35293	5133.49189	5126.63084	5119.76979	5112.90874
1771981800	XAUUSD	M5	5174.67	5176.92705	5170.02970	5163.13236	5156.23501	5149.33767	5141.36695	5134.46961	5127.57226	5120.67492	5113.77757
1771982100	XAUUSD	M5	5184.25	5179.03182	5172.07966	5165.12750	5158.17534	5151.22318	5142.87343	5135.92127	5128.96911	5122.01695	5115.06479
1771982400	XAUUSD	M5	5178.84	5181.37838	5174.39486	5167.41135	5160.42783	5153.44431	5144.80711	5137.82359	5130.84007	5123.85655	5116.87303
1771982700	XAUUSD	M5	5185.40	5183.99417	5176.96910	5169.94404	5162.91898	5155.89392	5147.01404	5139.98897	5132.96391	5125.93885	5118.91379
1771983000	XAUUSD	M5	5185.55	5186.55287	5179.51683	5172.48078	5165.44473	5158.40868	5149.44072	5142.40467	5135.36862	5128.33257	5121.29652
1771983300	XAUUSD	M5	5182.98	5189.29820	5182.22252	5175.14684	5168.07116	5160.99548	5151.90730	5144.83162	5137.75594	5130.68027	5123.60459
1771983600	XAUUSD	M5	5180.48	5191.87670	5184.77818	5177.67966	5170.58114	5163.48263	5154.33597	5147.23745	5140.13893	5133.04041	5125.94190
1771983900	XAUUSD	M5	5183.87	5194.29810	5187.18551	5180.07292	5172.96033	5165.84773	5156.73236	5149.61977	5142.50718	5135.39458	5128.28199
1771984200	XAUUSD	M5	5183.26	5196.52252	5189.40289	5182.28326	5175.16363	5168.04400	5159.05716	5151.93753	5144.81790	5137.69827	5130.57864
1771984500	XAUUSD	M5	5176.97	5198.67387	5191.51831	5184.36276	5177.20720	5170.05165	5161.14177	5153.98621	5146.83066	5139.67510	5132.51955
1771984800	XAUUSD	M5	5183.28	5200.66848	5193.47471	5186.28095	5179.08718	5171.89342	5163.05566	5155.86190	5148.66813	5141.47437	5134.28060
1771985100	XAUUSD	M5	5186.42	5202.43468	5195.23585	5188.03703	5180.83820	5173.63937	5164.95388	5157.75505	5150.55622	5143.35739	5136.15857
1771985400	XAUUSD	M5	5188.71	5204.24322	5197.02020	5189.79717	5182.57415	5175.35112	5166.82195	5159.59893	5152.37590	5145.15288	5137.92985
1771985700	XAUUSD	M5	5190.56	5205.99600	5198.77563	5191.55526	5184.33489	5177.11452	5168.76938	5161.54901	5154.32864	5147.10827	5139.88790
1771986000	XAUUSD	M5	5187.74	5207.74594	5200.50983	5193.27372	5186.03761	5178.80149	5170.63829	5163.40218	5156.16607	5148.92996	5141.69384
1771986300	XAUUSD	M5	5189.77	5209.33952	5202.10180	5194.86409	5187.62637	5180.38865	5172.43558	5165.19786	5157.96015	5150.72243	5143.48471
1771986600	XAUUSD	M5	5187.94	5210.79805	5203.56719	5196.33632	5189.10546	5181.87460	5174.19081	5166.95994	5159.72908	5152.49821	5145.26735
1771986900	XAUUSD	M5	5186.22	5212.13887	5204.90251	5197.66615	5190.42979	5183.19344	5175.75462	5168.51826	5161.28190	5154.04554	5146.80918
1771987200	XAUUSD	M5	5186.01	5213.26744	5206.03756	5198.80769	5191.57781	5184.34793	5177.14804	5169.91816	5162.68828	5155.45841	5148.22853
1771987500	XAUUSD	M5	5184.68	5213.82269	5206.70405	5199.58541	5192.46677	5185.34813	5178.41409	5171.29545	5164.17680	5157.05816	5149.93952
1771987800	XAUUSD	M5	5175.73	5214.79635	5207.63611	5200.47586	5193.31561	5186.15537	5179.12683	5171.96658	5164.80633	5157.64609	5150.48584
1771988100	XAUUSD	M5	5180.66	5215.47186	5208.29692	5201.12198	5193.94705	5186.77211	5179.64917	5172.47423	5165.29929	5158.12435	5150.94942
1771988400	XAUUSD	M5	5184.31	5216.17835	5208.98928	5201.80020	5194.61113	5187.42206	5180.18274	5172.99367	5165.80459	5158.61552	5151.42645
1771988700	XAUUSD	M5	5184.47	5216.70933	5209.52717	5202.34501	5195.16285	5187.98069	5180.72739	5173.54523	5166.36307	5159.18091	5151.99875
1771989000	XAUUSD	M5	5186.31	5217.15130	5209.98013	5202.80896	5195.63779	5188.46661	5181.29912	5174.12794	5166.95677	5159.78560	5152.61442
1771989300	XAUUSD	M5	5184.53	5217.64305	5210.46064	5203.27823	5196.09582	5188.91342	5181.82486	5174.64245	5167.46004	5160.27763	5153.09523
1771989600	XAUUSD	M5	5179.49	5217.91292	5210.75311	5203.59329	5196.43348	5189.27366	5182.26200	5175.10219	5167.94237	5160.78256	5153.62274
1771989900	XAUUSD	M5	5186.32	5218.23509	5211.07472	5203.91435	5196.75398	5189.59361	5182.62399	5175.46362	5168.30325	5161.14287	5153.98250
1771990200	XAUUSD	M5	5187.35	5218.51837	5211.36831	5204.21825	5197.06819	5189.91812	5182.95362	5175.80356	5168.65350	5161.50343	5154.35337
1771990500	XAUUSD	M5	5183.64	5218.80110	5211.65863	5204.51616	5197.37369	5190.23123	5183.31590	5176.17343	5169.03096	5161.88849	5154.74602
1771990800	XAUUSD	M5	5183.99	5219.03689	5211.88726	5204.73763	5197.58800	5190.43837	5183.59480	5176.44517	5169.29554	5162.14591	5154.99628
1771991100	XAUUSD	M5	5185.30	5219.18711	5212.04908	5204.91106	5197.77304	5190.63501	5183.90476	5176.76674	5169.62871	5162.49069	5155.35267
1771991400	XAUUSD	M5	5179.30	5219.32810	5212.18637	5205.04464	5197.90292	5190.76119	5184.11353	5176.97180	5169.83007	5162.68834	5155.54661
1771991700	XAUUSD	M5	5181.81	5219.45349	5212.29293	5205.13238	5197.97182	5190.81127	5184.22635	5177.06580	5169.90524	5162.74469	5155.58413
1771992000	XAUUSD	M5	5182.35	5219.28303	5212.15494	5205.02686	5197.89877	5190.77068	5184.31168	5177.18360	5170.05551	5162.92742	5155.79934
1771992300	XAUUSD	M5	5175.06	5218.80581	5211.76445	5204.72309	5197.68174	5190.64038	5184.23417	5177.19282	5170.15146	5163.11010	5156.06874
1771992600	XAUUSD	M5	5180.93	5218.53005	5211.50690	5204.48375	5197.46060	5190.43745	5184.00487	5176.98173	5169.95858	5162.93543	5155.91228
1771992900	XAUUSD	M5	5183.09	5217.95788	5211.03337	5204.10887	5197.18436	5190.25985	5183.86529	5176.94078	5170.01628	5163.09177	5156.16727
1771993200	XAUUSD	M5	5182.11	5217.60676	5210.72929	5203.85182	5196.97435	5190.09688	5183.79793	5176.92046	5170.04299	5163.16552	5156.28805
1771993500	XAUUSD	M5	5182.90	5216.98357	5210.22665	5203.46974	5196.71283	5189.95591	5183.80016	5177.04325	5170.28634	5163.52942	5156.77251
1771993800	XAUUSD	M5	5181.53	5216.50142	5209.82642	5203.15142	5196.47642	5189.80142	5183.84152	5177.16652	5170.49152	5163.81652	5157.14152
1771994100	XAUUSD	M5	5182.73	5216.12866	5209.50008	5202.87150	5196.24292	5189.61434	5183.87016	5177.24158	5170.61300	5163.98442	5157.35584
1771994400	XAUUSD	M5	5184.20	5215.31989	5208.84896	5202.37803	5195.90711	5189.43618	5183.94079	5177.46986	5170.99894	5164.52801	5158.05709
1771994700	XAUUSD	M5	5180.96	5215.08536	5208.63543	5202.18549	5195.73555	5189.28561	5183.99562	5177.54569	5171.09575	5164.64581	5158.19587
1771995000	XAUUSD	M5	5181.32	5214.47838	5208.12783	5201.77727	5195.42672	5189.07616	5184.03605	5177.68549	5171.33494	5164.98438	5158.63383
1771995300	XAUUSD	M5	5182.75	5214.17001	5207.84526	5201.52051	5195.19575	5188.87100	5184.05011	5177.72536	5171.40061	5165.07585	5158.75110
1771995600	XAUUSD	M5	5186.68	5213.86215	5207.59486	5201.32758	5195.06029	5188.79301	5184.12088	5177.85360	5171.58632	5165.31903	5159.05175
1771995900	XAUUSD	M5	5188.00	5213.56744	5207.39614	5201.22484	5195.05355	5188.88225	5184.31948	5178.14819	5171.97689	5165.80560	5159.63430
1771996200	XAUUSD	M5	5188.46	5213.55344	5207.42529	5201.29715	5195.16900	5189.04085	5184.60825	5178.48010	5172.35195	5166.22380	5160.09566
1771996500	XAUUSD	M5	5192.45	5213.76370	5207.66555	5201.56741	5195.46926	5189.37111	5184.99047	5178.89232	5172.79418	5166.69603	5160.59788
1771996800	XAUUSD	M5	5188.73	5213.97682	5207.92269	5201.86855	5195.81442	5189.76028	5185.41324	5179.35910	5173.30497	5167.25083	5161.19670
1771997100	XAUUSD	M5	5195.42	5214.53382	5208.46605	5202.39827	5196.33049	5190.26271	5185.86357	5179.79579	5173.72801	5167.66023	5161.59245
1771997400	XAUUSD	M5	5197.44	5215.07425	5209.03617	5202.99808	5196.96000	5190.92191	5186.43387	5180.39579	5174.35770	5168.31962	5162.28153
1771997700	XAUUSD	M5	5197.80	5215.58881	5209.60314	5203.61746	5197.63178	5191.64610	5187.13056	5181.14488	5175.15920	5169.17352	5163.18784
1771998000	XAUUSD	M5	5202.94	5216.51528	5210.52065	5204.52602	5198.53139	5192.53676	5187.95522	5181.96059	5175.96596	5169.97133	5163.97670
1771998300	XAUUSD	M5	5209.19	5217.67072	5211.66911	5205.66751	5199.66590	5193.66430	5188.97188	5182.97028	5176.96867	5170.96707	5164.96546
1771998600	XAUUSD	M5	5208.07	5218.99899	5212.98998	5206.98096	5200.97195	5194.96294	5190.12813	5184.11911	5178.11010	5172.10109	5166.09208
1771998900	XAUUSD	M5	5201.74	5220.29984	5214.29811	5208.29638	5202.29465	5196.29292	5191.31276	5185.31104	5179.30931	5173.30758	5167.30585
1771999200	XAUUSD	M5	5193.75	5221.47811	5215.47163	5209.46515	5203.45867	5197.45219	5192.29426	5186.28778	5180.28130	5174.27481	5168.26833
1771999500	XAUUSD	M5	5186.70	5222.43912	5216.39863	5210.35813	5204.31764	5198.27715	5192.82946	5186.78896	5180.74847	5174.70798	5168.66748
1771999800	XAUUSD	M5	5191.97	5222.99152	5216.94301	5210.89449	5204.84597	5198.79745	5193.11729	5187.06877	5181.02025	5174.97173	5168.92321
1772000100	XAUUSD	M5	5193.73	5223.32890	5217.28587	5211.24285	5205.19982	5199.15680	5193.34772	5187.30469	5181.26167	5175.21864	5169.17562
1772000400	XAUUSD	M5	5190.48	5223.52305	5217.49478	5211.46651	5205.43824	5199.40997	5193.52662	5187.49834	5181.47007	5175.44180	5169.41353
1772000700	XAUUSD	M5	5189.73	5223.58101	5217.56373	5211.54645	5205.52916	5199.51188	5193.62625	5187.60897	5181.59169	5175.57440	5169.55712
1772001000	XAUUSD	M5	5192.82	5223.62723	5217.59964	5211.57204	5205.54445	5199.51686	5193.64884	5187.62125	5181.59366	5175.56607	5169.53847
1772001300	XAUUSD	M5	5193.24	5223.47696	5217.47801	5211.47906	5205.48011	5199.48116	5193.69807	5187.69912	5181.70017	5175.70121	5169.70226
1772001600	XAUUSD	M5	5191.41	5223.30871	5217.32828	5211.34785	5205.36742	5199.38699	5193.71334	5187.73291	5181.75247	5175.77204	5169.79161
1772001900	XAUUSD	M5	5192.00	5223.17485	5217.19516	5211.21547	5205.23578	5199.25609	5193.69728	5187.71759	5181.73790	5175.75820	5169.77851
1772002200	XAUUSD	M5	5191.93	5222.99617	5217.02611	5211.05605	5205.08599	5199.11593	5193.69170	5187.72164	5181.75158	5175.78152	5169.81146
1772002500	XAUUSD	M5	5194.61	5222.87232	5216.90053	5210.92874	5204.95695	5198.98516	5193.71464	5187.74285	5181.77106	5175.79927	5169.82748
1772002800	XAUUSD	M5	5188.34	5222.73313	5216.76837	5210.80362	5204.83887	5198.87412	5193.65951	5187.69475	5181.73000	5175.76525	5169.80050
1772003100	XAUUSD	M5	5193.06	5222.51410	5216.57527	5210.63644	5204.69762	5198.75879	5193.56561	5187.62678	5181.68795	5175.74912	5169.81030
1772003400	XAUUSD	M5	5188.68	5222.32501	5216.39903	5210.47304	5204.54705	5198.62106	5193.42216	5187.49617	5181.57019	5175.64420	5169.71821
1772003700	XAUUSD	M5	5186.70	5221.93608	5216.04787	5210.15967	5204.27146	5198.38325	5193.19544	5187.30723	5181.41902	5175.53081	5169.64260
1772004000	XAUUSD	M5	5186.63	5221.54015	5215.66861	5209.79706	5203.92552	5198.05398	5192.88611	5187.01456	5181.14302	5175.27148	5169.39993
1772004300	XAUUSD	M5	5189.46	5221.23182	5215.34361	5209.45540	5203.56719	5197.67898	5192.47345	5186.58524	5180.69703	5174.80882	5168.92061
1772004600	XAUUSD	M5	5188.38	5220.75203	5214.88777	5209.02351	5203.15925	5197.29499	5192.10084	5186.23658	5180.37232	5174.50806	5168.64380
1772004900	XAUUSD	M5	5186.80	5220.31535	5214.45733	5208.59930	5202.74128	5196.88325	5191.74429	5185.88627	5180.02824	5174.17022	5168.31219
1772005200	XAUUSD	M5	5186.27	5219.79331	5213.95288	5208.11245	5202.27202	5196.43158	5191.40906	5185.56863	5179.72820	5173.88777	5168.04734
1772005500	XAUUSD	M5	5187.63	5219.31093	5213.47988	5207.64883	5201.81778	5195.98673	5191.07498	5185.24393	5179.41288	5173.58183	5167.75078
1772005800	XAUUSD	M5	5182.71	5218.95616	5213.10159	5207.24703	5201.39246	5195.53789	5190.62471	5184.77014	5178.91557	5173.06100	5167.20643
1772006100	XAUUSD	M5	5184.69	5218.41996	5212.57336	5206.72675	5200.88015	5195.03354	5190.15590	5184.30929	5178.46269	5172.61608	5166.76948
1772006400	XAUUSD	M5	5188.03	5218.06054	5212.19610	5206.33165	5200.46721	5194.60276	5189.74556	5183.88112	5178.01667	5172.15223	5166.28778
1772006700	XAUUSD	M5	5186.77	5217.64472	5211.78009	5205.91546	5200.05083	5194.18620	5189.40904	5183.54442	5177.67979	5171.81516	5165.95053
1772007000	XAUUSD	M5	5187.30	5217.27425	5211.40783	5205.54141	5199.67499	5193.80857	5189.13266	5183.26624	5177.39982	5171.53340	5165.66698
1772007300	XAUUSD	M5	5192.50	5217.08777	5211.20382	5205.31987	5199.43592	5193.55196	5188.91591	5183.03196	5177.14801	5171.26406	5165.38011
1772007600	XAUUSD	M5	5193.17	5216.97868	5211.08874	5205.19880	5199.30886	5193.41892	5188.84301	5182.95307	5177.06314	5171.17320	5165.28326
1772007900	XAUUSD	M5	5193.46	5216.87305	5210.99428	5205.11552	5199.23675	5193.35799	5188.85780	5182.97904	5177.10027	5171.22151	5165.34274
1772008200	XAUUSD	M5	5195.27	5216.86990	5211.00305	5205.13620	5199.26934	5193.40249	5189.00279	5183.13593	5177.26908	5171.40223	5165.53538
1772008500	XAUUSD	M5	5193.88	5217.03784	5211.16858	5205.29932	5199.43006	5193.56080	5189.25981	5183.39055	5177.52129	5171.65203	5165.78277
1772008800	XAUUSD	M5	5192.21	5217.18481	5211.32259	5205.46037	5199.59814	5193.73592	5189.52539	5183.66317	5177.80095	5171.93873	5166.07650
1772009100	XAUUSD	M5	5192.13	5217.20390	5211.36483	5205.52575	5199.68668	5193.84761	5189.76596	5183.92689	5178.08781	5172.24874	5166.40967
1772009400	XAUUSD	M5	5187.71	5217.27376	5211.43277	5205.59179	5199.75080	5193.90981	5189.90145	5184.06046	5178.21947	5172.37849	5166.53750
1772009700	XAUUSD	M5	5185.37	5217.27796	5211.42833	5205.57870	5199.72907	5193.87945	5189.88299	5184.03336	5178.18373	5172.33410	5166.48447
1772010000	XAUUSD	M5	5181.47	5217.20569	5211.33093	5205.45618	5199.58143	5193.70667	5189.56639	5183.69164	5177.81688	5171.94213	5166.06738
1772010300	XAUUSD	M5	5184.69	5216.94599	5211.06217	5205.17834	5199.29451	5193.41069	5189.10923	5183.22540	5177.34158	5171.45775	5165.57392
1772010600	XAUUSD	M5	5183.72	5216.68092	5210.78302	5204.88512	5198.98722	5193.08931	5188.67717	5182.77927	5176.88137	5170.98347	5165.08557
1772010900	XAUUSD	M5	5185.94	5216.28731	5210.39255	5204.49780	5198.60305	5192.70830	5188.22586	5182.33111	5176.43636	5170.54160	5164.64685
1772011200	XAUUSD	M5	5186.75	5215.90283	5210.01369	5204.12455	5198.23542	5192.34628	5187.86106	5181.97193	5176.08279	5170.19366	5164.30452
1772011500	XAUUSD	M5	5186.75	5215.53825	5209.65628	5203.77430	5197.89233	5192.01035	5187.58571	5181.70374	5175.82176	5169.93979	5164.05781
1772011800	XAUUSD	M5	5189.38	5215.22257	5209.34948	5203.47640	5197.60331	5191.73022	5187.36870	5181.49561	5175.62253	5169.74944	5163.87635
1772012100	XAUUSD	M5	5191.08	5215.08521	5209.21391	5203.34262	5197.47132	5191.60003	5187.28388	5181.41259	5175.54129	5169.66999	5163.79870
1772012400	XAUUSD	M5	5191.02	5214.92594	5209.08310	5203.24026	5197.39742	5191.55458	5187.32704	5181.48420	5175.64136	5169.79852	5163.95568
1772012700	XAUUSD	M5	5190.63	5214.75432	5208.95210	5203.14988	5197.34766	5191.54543	5187.44315	5181.64093	5175.83870	5170.03648	5164.23426
1772013000	XAUUSD	M5	5190.48	5214.84484	5209.03996	5203.23509	5197.43021	5191.62533	5187.57984	5181.77496	5175.97008	5170.16521	5164.36033
1772013300	XAUUSD	M5	5193.27	5214.98008	5209.17107	5203.36205	5197.55304	5191.74403	5187.70067	5181.89166	5176.08264	5170.27363	5164.46462
1772013600	XAUUSD	M5	5188.91	5215.20435	5209.38423	5203.56410	5197.74398	5191.92386	5187.81856	5181.99844	5176.17831	5170.35819	5164.53807
1772013900	XAUUSD	M5	5184.33	5215.33032	5209.49903	5203.66773	5197.83643	5192.00514	5187.82572	5181.99443	5176.16313	5170.33184	5164.50054
1772014200	XAUUSD	M5	5184.63	5215.20004	5209.37967	5203.55930	5197.73893	5191.91856	5187.72323	5181.90286	5176.08249	5170.26212	5164.44175
1772014500	XAUUSD	M5	5177.70	5215.07862	5209.23041	5203.38220	5197.53399	5191.68578	5187.39212	5181.54391	5175.69570	5169.84750	5163.99929
1772014800	XAUUSD	M5	5174.18	5214.73293	5208.86447	5202.99601	5197.12756	5191.25910	5186.83577	5180.96731	5175.09885	5169.23040	5163.36194
1772015100	XAUUSD	M5	5175.13	5214.28258	5208.38159	5202.48060	5196.57962	5190.67863	5186.08998	5180.18900	5174.28801	5168.38702	5162.48603
1772015400	XAUUSD	M5	5173.24	5213.54426	5207.63537	5201.72648	5195.81759	5189.90870	5185.17528	5179.26639	5173.35751	5167.44862	5161.53973
1772015700	XAUUSD	M5	5179.02	5212.74855	5206.83503	5200.92152	5195.00800	5189.09448	5184.23810	5178.32458	5172.41106	5166.49755	5160.58403
1772016000	XAUUSD	M5	5176.86	5212.00316	5206.08144	5200.15971	5194.23798	5188.31625	5183.37273	5177.45100	5171.52927	5165.60754	5159.68581
1772016300	XAUUSD	M5	5175.40	5211.05631	5205.16316	5199.27001	5193.37686	5187.48372	5182.53999	5176.64684	5170.75369	5164.86054	5158.96740
1772016600	XAUUSD	M5	5174.48	5209.98412	5204.13634	5198.28857	5192.44079	5186.59301	5181.69135	5175.84357	5169.99579	5164.14802	5158.30024
1772016900	XAUUSD	M5	5175.16	5209.00141	5203.17456	5197.34770	5191.52085	5185.69400	5180.87577	5175.04892	5169.22207	5163.39522	5157.56837
1772017200	XAUUSD	M5	5171.44	5208.05843	5202.23886	5196.41929	5190.59972	5184.78016	5180.04495	5174.22538	5168.40582	5162.58625	5156.76668
1772017500	XAUUSD	M5	5169.77	5207.23492	5201.39905	5195.56319	5189.72732	5183.89146	5179.17145	5173.33559	5167.49972	5161.66386	5155.82799
1772017800	XAUUSD	M5	5163.64	5206.30843	5200.45448	5194.60053	5188.74658	5182.89262	5178.12052	5172.26657	5166.41262	5160.55867	5154.70472
1772018100	XAUUSD	M5	5159.68	5205.28145	5199.39120	5193.50096	5187.61071	5181.72046	5176.77560	5170.88536	5164.99511	5159.10486	5153.21462
1772018400	XAUUSD	M5	5165.08	5203.98424	5198.10109	5192.21794	5186.33480	5180.45165	5175.32432	5169.44117	5163.55802	5157.67487	5151.79172
1772018700	XAUUSD	M5	5168.85	5202.73341	5196.86075	5190.98810	5185.11544	5179.24279	5173.99217	5168.11952	5162.24687	5156.37421	5150.50156
1772019000	XAUUSD	M5	5169.86	5201.59115	5195.73807	5189.88498	5184.03189	5178.17881	5172.85485	5167.00176	5161.14868	5155.29559	5149.44250
1772019300	XAUUSD	M5	5167.67	5200.60978	5194.75460	5188.89941	5183.04423	5177.18904	5171.87148	5166.01629	5160.16111	5154.30592	5148.45074
1772019600	XAUUSD	M5	5173.18	5199.84326	5193.97240	5188.10153	5182.23067	5176.35980	5170.99624	5165.12537	5159.25451	5153.38364	5147.51278
1772019900	XAUUSD	M5	5173.30	5199.11047	5193.25189	5187.39331	5181.53473	5175.67615	5170.36241	5164.50383	5158.64525	5152.78667	5146.92809
1772020200	XAUUSD	M5	5173.62	5198.57454	5192.71892	5186.86331	5181.00769	5175.15207	5169.90580	5164.05018	5158.19457	5152.33895	5146.48333
1772020500	XAUUSD	M5	5181.67	5198.50367	5192.60658	5186.70948	5180.81238	5174.91528	5169.61784	5163.72074	5157.82365	5151.92655	5146.02945
1772020800	XAUUSD	M5	5179.73	5198.42243	5192.53941	5186.65638	5180.77336	5174.89033	5169.57181	5163.68878	5157.80576	5151.92273	5146.03971
1772021100	XAUUSD	M5	5181.07	5198.45792	5192.58978	5186.72163	5180.85348	5174.98533	5169.73731	5163.86916	5158.00101	5152.13287	5146.26472
1772021400	XAUUSD	M5	5182.11	5198.60321	5192.75222	5186.90123	5181.05025	5175.19926	5170.07479	5164.22380	5158.37281	5152.52182	5146.67084
1772021700	XAUUSD	M5	5183.84	5198.96880	5193.11744	5187.26608	5181.41473	5175.56337	5170.55511	5164.70375	5158.85239	5153.00103	5147.14967
1772022000	XAUUSD	M5	5186.84	5199.34935	5193.52595	5187.70256	5181.87916	5176.05577	5171.16338	5165.33998	5159.51659	5153.69319	5147.86980
1772022300	XAUUSD	M5	5183.54	5199.97152	5194.13892	5188.30633	5182.47374	5176.64115	5171.85003	5166.01743	5160.18484	5154.35225	5148.51966
1772022600	XAUUSD	M5	5179.74	5200.11701	5194.39133	5188.66566	5182.93998	5177.21430	5172.47596	5166.75028	5161.02460	5155.29892	5149.57324
1772022900	XAUUSD	M5	5183.98	5200.57772	5194.86970	5189.16167	5183.45365	5177.74563	5172.99885	5167.29083	5161.58280	5155.87478	5150.16675
1772023200	XAUUSD	M5	5184.73	5201.05441	5195.36503	5189.67564	5183.98626	5178.29688	5173.57489	5167.88551	5162.19613	5156.50675	5150.81736
1772023500	XAUUSD	M5	5185.06	5201.45208	5195.79535	5190.13862	5184.48189	5178.82517	5174.21029	5168.55356	5162.89684	5157.24011	5151.58338
