timestamp	symbol	timeframe	close	sr_1	sr_2	sr_3	sr_4	sr_5	sr_6	sr_7	sr_8
1771866300	XAUUSD	M5	5208.84	5190.63	5173.23	5153.01	5132.14	5210.47			
1771866600	XAUUSD	M5	5203.74	5190.63	5173.23	5153.01	5132.14	5210.47			
1771866900	XAUUSD	M5	5207.00	5190.63	5173.23	5153.01	5132.14	5210.47			
1771867200	XAUUSD	M5	5209.53	5190.63	5173.23	5153.01	5132.14	5210.47			
1771867500	XAUUSD	M5	5210.26	5190.63	5173.23	5153.01	5132.14	5210.47			
1771867800	XAUUSD	M5	5207.93	5190.63	5173.23	5153.01	5132.14	5210.47			
1771868100	XAUUSD	M5	5196.53	5190.63	5173.23	5153.01	5132.14	5210.47			
1771868400	XAUUSD	M5	5199.50	5190.63	5173.23	5153.01	5132.14	5210.47			
1771868700	XAUUSD	M5	5199.64	5190.63	5173.23	5153.01	5132.14	5210.47			
1771869000	XAUUSD	M5	5205.15	5190.63	5173.23	5153.01	5132.14	5210.47			
1771869300	XAUUSD	M5	5207.93	5190.63	5173.23	5153.01	5132.14	5210.47			
1771869600	XAUUSD	M5	5210.03	5190.63	5173.23	5153.01	5132.14	5210.47			
1771869900	XAUUSD	M5	5214.29	5210.47	5190.63	5173.23	5153.01				
1771870200	XAUUSD	M5	5213.44	5210.47	5190.63	5173.23	5153.01				
1771870500	XAUUSD	M5	5207.98	5190.63	5173.23	5153.01	5132.14	5210.47			
1771870800	XAUUSD	M5	5206.36	5190.63	5173.23	5153.01	5132.14	5210.47			
1771871100	XAUUSD	M5	5206.12	5190.63	5173.23	5153.01	5132.14	5210.47			
1771871400	XAUUSD	M5	5208.20	5190.63	5173.23	5153.01	5132.14	5210.47			
1771871700	XAUUSD	M5	5208.85	5190.63	5173.23	5153.01	5132.14	5210.47			
1771872000	XAUUSD	M5	5206.47	5190.63	5173.23	5153.01	5132.14	5210.47			
1771872300	XAUUSD	M5	5209.31	5190.63	5173.23	5153.01	5132.14	5210.47			
1771872600	XAUUSD	M5	5210.55	5210.47	5190.63	5173.23	5153.01				
1771872900	XAUUSD	M5	5209.60	5190.63	5173.23	5153.01	5132.14	5210.47			
1771873200	XAUUSD	M5	5209.32	5190.63	5173.23	5153.01	5132.14	5210.47			
1771873500	XAUUSD	M5	5209.55	5190.63	5173.23	5153.01	5132.14	5210.47			
1771873800	XAUUSD	M5	5211.41	5210.47	5190.63	5173.23	5153.01				
1771874100	XAUUSD	M5	5212.34	5210.47	5190.63	5173.23	5153.01				
1771874400	XAUUSD	M5	5211.58	5210.47	5190.63	5173.23	5153.01				
1771874700	XAUUSD	M5	5209.15	5190.63	5173.23	5153.01	5132.14	5210.47			
1771875000	XAUUSD	M5	5212.28	5210.47	5190.63	5173.23	5153.01				
1771875300	XAUUSD	M5	5215.09	5210.47	5190.63	5173.23	5153.01				
1771875600	XAUUSD	M5	5216.92	5210.47	5190.63	5173.23	5153.01				
1771875900	XAUUSD	M5	5217.27	5210.47	5190.63	5173.23	5153.01				
1771876200	XAUUSD	M5	5216.23	5210.47	5190.63	5173.23	5153.01				
1771876500	XAUUSD	M5	5215.53	5210.47	5190.63	5173.23	5153.01				
1771876800	XAUUSD	M5	5222.46	5210.47	5190.63	5173.23	5153.01				
1771877100	XAUUSD	M5	5222.72	5210.47	5190.63	5173.23	5153.01				
1771877400	XAUUSD	M5	5223.05	5210.47	5190.63	5173.23	5153.01				
1771877700	XAUUSD	M5	5223.88	5210.47	5190.63	5173.23	5153.01				
1771878000	XAUUSD	M5	5224.41	5210.47	5190.63	5173.23	5153.01				
1771878300	XAUUSD	M5	5225.01	5210.47	5190.63	5173.23	5153.01				
1771878600	XAUUSD	M5	5227.75	5210.47	5190.63	5173.23	5153.01				
1771878900	XAUUSD	M5	5229.24	5210.47	5190.63	5173.23	5153.01				
1771879200	XAUUSD	M5	5227.62	5210.47	5190.63	5173.23	5153.01				
1771879500	XAUUSD	M5	5228.63	5210.47	5190.63	5173.23	5153.01				
1771879800	XAUUSD	M5	5234.08	5210.47	5190.63	5173.23	5153.01				
1771880100	XAUUSD	M5	5236.35	5210.47	5190.63	5173.23	5153.01				
1771880400	XAUUSD	M5	5234.74	5210.47	5190.63	5173.23	5153.01				
1771880700	XAUUSD	M5	5234.29	5210.47	5190.63	5173.23	5153.01				
1771881000	XAUUSD	M5	5231.07	5210.47	5190.63	5173.23	5153.01				
1771881300	XAUUSD	M5	5231.25	5210.47	5190.63	5173.23	5153.01				
1771881600	XAUUSD	M5	5230.38	5210.47	5190.63	5173.23	5153.01				
1771881900	XAUUSD	M5	5229.90	5210.47	5190.63	5173.23	5153.01				
1771882200	XAUUSD	M5	5231.61	5210.47	5190.63	5173.23	5153.01				
1771882500	XAUUSD	M5	5230.14	5210.47	5190.63	5173.23	5153.01				
1771882800	XAUUSD	M5	5228.85	5210.47	5190.63	5173.23	5153.01				
1771883100	XAUUSD	M5	5231.41	5210.47	5190.63	5173.23	5153.01				
1771883400	XAUUSD	M5	5229.11	5210.47	5190.63	5173.23	5153.01				
1771883700	XAUUSD	M5	5227.66	5210.47	5190.63	5173.23	5153.01				
1771887600	XAUUSD	M5	5243.55	5210.47	5190.63	5173.23	5153.01				
1771887900	XAUUSD	M5	5241.43	5210.47	5190.63	5173.23	5153.01				
1771888200	XAUUSD	M5	5244.75	5210.47	5190.63	5173.23	5153.01				
1771888500	XAUUSD	M5	5246.84	5210.47	5190.63	5173.23	5153.01				
1771888800	XAUUSD	M5	5239.49	5210.47	5190.63	5173.23	5153.01				
1771889100	XAUUSD	M5	5236.76	5210.47	5190.63	5173.23	5153.01				
1771889400	XAUUSD	M5	5245.97	5210.47	5190.63	5173.23	5153.01				
1771889700	XAUUSD	M5	5240.97	5210.47	5190.63	5173.23	5153.01				
1771890000	XAUUSD	M5	5242.63	5210.47	5190.63	5173.23	5153.01				
1771890300	XAUUSD	M5	5242.32	5210.47	5190.63	5173.23	5153.01				
1771890600	XAUUSD	M5	5234.64	5210.47	5190.63	5173.23	5153.01				
1771890900	XAUUSD	M5	5235.72	5210.47	5190.63	5173.23	5153.01				
1771891200	XAUUSD	M5	5230.28	5210.47	5190.63	5173.23	5153.01				
1771891500	XAUUSD	M5	5227.91	5210.47	5190.63	5173.23	5153.01				
1771891800	XAUUSD	M5	5229.97	5210.47	5190.63	5173.23	5153.01				
1771892100	XAUUSD	M5	5231.93	5210.47	5190.63	5173.23	5153.01				
1771892400	XAUUSD	M5	5235.66	5210.47	5190.63	5173.23	5153.01				
1771892700	XAUUSD	M5	5225.74	5210.47	5190.63	5173.23	5153.01				
1771893000	XAUUSD	M5	5228.48	5210.47	5190.63	5173.23	5153.01				
1771893300	XAUUSD	M5	5227.52	5210.47	5190.63	5173.23	5153.01				
1771893600	XAUUSD	M5	5230.50	5210.47	5190.63	5173.23	5153.01				
1771893900	XAUUSD	M5	5229.99	5210.47	5190.63	5173.23	5153.01				
1771894200	XAUUSD	M5	5227.17	5210.47	5190.63	5173.23	5153.01				
1771894500	XAUUSD	M5	5224.07	5210.47	5190.63	5173.23	5153.01				
1771894800	XAUUSD	M5	5213.29	5210.47	5190.63	5173.23	5153.01				
1771895100	XAUUSD	M5	5207.71	5190.63	5173.23	5153.01	5132.14	5210.47			
1771895400	XAUUSD	M5	5184.95	5173.23	5153.01	5132.14	5094.27	5190.63	5210.47		
1771895700	XAUUSD	M5	5160.05	5153.01	5132.14	5094.27		5173.23	5190.63	5210.47	
1771896000	XAUUSD	M5	5150.49	5132.14	5094.27			5153.01	5173.23	5190.63	5210.47
1771896300	XAUUSD	M5	5164.59	5153.01	5132.14	5094.27		5173.23	5190.63	5210.47	
1771896600	XAUUSD	M5	5170.75	5153.01	5132.14	5094.27		5173.23	5190.63	5210.47	
1771896900	XAUUSD	M5	5164.39	5153.01	5132.14	5094.27		5173.23	5190.63	5210.47	
1771897200	XAUUSD	M5	5173.68	5173.23	5153.01	5132.14	5094.27	5190.63	5210.47		
1771897500	XAUUSD	M5	5178.53	5173.23	5153.01	5132.14	5094.27	5190.63	5210.47		
1771897800	XAUUSD	M5	5167.46	5153.01	5132.14	5094.27		5173.23	5190.63	5210.47	
1771898100	XAUUSD	M5	5177.22	5173.23	5153.01	5132.14	5094.27	5190.63	5210.47		
1771898400	XAUUSD	M5	5171.74	5153.01	5132.14	5094.27		5173.23	5190.63	5210.47	
1771898700	XAUUSD	M5	5172.79	5153.01	5132.14	5094.27		5173.23	5190.63	5210.47	
1771899000	XAUUSD	M5	5172.65	5153.01	5132.14	5094.27		5173.23	5190.63	5210.47	
1771899300	XAUUSD	M5	5172.58	5153.01	5132.14	5094.27		5173.23	5190.63	5210.47	
1771899600	XAUUSD	M5	5169.31	5153.01	5132.14	5094.27		5173.23	5190.63	5210.47	
1771899900	XAUUSD	M5	5173.26	5173.23	5153.01	5132.14	5094.27	5190.63	5210.47		
1771900200	XAUUSD	M5	5184.16	5173.23	5153.01	5132.14	5094.27	5190.63	5210.47		
1771900500	XAUUSD	M5	5187.96	5173.23	5153.01	5132.14	5094.27	5190.63	5210.47		
1771900800	XAUUSD	M5	5183.56	5173.23	5153.01	5132.14	5094.27	5190.63	5210.47		
1771901100	XAUUSD	M5	5186.01	5173.23	5153.01	5132.14	5094.27	5190.63	5210.47		
1771901400	XAUUSD	M5	5184.82	5173.23	5153.01	5132.14	5094.27	5190.63	5210.47		
1771901700	XAUUSD	M5	5190.00	5173.23	5153.01	5132.14	5094.27	5190.63	5210.47		
1771902000	XAUUSD	M5	5186.92	5173.23	5153.01	5132.14	5094.27	5190.63	5210.47		
1771902300	XAUUSD	M5	5187.92	5173.23	5153.01	5132.14	5094.27	5190.63	5210.47		
1771902600	XAUUSD	M5	5188.87	5173.23	5153.01	5132.14	5094.27	5190.63	5210.47		
1771902900	XAUUSD	M5	5186.90	5173.23	5153.01	5132.14	5094.27	5190.63	5210.47		
1771903200	XAUUSD	M5	5187.02	5173.23	5153.01	5132.14	5094.27	5190.63	5210.47		
1771903500	XAUUSD	M5	5182.76	5173.23	5153.01	5132.14	5094.27	5190.63	5210.47		
1771903800	XAUUSD	M5	5186.08	5173.23	5153.01	5132.14	5094.27	5190.63	5210.47		
1771904100	XAUUSD	M5	5184.50	5173.23	5153.01	5132.14	5094.27	5190.63	5210.47		
1771904400	XAUUSD	M5	5179.40	5173.23	5153.01	5132.14	5094.27	5190.63	5210.47		
1771904700	XAUUSD	M5	5175.94	5173.23	5153.01	5132.14	5094.27	5190.63	5210.47		
1771905000	XAUUSD	M5	5175.98	5173.23	5153.01	5132.14	5094.27	5190.63	5210.47		
1771905300	XAUUSD	M5	5172.13	5153.01	5132.14	5094.27		5173.23	5190.63	5210.47	
1771905600	XAUUSD	M5	5164.12	5153.01	5132.14	5094.27		5173.23	5190.63	5210.47	
1771905900	XAUUSD	M5	5168.81	5153.01	5132.14	5094.27		5173.23	5190.63	5210.47	
1771906200	XAUUSD	M5	5168.31	5153.01	5132.14	5094.27		5173.23	5190.63	5210.47	
1771906500	XAUUSD	M5	5171.55	5153.01	5132.14	5094.27		5173.23	5190.63	5210.47	
1771906800	XAUUSD	M5	5171.60	5153.01	5132.14	5094.27		5173.23	5190.63	5210.47	
1771907100	XAUUSD	M5	5172.07	5153.01	5132.14	5094.27		5173.23	5190.63	5210.47	
1771907400	XAUUSD	M5	5167.72	5153.01	5132.14	5094.27		5173.23	5190.63	5210.47	
1771907700	XAUUSD	M5	5169.07	5153.01	5132.14	5094.27		5173.23	5190.63	5210.47	
1771908000	XAUUSD	M5	5164.71	5153.01	5132.14	5094.27		5173.23	5190.63	5210.47	
1771908300	XAUUSD	M5	5170.68	5153.01	5132.14	5094.27		5173.23	5190.63	5210.47	
1771908600	XAUUSD	M5	5168.41	5153.01	5132.14	5094.27		5173.23	5190.63	5210.47	
1771908900	XAUUSD	M5	5168.24	5153.01	5132.14	5094.27		5173.23	5190.63	5210.47	
1771909200	XAUUSD	M5	5170.91	5153.01	5132.14	5094.27		5173.23	5190.63	5210.47	
1771909500	XAUUSD	M5	5170.79	5153.01	5132.14	5094.27		5173.23	5190.63	5210.47	
1771909800	XAUUSD	M5	5172.12	5153.01	5132.14	5094.27		5173.23	5190.63	5210.47	
1771910100	XAUUSD	M5	5172.34	5153.01	5132.14	5094.27		5173.23	5190.63	5210.47	
1771910400	XAUUSD	M5	5173.57	5173.23	5153.01	5132.14	5094.27	5190.63	5210.47		
1771910700	XAUUSD	M5	5167.46	5153.01	5132.14	5094.27		5173.23	5190.63	5210.47	
1771911000	XAUUSD	M5	5172.36	5153.01	5132.14	5094.27		5173.23	5190.63	5210.47	
1771911300	XAUUSD	M5	5171.22	5153.01	5132.14	5094.27		5173.23	5190.63	5210.47	
1771911600	XAUUSD	M5	5172.77	5153.01	5132.14	5094.27		5173.23	5190.63	5210.47	
1771911900	XAUUSD	M5	5174.39	5173.23	5153.01	5132.14	5094.27	5190.63	5210.47		
1771912200	XAUUSD	M5	5180.92	5173.23	5153.01	5132.14	5094.27	5190.63	5210.47		
1771912500	XAUUSD	M5	5182.53	5173.23	5153.01	5132.14	5094.27	5190.63	5210.47		
1771912800	XAUUSD	M5	5180.50	5173.23	5153.01	5132.14	5094.27	5190.63	5210.47		
1771913100	XAUUSD	M5	5183.03	5173.23	5153.01	5132.14	5094.27	5190.63	5210.47		
1771913400	XAUUSD	M5	5182.71	5173.23	5153.01	5132.14	5094.27	5190.63	5210.47		
1771913700	XAUUSD	M5	5180.91	5173.23	5153.01	5132.14	5094.27	5190.63	5210.47		
1771914000	XAUUSD	M5	5177.84	5173.23	5153.01	5132.14	5094.27	5190.63	5210.47		
1771914300	XAUUSD	M5	5168.85	5153.01	5132.14	5094.27		5173.23	5190.63	5210.47	
1771914600	XAUUSD	M5	5166.34	5153.01	5132.14	5094.27		5173.23	5190.63	5210.47	
1771914900	XAUUSD	M5	5173.16	5153.01	5132.14	5094.27		5173.23	5190.63	5210.47	
1771915200	XAUUSD	M5	5169.02	5153.01	5132.14	5094.27		5173.23	5190.63	5210.47	
1771915500	XAUUSD	M5	5173.23	5153.01	5132.14	5094.27		5190.63	5210.47		
1771915800	XAUUSD	M5	5168.55	5153.01	5132.14	5094.27		5173.23	5190.63	5210.47	
1771916100	XAUUSD	M5	5173.55	5173.23	5153.01	5132.14	5094.27	5190.63	5210.47		
1771916400	XAUUSD	M5	5170.45	5153.01	5132.14	5094.27		5173.23	5190.63	5210.47	
1771916700	XAUUSD	M5	5167.18	5153.01	5132.14	5094.27		5173.23	5190.63	5210.47	
1771917000	XAUUSD	M5	5171.39	5153.01	5132.14	5094.27		5173.23	5190.63	5210.47	
1771917300	XAUUSD	M5	5178.90	5173.23	5153.01	5132.14	5094.27	5190.63	5210.47		
1771917600	XAUUSD	M5	5174.70	5173.23	5153.01	5132.14	5094.27	5190.63	5210.47		
1771917900	XAUUSD	M5	5183.34	5173.23	5153.01	5132.14	5094.27	5190.63	5210.47		
1771918200	XAUUSD	M5	5179.55	5173.23	5153.01	5132.14	5094.27	5190.63	5210.47		
1771918500	XAUUSD	M5	5178.19	5173.23	5153.01	5132.14	5094.27	5190.63	5210.47		
1771918800	XAUUSD	M5	5179.90	5173.23	5153.01	5132.14	5094.27	5190.63	5210.47		
1771919100	XAUUSD	M5	5176.84	5173.23	5153.01	5132.14	5094.27	5190.63	5210.47		
1771919400	XAUUSD	M5	5180.85	5173.23	5153.01	5132.14	5094.27	5190.63	5210.47		
1771919700	XAUUSD	M5	5179.38	5173.23	5153.01	5132.14	5094.27	5190.63	5210.47		
1771920000	XAUUSD	M5	5172.85	5153.01	5132.14	5094.27		5173.23	5190.63	5210.47	
1771920300	XAUUSD	M5	5175.46	5173.23	5153.01	5132.14	5094.27	5190.63	5210.47		
1771920600	XAUUSD	M5	5171.86	5153.01	5132.14	5094.27		5173.23	5190.63	5210.47	
1771920900	XAUUSD	M5	5168.05	5153.01	5132.14	5094.27		5173.23	5190.63	5210.47	
1771921200	XAUUSD	M5	5173.58	5173.23	5153.01	5132.14	5094.27	5190.63	5210.47		
1771921500	XAUUSD	M5	5170.52	5153.01	5132.14	5094.27		5173.23	5190.63	5210.47	
1771921800	XAUUSD	M5	5180.56	5173.23	5153.01	5132.14	5094.27	5190.63	5210.47		
1771922100	XAUUSD	M5	5178.96	5173.23	5153.01	5132.14	5094.27	5190.63	5210.47		
1771922400	XAUUSD	M5	5174.90	5173.23	5153.01	5132.14	5094.27	5190.63	5210.47		
1771922700	XAUUSD	M5	5172.38	5153.01	5132.14	5094.27		5173.23	5190.63	5210.47	
1771923000	XAUUSD	M5	5171.81	5153.01	5132.14	5094.27		5173.23	5190.63	5210.47	
1771923300	XAUUSD	M5	5173.59	5173.23	5153.01	5132.14	5094.27	5190.63	5210.47		
1771923600	XAUUSD	M5	5176.56	5173.23	5153.01	5132.14	5094.27	5190.63	5210.47		
1771923900	XAUUSD	M5	5177.61	5173.23	5153.01	5132.14	5094.27	5190.63	5210.47		
1771924200	XAUUSD	M5	5172.56	5153.01	5132.14	5094.27		5173.23	5190.63	5210.47	
1771924500	XAUUSD	M5	5172.21	5153.01	5132.14	5094.27		5173.23	5190.63	5210.47	
1771924800	XAUUSD	M5	5170.45	5153.01	5132.14	5094.27		5173.23	5190.63	5210.47	
1771925100	XAUUSD	M5	5168.37	5153.01	5132.14	5094.27		5173.23	5190.63	5210.47	
1771925400	XAUUSD	M5	5172.74	5153.01	5132.14	5094.27		5173.23	5190.63	5210.47	
1771925700	XAUUSD	M5	5170.42	5153.01	5132.14	5094.27		5173.23	5190.63	5210.47	
1771926000	XAUUSD	M5	5170.03	5153.01	5132.14	5094.27		5173.23	5190.63	5210.47	
1771926300	XAUUSD	M5	5170.00	5153.01	5132.14	5094.27		5173.23	5190.63	5210.47	
1771926600	XAUUSD	M5	5170.50	5153.01	5132.14	5094.27		5173.23	5190.63	5210.47	
1771926900	XAUUSD	M5	5171.47	5153.01	5132.14	5094.27		5173.23	5190.63	5210.47	
1771927200	XAUUSD	M5	5175.98	5173.23	5153.01	5132.14	5094.27	5190.63	5210.47		
1771927500	XAUUSD	M5	5173.19	5153.01	5132.14	5094.27		5173.23	5190.63	5210.47	
1771927800	XAUUSD	M5	5174.63	5173.23	5153.01	5132.14	5094.27	5190.63	5210.47		
1771928100	XAUUSD	M5	5173.97	5173.23	5153.01	5132.14	5094.27	5190.63	5210.47		
1771928400	XAUUSD	M5	5180.58	5173.23	5153.01	5132.14	5094.27	5190.63	5210.47		
1771928700	XAUUSD	M5	5175.97	5173.23	5153.01	5132.14	5094.27	5190.63	5210.47		
1771929000	XAUUSD	M5	5167.24	5153.01	5132.14	5094.27		5173.23	5190.63	5210.47	
1771929300	XAUUSD	M5	5166.79	5153.01	5132.14	5094.27		5173.23	5190.63	5210.47	
1771929600	XAUUSD	M5	5170.39	5153.01	5132.14	5094.27		5173.23	5190.63	5210.47	
1771929900	XAUUSD	M5	5170.29	5153.01	5132.14	5094.27		5173.23	5190.63	5210.47	
1771930200	XAUUSD	M5	5172.72	5153.01	5132.14	5094.27		5173.23	5190.63	5210.47	
1771930500	XAUUSD	M5	5172.82	5153.01	5132.14	5094.27		5173.23	5190.63	5210.47	
1771930800	XAUUSD	M5	5175.76	5173.23	5153.01	5132.14	5094.27	5190.63	5210.47		
1771931100	XAUUSD	M5	5173.66	5173.23	5153.01	5132.14	5094.27	5190.63	5210.47		
1771931400	XAUUSD	M5	5176.37	5173.23	5153.01	5132.14	5094.27	5190.63	5210.47		
1771931700	XAUUSD	M5	5174.00	5173.23	5153.01	5132.14	5094.27	5190.63	5210.47		
1771932000	XAUUSD	M5	5171.96	5153.01	5132.14	5094.27		5173.23	5190.63	5210.47	
1771932300	XAUUSD	M5	5174.68	5173.23	5153.01	5132.14	5094.27	5190.63	5210.47		
1771932600	XAUUSD	M5	5174.23	5173.23	5153.01	5132.14	5094.27	5190.63	5210.47		
1771932900	XAUUSD	M5	5176.43	5173.23	5153.01	5132.14	5094.27	5190.63	5210.47		
1771933200	XAUUSD	M5	5178.18	5173.23	5153.01	5132.14	5094.27	5190.63	5210.47		
1771933500	XAUUSD	M5	5173.77	5173.23	5153.01	5132.14	5094.27	5190.63	5210.47		
1771933800	XAUUSD	M5	5175.54	5173.23	5153.01	5132.14	5094.27	5190.63	5210.47		
1771934100	XAUUSD	M5	5172.69	5153.01	5132.14	5094.27		5173.23	5190.63	5210.47	
1771934400	XAUUSD	M5	5169.59	5153.01	5132.14	5094.27		5173.23	5190.63	5210.47	
1771934700	XAUUSD	M5	5170.71	5153.01	5132.14	5094.27		5173.23	5190.63	5210.47	
1771935000	XAUUSD	M5	5167.55	5153.01	5132.14	5094.27		5173.23	5190.63	5210.47	
1771935300	XAUUSD	M5	5151.32	5132.14	5094.27			5153.01	5173.23	5190.63	5210.47
1771935600	XAUUSD	M5	5158.40	5153.01	5132.14	5094.27		5173.23	5190.63	5210.47	
1771935900	XAUUSD	M5	5161.67	5153.01	5132.14	5094.27		5173.23	5190.63	5210.47	
1771936200	XAUUSD	M5	5159.53	5153.01	5132.14	5094.27		5173.23	5190.63	5210.47	
1771936500	XAUUSD	M5	5156.46	5153.01	5132.14	5094.27		5173.23	5190.63	5210.47	
1771936800	XAUUSD	M5	5158.08	5153.01	5132.14	5094.27		5173.23	5190.63	5210.47	
1771937100	XAUUSD	M5	5154.50	5153.01	5132.14	5094.27		5173.23	5190.63	5210.47	
1771937400	XAUUSD	M5	5147.04	5132.14	5094.27			5153.01	5173.23	5190.63	5210.47
1771937700	XAUUSD	M5	5150.85	5132.14	5094.27			5153.01	5173.23	5190.63	5210.47
1771938000	XAUUSD	M5	5154.93	5153.01	5132.14	5094.27		5173.23	5190.63	5210.47	
1771938300	XAUUSD	M5	5158.55	5153.01	5132.14	5094.27		5173.23	5190.63	5210.47	
1771938600	XAUUSD	M5	5159.00	5153.01	5132.14	5094.27		5173.23	5190.63	5210.47	
1771938900	XAUUSD	M5	5152.92	5132.14	5094.27			5153.01	5173.23	5190.63	5210.47
1771939200	XAUUSD	M5	5156.97	5153.01	5132.14	5094.27		5173.23	5190.63	5210.47	
1771939500	XAUUSD	M5	5156.43	5153.01	5132.14	5094.27		5173.23	5190.63	5210.47	
1771939800	XAUUSD	M5	5153.87	5153.01	5132.14	5094.27		5173.23	5190.63	5210.47	
1771940100	XAUUSD	M5	5138.59	5132.14	5094.27			5153.01	5173.23	5190.63	5210.47
1771940400	XAUUSD	M5	5146.00	5132.14	5094.27			5153.01	5173.23	5190.63	5210.47
1771940700	XAUUSD	M5	5126.45	5094.27				5132.14	5153.01	5173.23	5190.63
1771941000	XAUUSD	M5	5133.11	5132.14	5094.27			5153.01	5173.23	5190.63	5210.47
1771941300	XAUUSD	M5	5115.35	5094.27				5132.14	5153.01	5173.23	5190.63
1771941600	XAUUSD	M5	5118.10	5094.27				5132.14	5153.01	5173.23	5190.63
1771941900	XAUUSD	M5	5121.27	5094.27				5132.14	5153.01	5173.23	5190.63
1771942200	XAUUSD	M5	5105.37	5094.27				5132.14	5153.01	5173.23	5190.63
1771942500	XAUUSD	M5	5101.94	5094.27				5132.14	5153.01	5173.23	5190.63
1771942800	XAUUSD	M5	5118.74	5094.27				5132.14	5153.01	5173.23	5190.63
1771943100	XAUUSD	M5	5115.57	5094.27				5132.14	5153.01	5173.23	5190.63
1771943400	XAUUSD	M5	5117.70	5094.27				5132.14	5153.01	5173.23	5190.63
1771943700	XAUUSD	M5	5135.10	5132.14	5094.27			5153.01	5173.23	5190.63	5210.47
1771944000	XAUUSD	M5	5137.20	5132.14	5094.27			5153.01	5173.23	5190.63	5210.47
1771944300	XAUUSD	M5	5132.98	5132.14	5094.27			5153.01	5173.23	5190.63	5210.47
1771944600	XAUUSD	M5	5129.76	5094.27				5132.14	5153.01	5173.23	5190.63
1771944900	XAUUSD	M5	5127.73	5094.27				5132.14	5153.01	5173.23	5190.63
1771945200	XAUUSD	M5	5125.43	5094.27				5132.14	5153.01	5173.23	5190.63
1771945500	XAUUSD	M5	5135.47	5132.14	5094.27			5153.01	5173.23	5190.63	5210.47
1771945800	XAUUSD	M5	5136.96	5132.14	5094.27			5153.01	5173.23	5190.63	5210.47
1771946100	XAUUSD	M5	5140.13	5132.14	5094.27			5153.01	5173.23	5190.63	5210.47
1771946400	XAUUSD	M5	5143.55	5132.14	5094.27			5153.01	5173.23	5190.63	5210.47
1771946700	XAUUSD	M5	5138.31	5132.14	5094.27			5153.01	5173.23	5190.63	5210.47
1771947000	XAUUSD	M5	5140.81	5132.14	5094.27			5153.01	5173.23	5190.63	5210.47
1771947300	XAUUSD	M5	5144.64	5132.14	5094.27			5153.01	5173.23	5190.63	5210.47
1771947600	XAUUSD	M5	5149.82	5132.14	5094.27			5153.01	5173.23	5190.63	5210.47
1771947900	XAUUSD	M5	5152.66	5132.14	5094.27			5153.01	5173.23	5190.63	5210.47
1771948200	XAUUSD	M5	5145.91	5132.14	5094.27			5153.01	5173.23	5190.63	5210.47
1771948500	XAUUSD	M5	5150.30	5132.14	5094.27			5153.01	5173.23	5190.63	5210.47
1771948800	XAUUSD	M5	5148.95	5132.14	5094.27			5153.01	5173.23	5190.63	5210.47
1771949100	XAUUSD	M5	5143.97	5132.14	5094.27			5153.01	5173.23	5190.63	5210.47
1771949400	XAUUSD	M5	5147.46	5132.14	5094.27			5153.01	5173.23	5190.63	5210.47
1771949700	XAUUSD	M5	5147.64	5132.14	5094.27			5153.01	5173.23	5190.63	5210.47
1771950000	XAUUSD	M5	5143.16	5132.14	5094.27			5153.01	5173.23	5190.63	5210.47
1771950300	XAUUSD	M5	5143.63	5132.14	5094.27			5153.01	5173.23	5190.63	5210.47
1771950600	XAUUSD	M5	5137.39	5132.14	5094.27			5153.01	5173.23	5190.63	5210.47
1771950900	XAUUSD	M5	5145.77	5132.14	5094.27			5153.01	5173.23	5190.63	5210.47
1771951200	XAUUSD	M5	5145.42	5132.14	5094.27			5153.01	5173.23	5190.63	5210.47
1771951500	XAUUSD	M5	5136.17	5132.14	5094.27			5153.01	5173.23	5190.63	5210.47
1771951800	XAUUSD	M5	5137.98	5132.14	5094.27			5153.01	5173.23	5190.63	5210.47
1771952100	XAUUSD	M5	5141.80	5132.14	5094.27			5153.01	5173.23	5190.63	5210.47
1771952400	XAUUSD	M5	5149.39	5132.14	5094.27			5153.01	5173.23	5190.63	5210.47
1771952700	XAUUSD	M5	5152.87	5132.14	5094.27			5153.01	5173.23	5190.63	5210.47
1771953000	XAUUSD	M5	5156.23	5153.01	5132.14	5094.27		5173.23	5190.63	5210.47	
1771953300	XAUUSD	M5	5160.92	5153.01	5132.14	5094.27		5173.23	5190.63	5210.47	
1771953600	XAUUSD	M5	5160.04	5153.01	5132.14	5094.27		5173.23	5190.63	5210.47	
1771953900	XAUUSD	M5	5158.52	5153.01	5132.14	5094.27		5173.23	5190.63	5210.47	
1771954200	XAUUSD	M5	5158.27	5153.01	5132.14	5094.27		5173.23	5190.63	5210.47	
1771954500	XAUUSD	M5	5158.37	5153.01	5132.14	5094.27		5173.23	5190.63	5210.47	
1771954800	XAUUSD	M5	5160.52	5153.01	5132.14	5094.27		5173.23	5190.63	5210.47	
1771955100	XAUUSD	M5	5160.16	5153.01	5132.14	5094.27		5173.23	5190.63	5210.47	
1771955400	XAUUSD	M5	5159.04	5153.01	5132.14	5094.27		5173.23	5190.63	5210.47	
1771955700	XAUUSD	M5	5163.64	5153.01	5132.14	5094.27		5173.23	5190.63	5210.47	
1771956000	XAUUSD	M5	5167.21	5153.01	5132.14	5094.27		5173.23	5190.63	5210.47	
1771956300	XAUUSD	M5	5168.50	5153.01	5132.14	5094.27		5173.23	5190.63	5210.47	
1771956600	XAUUSD	M5	5164.24	5153.01	5132.14	5094.27		5173.23	5190.63	5210.47	
1771956900	XAUUSD	M5	5159.84	5153.01	5132.14	5094.27		5173.23	5190.63	5210.47	
1771957200	XAUUSD	M5	5159.11	5153.01	5132.14	5094.27		5173.23	5190.63	5210.47	
1771957500	XAUUSD	M5	5158.28	5153.01	5132.14	5094.27		5173.23	5190.63	5210.47	
1771957800	XAUUSD	M5	5156.52	5153.01	5132.14	5094.27		5173.23	5190.63	5210.47	
1771958100	XAUUSD	M5	5157.95	5153.01	5132.14	5094.27		5173.23	5190.63	5210.47	
1771958400	XAUUSD	M5	5159.11	5153.01	5132.14	5094.27		5173.23	5190.63	5210.47	
1771958700	XAUUSD	M5	5159.63	5153.01	5132.14	5094.27		5173.23	5190.63	5210.47	
1771959000	XAUUSD	M5	5160.33	5153.01	5132.14	5094.27		5173.23	5190.63	5210.47	
1771959300	XAUUSD	M5	5160.06	5153.01	5132.14	5094.27		5173.23	5190.63	5210.47	
1771959600	XAUUSD	M5	5156.40	5153.01	5132.14	5094.27		5173.23	5190.63	5210.47	
1771959900	XAUUSD	M5	5152.84	5132.14	5094.27			5153.01	5173.23	5190.63	5210.47
1771960200	XAUUSD	M5	5156.29	5153.01	5132.14	5094.27		5173.23	5190.63	5210.47	
1771960500	XAUUSD	M5	5148.93	5132.14	5094.27			5153.01	5173.23	5190.63	5210.47
1771960800	XAUUSD	M5	5147.34	5132.14	5094.27			5153.01	5173.23	5190.63	5210.47
1771961100	XAUUSD	M5	5151.59	5132.14	5094.27			5153.01	5173.23	5190.63	5210.47
1771961400	XAUUSD	M5	5153.64	5153.01	5132.14	5094.27		5173.23	5190.63	5210.47	
1771961700	XAUUSD	M5	5155.71	5153.01	5132.14	5094.27		5173.23	5190.63	5210.47	
1771962000	XAUUSD	M5	5152.26	5132.14	5094.27			5153.01	5173.23	5190.63	5210.47
1771962300	XAUUSD	M5	5154.36	5153.01	5132.14	5094.27		5173.23	5190.63	5210.47	
1771962600	XAUUSD	M5	5152.80	5132.14	5094.27			5153.01	5173.23	5190.63	5210.47
1771962900	XAUUSD	M5	5154.01	5153.01	5132.14	5094.27		5173.23	5190.63	5210.47	
1771963200	XAUUSD	M5	5153.22	5153.01	5132.14	5094.27		5173.23	5190.63	5210.47	
1771963500	XAUUSD	M5	5149.67	5132.14	5094.27			5153.01	5173.23	5190.63	5210.47
1771963800	XAUUSD	M5	5149.23	5132.14	5094.27			5153.01	5173.23	5190.63	5210.47
1771964100	XAUUSD	M5	5154.84	5153.01	5132.14	5094.27		5173.23	5190.63	5210.47	
1771964400	XAUUSD	M5	5164.95	5153.01	5132.14	5094.27		5173.23	5190.63	5210.47	
1771964700	XAUUSD	M5	5168.21	5153.01	5132.14	5094.27		5173.23	5190.63	5210.47	
1771965000	XAUUSD	M5	5170.42	5153.01	5132.14	5094.27		5173.23	5190.63	5210.47	
1771965300	XAUUSD	M5	5169.62	5153.01	5132.14	5094.27		5173.23	5190.63	5210.47	
1771965600	XAUUSD	M5	5172.26	5153.01	5132.14	5094.27		5173.23	5190.63	5210.47	
1771965900	XAUUSD	M5	5168.22	5153.01	5132.14	5094.27		5173.23	5190.63	5210.47	
1771966200	XAUUSD	M5	5163.69	5153.01	5132.14	5094.27		5173.23	5190.63	5210.47	
1771966500	XAUUSD	M5	5164.24	5153.01	5132.14	5094.27		5173.23	5190.63	5210.47	
1771966800	XAUUSD	M5	5158.21	5153.01	5132.14	5094.27		5173.23	5190.63	5210.47	
1771967100	XAUUSD	M5	5157.54	5153.01	5132.14	5094.27		5173.23	5190.63	5210.47	
1771967400	XAUUSD	M5	5161.12	5153.01	5132.14	5094.27		5173.23	5190.63	5210.47	
1771967700	XAUUSD	M5	5158.33	5153.01	5132.14	5094.27		5173.23	5190.63	5210.47	
1771968000	XAUUSD	M5	5153.97	5153.01	5132.14	5094.27		5173.23	5190.63	5210.47	
1771968300	XAUUSD	M5	5155.44	5153.01	5132.14	5094.27		5173.23	5190.63	5210.47	
1771968600	XAUUSD	M5	5149.86	5132.14	5094.27			5153.01	5173.23	5190.63	5210.47
1771968900	XAUUSD	M5	5149.81	5132.14	5094.27			5153.01	5173.23	5190.63	5210.47
1771969200	XAUUSD	M5	5150.79	5132.14	5094.27			5153.01	5173.23	5190.63	5210.47
1771969500	XAUUSD	M5	5148.20	5132.14	5094.27			5153.01	5173.23	5190.63	5210.47
1771969800	XAUUSD	M5	5145.11	5132.14	5094.27			5153.01	5173.23	5190.63	5210.47
1771970100	XAUUSD	M5	5143.97	5132.14	5094.27			5153.01	5173.23	5190.63	5210.47
1771974000	XAUUSD	M5	5135.96	5132.14	5094.27			5153.01	5173.23	5190.63	5210.47
1771974300	XAUUSD	M5	5133.97	5132.14	5094.27			5153.01	5173.23	5190.63	5210.47
1771974600	XAUUSD	M5	5135.82	5132.14	5094.27			5153.01	5173.23	5190.63	5210.47
1771974900	XAUUSD	M5	5132.46	5132.14	5094.27			5153.01	5173.23	5190.63	5210.47
1771975200	XAUUSD	M5	5132.69	5132.14	5094.27			5153.01	5173.23	5190.63	5210.47
1771975500	XAUUSD	M5	5130.99	5094.27				5132.14	5153.01	5173.23	5190.63
1771975800	XAUUSD	M5	5131.98	5094.27				5132.14	5153.01	5173.23	5190.63
1771976100	XAUUSD	M5	5138.91	5132.14	5094.27			5153.01	5173.23	5190.63	5210.47
1771976400	XAUUSD	M5	5147.23	5132.14	5094.27			5153.01	5173.23	5190.63	5210.47
1771976700	XAUUSD	M5	5150.22	5132.14	5094.27			5153.01	5173.23	5190.63	5210.47
1771977000	XAUUSD	M5	5150.60	5132.14	5094.27			5153.01	5173.23	5190.63	5210.47
1771977300	XAUUSD	M5	5146.72	5132.14	5094.27			5153.01	5173.23	5190.63	5210.47
1771977600	XAUUSD	M5	5140.34	5132.14	5094.27			5153.01	5173.23	5190.63	5210.47
1771977900	XAUUSD	M5	5143.30	5132.14	5094.27			5153.01	5173.23	5190.63	5210.47
1771978200	XAUUSD	M5	5140.57	5132.14	5094.27			5153.01	5173.23	5190.63	5210.47
1771978500	XAUUSD	M5	5143.05	5132.14	5094.27			5153.01	5173.23	5190.63	5210.47
1771978800	XAUUSD	M5	5142.90	5132.14	5094.27			5153.01	5173.23	5190.63	5210.47
1771979100	XAUUSD	M5	5140.27	5132.14	5094.27			5153.01	5173.23	5190.63	5210.47
1771979400	XAUUSD	M5	5147.64	5132.14	5094.27			5153.01	5173.23	5190.63	5210.47
1771979700	XAUUSD	M5	5152.05	5132.14	5094.27			5153.01	5173.23	5190.63	5210.47
1771980000	XAUUSD	M5	5147.80	5132.14	5094.27			5153.01	5173.23	5190.63	5210.47
1771980300	XAUUSD	M5	5144.60	5132.14	5094.27			5153.01	5173.23	5190.63	5210.47
1771980600	XAUUSD	M5	5147.47	5132.14	5094.27			5153.01	5173.23	5190.63	5210.47
1771980900	XAUUSD	M5	5152.30	5132.14	5094.27			5153.01	5173.23	5190.63	5210.47
1771981200	XAUUSD	M5	5159.26	5153.01	5132.14	5094.27		5173.23	5190.63	5210.47	
1771981500	XAUUSD	M5	5168.85	5153.01	5132.14	5094.27		5173.23	5190.63	5210.47	
1771981800	XAUUSD	M5	5174.67	5173.23	5153.01	5132.14	5094.27	5190.63	5210.47		
1771982100	XAUUSD	M5	5184.25	5173.23	5153.01	5132.14	5094.27	5190.63	5210.47		
1771982400	XAUUSD	M5	5178.84	5173.23	5153.01	5132.14	5094.27	5190.63	5210.47		
1771982700	XAUUSD	M5	5185.40	5173.23	5153.01	5132.14	5094.27	5190.63	5210.47		
1771983000	XAUUSD	M5	5185.55	5173.23	5153.01	5132.14	5094.27	5190.63	5210.47		
1771983300	XAUUSD	M5	5182.98	5173.23	5153.01	5132.14	5094.27	5190.63	5210.47		
1771983600	XAUUSD	M5	5180.48	5173.23	5153.01	5132.14	5094.27	5190.63	5210.47		
1771983900	XAUUSD	M5	5183.87	5173.23	5153.01	5132.14	5094.27	5190.63	5210.47		
1771984200	XAUUSD	M5	5183.26	5173.23	5153.01	5132.14	5094.27	5190.63	5210.47		
1771984500	XAUUSD	M5	5176.97	5173.23	5153.01	5132.14	5094.27	5190.63	5210.47		
1771984800	XAUUSD	M5	5183.28	5173.23	5153.01	5132.14	5094.27	5190.63	5210.47		
1771985100	XAUUSD	M5	5186.42	5173.23	5153.01	5132.14	5094.27	5190.63	5210.47		
1771985400	XAUUSD	M5	5188.71	5173.23	5153.01	5132.14	5094.27	5190.63	5210.47		
1771985700	XAUUSD	M5	5190.56	5173.23	5153.01	5132.14	5094.27	5190.63	5210.47		
1771986000	XAUUSD	M5	5187.74	5173.23	5153.01	5132.14	5094.27	5190.63	5210.47		
1771986300	XAUUSD	M5	5189.77	5173.23	5153.01	5132.14	5094.27	5190.63	5210.47		
1771986600	XAUUSD	M5	5187.94	5173.23	5153.01	5132.14	5094.27	5190.63	5210.47		
1771986900	XAUUSD	M5	5186.22	5173.23	5153.01	5132.14	5094.27	5190.63	5210.47		
1771987200	XAUUSD	M5	5186.01	5173.23	5153.01	5132.14	5094.27	5190.63	5210.47		
1771987500	XAUUSD	M5	5184.68	5173.23	5153.01	5132.14	5094.27	5190.63	5210.47		
1771987800	XAUUSD	M5	5175.73	5173.23	5153.01	5132.14	5094.27	5190.63	5210.47		
1771988100	XAUUSD	M5	5180.66	5173.23	5153.01	5132.14	5094.27	5190.63	5210.47		
1771988400	XAUUSD	M5	5184.31	5173.23	5153.01	5132.14	5094.27	5190.63	5210.47		
1771988700	XAUUSD	M5	5184.47	5173.23	5153.01	5132.14	5094.27	5190.63	5210.47		
1771989000	XAUUSD	M5	5186.31	5173.23	5153.01	5132.14	5094.27	5190.63	5210.47		
1771989300	XAUUSD	M5	5184.53	5173.23	5153.01	5132.14	5094.27	5190.63	5210.47		
1771989600	XAUUSD	M5	5179.49	5173.23	5153.01	5132.14	5094.27	5190.63	5210.47		
1771989900	XAUUSD	M5	5186.32	5173.23	5153.01	5132.14	5094.27	5190.63	5210.47		
1771990200	XAUUSD	M5	5187.35	5173.23	5153.01	5132.14	5094.27	5190.63	5210.47		
1771990500	XAUUSD	M5	5183.64	5173.23	5153.01	5132.14	5094.27	5190.63	5210.47		
1771990800	XAUUSD	M5	5183.99	5173.23	5153.01	5132.14	5094.27	5190.63	5210.47		
1771991100	XAUUSD	M5	5185.30	5173.23	5153.01	5132.14	5094.27	5190.63	5210.47		
1771991400	XAUUSD	M5	5179.30	5173.23	5153.01	5132.14	5094.27	5190.63	5210.47		
1771991700	XAUUSD	M5	5181.81	5173.23	5153.01	5132.14	5094.27	5190.63	5210.47		
1771992000	XAUUSD	M5	5182.35	5173.23	5153.01	5132.14	5094.27	5190.63	5210.47		
1771992300	XAUUSD	M5	5175.06	5173.23	5153.01	5132.14	5094.27	5190.63	5210.47		
1771992600	XAUUSD	M5	5180.93	5173.23	5153.01	5132.14	5094.27	5190.63	5210.47		
1771992900	XAUUSD	M5	5183.09	5173.23	5153.01	5132.14	5094.27	5190.63	5210.47		
1771993200	XAUUSD	M5	5182.11	5173.23	5153.01	5132.14	5094.27	5190.63	5210.47		
1771993500	XAUUSD	M5	5182.90	5173.23	5153.01	5132.14	5094.27	5190.63	5210.47		
1771993800	XAUUSD	M5	5181.53	5173.23	5153.01	5132.14	5094.27	5190.63	5210.47		
1771994100	XAUUSD	M5	5182.73	5173.23	5153.01	5132.14	5094.27	5190.63	5210.47		
1771994400	XAUUSD	M5	5184.20	5173.23	5153.01	5132.14	5094.27	5190.63	5210.47		
1771994700	XAUUSD	M5	5180.96	5173.23	5153.01	5132.14	5094.27	5190.63	5210.47		
1771995000	XAUUSD	M5	5181.32	5173.23	5153.01	5132.14	5094.27	5190.63	5210.47		
1771995300	XAUUSD	M5	5182.75	5173.23	5153.01	5132.14	5094.27	5190.63	5210.47		
1771995600	XAUUSD	M5	5186.68	5173.23	5153.01	5132.14	5094.27	5190.63	5210.47		
1771995900	XAUUSD	M5	5188.00	5173.23	5153.01	5132.14	5094.27	5190.63	5210.47		
1771996200	XAUUSD	M5	5188.46	5173.23	5153.01	5132.14	5094.27	5190.63	5210.47		
1771996500	XAUUSD	M5	5192.45	5190.63	5173.23	5153.01	5132.14	5210.47			
1771996800	XAUUSD	M5	5188.73	5173.23	5153.01	5132.14	5094.27	5190.63	5210.47		
1771997100	XAUUSD	M5	5195.42	5190.63	5173.23	5153.01	5132.14	5210.47			
1771997400	XAUUSD	M5	5197.44	5190.63	5173.23	5153.01	5132.14	5210.47			
1771997700	XAUUSD	M5	5197.80	5190.63	5173.23	5153.01	5132.14	5210.47			
1771998000	XAUUSD	M5	5202.94	5190.63	5173.23	5153.01	5132.14	5210.47			
1771998300	XAUUSD	M5	5209.19	5190.63	5173.23	5153.01	5132.14	5210.47			
1771998600	XAUUSD	M5	5208.07	5190.63	5173.23	5153.01	5132.14	5210.47			
1771998900	XAUUSD	M5	5201.74	5190.63	5173.23	5153.01	5132.14	5210.47			
1771999200	XAUUSD	M5	5193.75	5190.63	5173.23	5153.01	5132.14	5210.47			
1771999500	XAUUSD	M5	5186.70	5173.23	5153.01	5132.14	5094.27	5190.63	5210.47		
1771999800	XAUUSD	M5	5191.97	5190.63	5173.23	5153.01	5132.14	5210.47			
1772000100	XAUUSD	M5	5193.73	5190.63	5173.23	5153.01	5132.14	5210.47			
1772000400	XAUUSD	M5	5190.48	5173.23	5153.01	5132.14	5094.27	5190.63	5210.47		
1772000700	XAUUSD	M5	5189.73	5173.23	5153.01	5132.14	5094.27	5190.63	5210.47		
1772001000	XAUUSD	M5	5192.82	5190.63	5173.23	5153.01	5132.14	5210.47			
1772001300	XAUUSD	M5	5193.24	5190.63	5173.23	5153.01	5132.14	5210.47			
1772001600	XAUUSD	M5	5191.41	5190.63	5173.23	5153.01	5132.14	5210.47			
1772001900	XAUUSD	M5	5192.00	5190.63	5173.23	5153.01	5132.14	5210.47			
1772002200	XAUUSD	M5	5191.93	5190.63	5173.23	5153.01	5132.14	5210.47			
1772002500	XAUUSD	M5	5194.61	5190.63	5173.23	5153.01	5132.14	5210.47			
1772002800	XAUUSD	M5	5188.34	5173.23	5153.01	5132.14	5094.27	5190.63	5210.47		
1772003100	XAUUSD	M5	5193.06	5190.63	5173.23	5153.01	5132.14	5210.47			
1772003400	XAUUSD	M5	5188.68	5173.23	5153.01	5132.14	5094.27	5190.63	5210.47		
1772003700	XAUUSD	M5	5186.70	5173.23	5153.01	5132.14	5094.27	5190.63	5210.47		
1772004000	XAUUSD	M5	5186.63	5173.23	5153.01	5132.14	5094.27	5190.63	5210.47		
1772004300	XAUUSD	M5	5189.46	5173.23	5153.01	5132.14	5094.27	5190.63	5210.47		
1772004600	XAUUSD	M5	5188.38	5173.23	5153.01	5132.14	5094.27	5190.63	5210.47		
1772004900	XAUUSD	M5	5186.80	5173.23	5153.01	5132.14	5094.27	5190.63	5210.47		
1772005200	XAUUSD	M5	5186.27	5173.23	5153.01	5132.14	5094.27	5190.63	5210.47		
1772005500	XAUUSD	M5	5187.63	5173.23	5153.01	5132.14	5094.27	5190.63	5210.47		
1772005800	XAUUSD	M5	5182.71	5173.23	5153.01	5132.14	5094.27	5190.63	5210.47		
1772006100	XAUUSD	M5	5184.69	5173.23	5153.01	5132.14	5094.27	5190.63	5210.47		
1772006400	XAUUSD	M5	5188.03	5173.23	5153.01	5132.14	5094.27	5190.63	5210.47		
1772006700	XAUUSD	M5	5186.77	5173.23	5153.01	5132.14	5094.27	5190.63	5210.47		
1772007000	XAUUSD	M5	5187.30	5173.23	5153.01	5132.14	5094.27	5190.63	5210.47		
1772007300	XAUUSD	M5	5192.50	5190.63	5173.23	5153.01	5132.14	5210.47			
1772007600	XAUUSD	M5	5193.17	5190.63	5173.23	5153.01	5132.14	5210.47			
1772007900	XAUUSD	M5	5193.46	5190.63	5173.23	5153.01	5132.14	5210.47			
1772008200	XAUUSD	M5	5195.27	5190.63	5173.23	5153.01	5132.14	5210.47			
1772008500	XAUUSD	M5	5193.88	5190.63	5173.23	5153.01	5132.14	5210.47			
1772008800	XAUUSD	M5	5192.21	5190.63	5173.23	5153.01	5132.14	5210.47			
1772009100	XAUUSD	M5	5192.13	5190.63	5173.23	5153.01	5132.14	5210.47			
1772009400	XAUUSD	M5	5187.71	5173.23	5153.01	5132.14	5094.27	5190.63	5210.47		
1772009700	XAUUSD	M5	5185.37	5173.23	5153.01	5132.14	5094.27	5190.63	5210.47		
1772010000	XAUUSD	M5	5181.47	5173.23	5153.01	5132.14	5094.27	5190.63	5210.47		
1772010300	XAUUSD	M5	5184.69	5173.23	5153.01	5132.14	5094.27	5190.63	5210.47		
1772010600	XAUUSD	M5	5183.72	5173.23	5153.01	5132.14	5094.27	5190.63	5210.47		
1772010900	XAUUSD	M5	5185.94	5173.23	5153.01	5132.14	5094.27	5190.63	5210.47		
1772011200	XAUUSD	M5	5186.75	5173.23	5153.01	5132.14	5094.27	5190.63	5210.47		
1772011500	XAUUSD	M5	5186.75	5173.23	5153.01	5132.14	5094.27	5190.63	5210.47		
1772011800	XAUUSD	M5	5189.38	5173.23	5153.01	5132.14	5094.27	5190.63	5210.47		
1772012100	XAUUSD	M5	5191.08	5190.63	5173.23	5153.01	5132.14	5210.47			
1772012400	XAUUSD	M5	5191.02	5190.63	5173.23	5153.01	5132.14	5210.47			
1772012700	XAUUSD	M5	5190.63	5173.23	5153.01	5132.14	5094.27	5210.47			
1772013000	XAUUSD	M5	5190.48	5173.23	5153.01	5132.14	5094.27	5190.63	5210.47		
1772013300	XAUUSD	M5	5193.27	5190.63	5173.23	5153.01	5132.14	5210.47			
1772013600	XAUUSD	M5	5188.91	5173.23	5153.01	5132.14	5094.27	5190.63	5210.47		
1772013900	XAUUSD	M5	5184.33	5173.23	5153.01	5132.14	5094.27	5190.63	5210.47		
1772014200	XAUUSD	M5	5184.63	5173.23	5153.01	5132.14	5094.27	5190.63	5210.47		
1772014500	XAUUSD	M5	5177.70	5173.23	5153.01	5132.14	5094.27	5190.63	5210.47		
1772014800	XAUUSD	M5	5174.18	5173.23	5153.01	5132.14	5094.27	5190.63	5210.47		
1772015100	XAUUSD	M5	5175.13	5173.23	5153.01	5132.14	5094.27	5190.63	5210.47		
1772015400	XAUUSD	M5	5173.24	5173.23	5153.01	5132.14	5094.27	5190.63	5210.47		
1772015700	XAUUSD	M5	5179.02	5173.23	5153.01	5132.14	5094.27	5190.63	5210.47		
1772016000	XAUUSD	M5	5176.86	5173.23	5153.01	5132.14	5094.27	5190.63	5210.47		
1772016300	XAUUSD	M5	5175.40	5173.23	5153.01	5132.14	5094.27	5190.63	5210.47		
1772016600	XAUUSD	M5	5174.48	5173.23	5153.01	5132.14	5094.27	5190.63	5210.47		
1772016900	XAUUSD	M5	5175.16	5173.23	5153.01	5132.14	5094.27	5190.63	5210.47		
1772017200	XAUUSD	M5	5171.44	5153.01	5132.14	5094.27		5173.23	5190.63	5210.47	
1772017500	XAUUSD	M5	5169.77	5153.01	5132.14	5094.27		5173.23	5190.63	5210.47	
1772017800	XAUUSD	M5	5163.64	5153.01	5132.14	5094.27		5173.23	5190.63	5210.47	
1772018100	XAUUSD	M5	5159.68	5153.01	5132.14	5094.27		5173.23	5190.63	5210.47	
1772018400	XAUUSD	M5	5165.08	5153.01	5132.14	5094.27		5173.23	5190.63	5210.47	
1772018700	XAUUSD	M5	5168.85	5153.01	5132.14	5094.27		5173.23	5190.63	5210.47	
1772019000	XAUUSD	M5	5169.86	5153.01	5132.14	5094.27		5173.23	5190.63	5210.47	
1772019300	XAUUSD	M5	5167.67	5153.01	5132.14	5094.27		5173.23	5190.63	5210.47	
1772019600	XAUUSD	M5	5173.18	5153.01	5132.14	5094.27		5173.23	5190.63	5210.47	
1772019900	XAUUSD	M5	5173.30	5173.23	5153.01	5132.14	5094.27	5190.63	5210.47		
1772020200	XAUUSD	M5	5173.62	5173.23	5153.01	5132.14	5094.27	5190.63	5210.47		
1772020500	XAUUSD	M5	5181.67	5173.23	5153.01	5132.14	5094.27	5190.63	5210.47		
1772020800	XAUUSD	M5	5179.73	5173.23	5153.01	5132.14	5094.27	5190.63	5210.47		
1772021100	XAUUSD	M5	5181.07	5173.23	5153.01	5132.14	5094.27	5190.63	5210.47		
1772021400	XAUUSD	M5	5182.11	5173.23	5153.01	5132.14	5094.27	5190.63	5210.47		
1772021700	XAUUSD	M5	5183.84	5173.23	5153.01	5132.14	5094.27	5190.63	5210.47		
1772022000	XAUUSD	M5	5186.84	5173.23	5153.01	5132.14	5094.27	5190.63	5210.47		
1772022300	XAUUSD	M5	5183.54	5173.23	5153.01	5132.14	5094.27	5190.63	5210.47		
1772022600	XAUUSD	M5	5179.74	5173.23	5153.01	5132.14	5094.27	5190.63	5210.47		
1772022900	XAUUSD	M5	5183.98	5173.23	5153.01	5132.14	5094.27	5190.63	5210.47		
1772023200	XAUUSD	M5	5184.73	5173.23	5153.01	5132.14	5094.27	5190.63	5210.47		
1772023500	XAUUSD	M5	5184.17	5173.23	5153.01	5132.14	5094.27	5190.63	5210.47		
