timestamp	symbol	timeframe	close	open	high	low	body_direction	body_size	body_classification
1772018399	XAUUSD	M5	5165.08	5159.68	5165.54	5158.16	1	0.56291	0
1772018699	XAUUSD	M5	5168.85	5165.08	5169.48	5164.54	1	0.07363	0
1772018999	XAUUSD	M5	5169.86	5168.85	5172.51	5167.81	1	0.75052	0
1772019299	XAUUSD	M5	5167.67	5169.73	5170.56	5167.56	-1	0.43713	3
1772019599	XAUUSD	M5	5173.18	5167.46	5173.98	5166.75	1	0.65401	0
1772019899	XAUUSD	M5	5173.30	5173.18	5174.58	5172.50	1	1.01784	0
1772020199	XAUUSD	M5	5173.62	5173.34	5176.25	5172.28	1	0.96774	0
1772020499	XAUUSD	M5	5181.67	5173.62	5182.67	5173.62	1	1.34457	0
1772020799	XAUUSD	M5	5179.73	5181.56	5182.87	5178.20	-1	0.50585	3
1772021099	XAUUSD	M5	5181.07	5179.78	5181.70	5179.78	1	0.66763	0
1772021399	XAUUSD	M5	5182.11	5181.06	5183.10	5180.81	1	0.73773	0
1772021699	XAUUSD	M5	5183.84	5182.24	5185.85	5181.92	1	0.57191	0
1772021999	XAUUSD	M5	5186.84	5183.84	5187.01	5183.36	1	0.14817	0
1772022299	XAUUSD	M5	5183.54	5186.84	5187.49	5183.37	-1	0.05823	3
1772022599	XAUUSD	M5	5179.74	5183.51	5184.89	5179.35	-1	0.08756	3
1772022899	XAUUSD	M5	5183.98	5179.74	5184.00	5177.43	1	0.23006	0
1772023199	XAUUSD	M5	5184.73	5183.98	5186.31	5182.71	1	0.82397	0
1772023499	XAUUSD	M5	5181.70	5184.79	5185.27	5181.70	-1	0.11895	3
1772023799	XAUUSD	M5	5181.88	5181.75	5184.46	5181.13	1	1.00971	0
1772024099	XAUUSD	M5	5182.65	5181.93	5183.15	5178.78	1	0.83071	0
1772024399	XAUUSD	M5	5185.50	5182.80	5185.77	5181.12	1	0.22962	0
1772024699	XAUUSD	M5	5188.33	5185.53	5189.76	5184.73	1	0.19969	0
1772024999	XAUUSD	M5	5187.20	5188.44	5189.22	5185.50	-1	0.67147	3
1772025299	XAUUSD	M5	5187.00	5187.22	5189.54	5185.97	-1	0.97818	3
1772025599	XAUUSD	M5	5191.13	5186.81	5191.47	5186.14	1	0.26130	0
1772025899	XAUUSD	M5	5188.07	5191.14	5191.36	5186.93	-1	0.11243	3
1772026199	XAUUSD	M5	5188.16	5188.07	5190.35	5186.62	1	1.01543	0
1772026499	XAUUSD	M5	5189.61	5188.16	5190.35	5187.73	1	0.60318	0
1772026799	XAUUSD	M5	5186.84	5189.93	5191.33	5182.03	-1	0.10542	3
1772027099	XAUUSD	M5	5186.59	5187.12	5191.12	5185.65	-1	0.88255	3
1772027399	XAUUSD	M5	5186.07	5187.03	5187.42	5184.30	-1	0.75041	3
1772027699	XAUUSD	M5	5185.23	5186.04	5188.50	5184.76	-1	0.79372	3
1772027999	XAUUSD	M5	5187.18	5185.22	5187.34	5183.76	1	0.44135	0
1772028299	XAUUSD	M5	5189.99	5187.18	5191.07	5186.80	1	0.18033	0
1772028599	XAUUSD	M5	5185.44	5190.08	5190.31	5183.69	-1	0.40696	3
1772028899	XAUUSD	M5	5182.68	5185.41	5185.98	5182.03	-1	0.19488	3
1772029199	XAUUSD	M5	5181.49	5182.68	5185.32	5179.91	-1	0.71118	3
1772029499	XAUUSD	M5	5177.91	5181.60	5182.56	5174.89	-1	0.14656	3
1772029799	XAUUSD	M5	5174.14	5177.81	5181.14	5172.20	-1	0.14101	3
1772030099	XAUUSD	M5	5159.73	5174.16	5175.86	5158.94	-1	3.78119	5
1772030399	XAUUSD	M5	5174.91	5160.17	5176.28	5159.65	1	3.83242	2
1772030699	XAUUSD	M5	5181.79	5174.98	5181.86	5174.68	1	1.17414	0
1772030999	XAUUSD	M5	5188.55	5181.79	5189.06	5179.90	1	1.16812	0
1772031299	XAUUSD	M5	5191.25	5188.57	5193.27	5187.84	1	0.20013	0
1772031599	XAUUSD	M5	5198.64	5191.24	5201.38	5190.66	1	1.39353	0
1772031899	XAUUSD	M5	5195.89	5198.64	5202.61	5195.49	-1	0.17897	3
1772032199	XAUUSD	M5	5193.17	5196.09	5196.22	5190.40	-1	0.12395	3
1772032499	XAUUSD	M5	5188.97	5193.17	5195.68	5188.40	-1	0.30653	3
1772032799	XAUUSD	M5	5185.46	5188.92	5191.39	5183.87	-1	0.05553	3
1772033099	XAUUSD	M5	5180.33	5185.59	5187.15	5174.10	-1	0.66437	3
1772033399	XAUUSD	M5	5181.68	5179.38	5182.93	5172.47	1	0.33436	0
1772033699	XAUUSD	M5	5187.95	5181.46	5189.50	5181.18	1	1.09278	0
1772033999	XAUUSD	M5	5191.00	5187.96	5193.07	5186.86	1	0.08266	0
1772034299	XAUUSD	M5	5197.90	5191.00	5198.34	5186.76	1	1.22830	0
1772034599	XAUUSD	M5	5195.48	5197.86	5198.00	5192.68	-1	0.31186	3
1772034899	XAUUSD	M5	5194.50	5195.33	5198.06	5193.32	-1	0.83619	3
1772035199	XAUUSD	M5	5194.37	5194.82	5198.45	5193.09	-1	0.96265	3
1772035499	XAUUSD	M5	5191.37	5194.36	5195.31	5190.48	-1	0.10033	3
1772035799	XAUUSD	M5	5192.52	5191.32	5195.83	5189.86	1	0.71007	0
1772036099	XAUUSD	M5	5197.05	5192.62	5197.64	5191.81	1	0.38788	0
1772036399	XAUUSD	M5	5205.29	5197.05	5205.75	5197.05	1	1.67560	1
1772036699	XAUUSD	M5	5203.22	5205.26	5206.19	5201.19	-1	0.42960	3
1772036999	XAUUSD	M5	5206.56	5202.90	5206.68	5199.27	1	0.12060	0
1772037299	XAUUSD	M5	5203.39	5206.58	5207.11	5202.52	-1	0.04042	3
1772037599	XAUUSD	M5	5207.51	5203.50	5207.54	5203.50	1	0.23927	0
1772037899	XAUUSD	M5	5208.18	5207.45	5213.80	5206.78	1	0.87323	0
1772038199	XAUUSD	M5	5211.95	5208.19	5212.49	5207.60	1	0.15354	0
1772038499	XAUUSD	M5	5212.31	5211.94	5212.79	5210.16	1	0.99598	0
1772038799	XAUUSD	M5	5210.09	5212.52	5212.66	5208.17	-1	0.29244	3
1772039099	XAUUSD	M5	5214.69	5210.14	5214.96	5207.95	1	0.43000	0
1772039399	XAUUSD	M5	5215.17	5214.58	5217.63	5214.19	1	0.91944	0
1772039699	XAUUSD	M5	5214.53	5215.29	5215.29	5212.12	-1	0.85881	3
1772039999	XAUUSD	M5	5213.27	5214.50	5215.65	5211.46	-1	0.70031	3
1772040299	XAUUSD	M5	5213.10	5213.41	5215.97	5212.26	-1	1.01355	3
1772040599	XAUUSD	M5	5211.85	5213.10	5214.42	5211.05	-1	0.69051	3
1772040899	XAUUSD	M5	5213.17	5211.87	5213.46	5210.33	1	0.67344	0
1772041199	XAUUSD	M5	5208.33	5213.17	5213.79	5208.18	-1	0.53173	3
1772041499	XAUUSD	M5	5206.71	5208.80	5209.02	5204.41	-1	0.40196	3
1772041799	XAUUSD	M5	5206.32	5206.84	5210.67	5204.88	-1	0.93481	3
1772042099	XAUUSD	M5	5206.82	5206.35	5208.03	5203.44	1	0.95229	0
1772042399	XAUUSD	M5	5207.40	5206.83	5207.45	5206.83	1	0.91573	0
1772042699	XAUUSD	M5	5207.07	5207.43	5207.53	5207.02	-1	0.98773	3
1772042999	XAUUSD	M5	5206.89	5207.07	5207.10	5206.72	-1	1.04728	3
1772043299	XAUUSD	M5	5206.80	5206.89	5207.29	5206.71	-1	1.07766	3
1772043599	XAUUSD	M5	5206.77	5206.80	5207.28	5206.73	-1	1.09620	3
1772043899	XAUUSD	M5	5206.80	5206.77	5207.04	5206.64	1	1.09109	0
1772044199	XAUUSD	M5	5206.80	5206.80	5207.29	5206.75	0	1.09642	0
1772044499	XAUUSD	M5	5206.39	5206.78	5206.81	5205.87	-1	0.96294	3
1772044799	XAUUSD	M5	5205.13	5206.33	5206.60	5204.95	-1	0.68804	3
1772045099	XAUUSD	M5	5200.95	5205.13	5205.38	5200.71	-1	0.32037	3
1772045399	XAUUSD	M5	5202.58	5200.99	5204.00	5200.84	1	0.55467	0
1772045699	XAUUSD	M5	5202.12	5202.63	5203.55	5201.23	-1	0.91982	3
1772045999	XAUUSD	M5	5200.91	5202.12	5202.74	5200.91	-1	0.68144	3
1772046299	XAUUSD	M5	5194.29	5201.04	5201.18	5194.07	-1	1.19230	3
1772046599	XAUUSD	M5	5207.04	5194.35	5207.87	5191.67	1	3.16021	2
1772046899	XAUUSD	M5	5200.55	5207.16	5207.22	5200.44	-1	1.11816	3
1772047199	XAUUSD	M5	5197.32	5200.56	5200.61	5194.31	-1	0.00971	3
1772047499	XAUUSD	M5	5202.59	5197.32	5202.73	5194.06	1	0.67502	0
1772047799	XAUUSD	M5	5202.51	5202.76	5204.51	5199.62	-1	1.00854	3
1772048099	XAUUSD	M5	5201.00	5202.52	5206.30	5200.84	-1	0.57903	3
1772048399	XAUUSD	M5	5204.32	5200.97	5205.14	5200.72	1	0.03632	0
1772048699	XAUUSD	M5	5205.00	5204.32	5207.58	5200.29	1	0.85739	0
1772048999	XAUUSD	M5	5204.97	5204.86	5208.32	5200.63	1	1.04421	0
1772049299	XAUUSD	M5	5204.87	5205.32	5207.55	5203.60	-1	0.92611	3
1772049599	XAUUSD	M5	5201.76	5204.88	5205.24	5196.81	-1	0.03141	3
1772049899	XAUUSD	M5	5202.46	5201.76	5205.81	5200.96	1	0.83992	0
1772050199	XAUUSD	M5	5195.27	5202.46	5206.05	5195.19	-1	1.32894	3
1772050499	XAUUSD	M5	5184.80	5195.50	5196.35	5183.51	-1	2.48774	4
1772050799	XAUUSD	M5	5189.00	5184.83	5189.02	5183.27	1	0.31541	0
1772051099	XAUUSD	M5	5186.11	5189.32	5193.35	5185.75	-1	0.00044	3
1772051399	XAUUSD	M5	5188.12	5186.71	5190.61	5180.60	1	0.59885	0
1772051699	XAUUSD	M5	5183.41	5188.11	5188.49	5181.25	-1	0.49733	3
1772051999	XAUUSD	M5	5181.48	5183.38	5184.20	5177.40	-1	0.43802	3
1772052299	XAUUSD	M5	5173.57	5181.48	5181.48	5167.27	-1	1.56125	4
1772052599	XAUUSD	M5	5178.01	5173.53	5180.59	5172.18	1	0.41839	0
1772052899	XAUUSD	M5	5152.16	5178.01	5178.01	5145.45	-1	7.06903	5
1772053199	XAUUSD	M5	5156.08	5152.19	5160.12	5150.50	1	0.19315	0
1772053499	XAUUSD	M5	5163.03	5156.06	5163.31	5156.06	1	1.15405	0
1772053799	XAUUSD	M5	5161.84	5162.97	5165.32	5158.55	-1	0.67233	3
1772054099	XAUUSD	M5	5165.38	5161.82	5173.36	5160.86	1	0.08799	0
1772054399	XAUUSD	M5	5169.17	5165.38	5170.21	5165.07	1	0.16090	0
1772054699	XAUUSD	M5	5169.12	5169.17	5170.51	5167.75	-1	1.00648	3
1772054999	XAUUSD	M5	5168.22	5169.37	5171.26	5166.69	-1	0.65942	3
1772055299	XAUUSD	M5	5168.90	5168.22	5173.48	5168.20	1	0.80691	0
1772055599	XAUUSD	M5	5170.25	5168.73	5170.71	5168.21	1	0.54066	0
1772055899	XAUUSD	M5	5170.94	5170.25	5171.59	5168.89	1	0.79970	0
1772056199	XAUUSD	M5	5164.31	5170.94	5171.40	5163.07	-1	1.06122	3
1772056499	XAUUSD	M5	5164.89	5164.47	5170.52	5163.63	1	0.88690	0
1772060399	XAUUSD	M5	5175.34	5160.41	5178.95	5160.41	1	3.60140	2
1772060699	XAUUSD	M5	5179.73	5175.63	5182.16	5174.09	1	0.25302	0
1772060999	XAUUSD	M5	5168.80	5179.73	5179.76	5166.24	-1	2.34585	4
1772061299	XAUUSD	M5	5174.01	5168.80	5174.99	5164.29	1	0.58522	0
1772061599	XAUUSD	M5	5170.68	5174.01	5179.98	5170.46	-1	0.00614	3
1772061899	XAUUSD	M5	5170.04	5170.68	5171.44	5167.08	-1	0.81957	3
1772062199	XAUUSD	M5	5168.98	5170.03	5170.23	5165.41	-1	0.69091	3
1772062499	XAUUSD	M5	5169.88	5168.98	5169.88	5164.08	1	0.73559	0
1772062799	XAUUSD	M5	5172.62	5169.88	5174.35	5168.71	1	0.17253	0
1772063099	XAUUSD	M5	5167.31	5172.65	5178.82	5166.51	-1	0.62316	3
1772063399	XAUUSD	M5	5169.57	5168.04	5170.68	5165.30	1	0.54960	0
1772063699	XAUUSD	M5	5163.13	5169.57	5170.67	5161.52	-1	0.95689	3
1772063999	XAUUSD	M5	5160.24	5163.25	5168.08	5155.71	-1	0.09696	3
1772064299	XAUUSD	M5	5161.95	5160.35	5167.30	5156.41	1	0.52968	0
1772064599	XAUUSD	M5	5167.67	5161.95	5169.33	5160.82	1	0.73407	0
1772064899	XAUUSD	M5	5169.72	5167.67	5174.56	5167.59	1	0.39555	0
1772065199	XAUUSD	M5	5180.94	5170.10	5182.62	5169.81	1	2.29417	1
1772065499	XAUUSD	M5	5185.25	5180.99	5186.34	5179.00	1	0.28019	0
1772065799	XAUUSD	M5	5182.32	5185.45	5189.46	5182.32	-1	0.06199	3
1772066099	XAUUSD	M5	5182.63	5182.38	5185.18	5181.43	1	0.94618	0
1772066399	XAUUSD	M5	5188.37	5182.65	5188.43	5181.29	1	0.73150	0
1772066699	XAUUSD	M5	5185.97	5188.37	5190.06	5185.24	-1	0.28926	3
1772066999	XAUUSD	M5	5189.70	5185.88	5191.10	5184.97	1	0.14601	0
1772067299	XAUUSD	M5	5188.31	5189.72	5192.15	5186.13	-1	0.59576	3
1772067599	XAUUSD	M5	5194.75	5188.29	5198.49	5188.24	1	0.95333	0
1772067899	XAUUSD	M5	5183.93	5194.96	5194.96	5182.96	-1	2.33598	4
1772068199	XAUUSD	M5	5187.53	5183.91	5188.99	5182.77	1	0.07366	0
1772068499	XAUUSD	M5	5189.46	5187.67	5192.50	5187.47	1	0.48422	0
1772068799	XAUUSD	M5	5186.05	5189.40	5195.02	5183.52	-1	0.00909	3
1772069099	XAUUSD	M5	5180.54	5186.05	5187.07	5179.01	-1	0.64796	3
1772069399	XAUUSD	M5	5187.99	5180.46	5188.26	5178.56	1	1.25810	0
1772069699	XAUUSD	M5	5185.42	5187.99	5191.43	5184.84	-1	0.25407	3
1772069999	XAUUSD	M5	5189.54	5185.36	5192.62	5185.14	1	0.23506	0
1772070299	XAUUSD	M5	5189.93	5189.55	5192.20	5187.08	1	0.91995	0
1772070599	XAUUSD	M5	5191.16	5189.93	5193.52	5185.10	1	0.66050	0
1772070899	XAUUSD	M5	5191.71	5191.21	5194.08	5190.34	1	0.88011	0
1772071199	XAUUSD	M5	5190.17	5191.71	5195.51	5187.74	-1	0.56231	3
1772071499	XAUUSD	M5	5187.26	5190.17	5190.27	5184.77	-1	0.14690	3
1772071799	XAUUSD	M5	5183.06	5187.26	5190.97	5182.20	-1	0.24497	3
1772072099	XAUUSD	M5	5188.25	5183.13	5190.04	5181.80	1	0.54266	0
1772072399	XAUUSD	M5	5183.44	5188.24	5189.35	5181.35	-1	0.44567	3
1772072699	XAUUSD	M5	5180.79	5183.53	5184.70	5180.67	-1	0.19318	3
1772072999	XAUUSD	M5	5178.87	5180.79	5183.73	5178.12	-1	0.44742	3
1772073299	XAUUSD	M5	5180.52	5178.72	5184.17	5174.73	1	0.48361	0
1772073599	XAUUSD	M5	5176.09	5180.25	5180.39	5174.34	-1	0.24669	3
1772073899	XAUUSD	M5	5180.78	5176.09	5183.21	5176.09	1	0.41018	0
1772074199	XAUUSD	M5	5184.69	5180.78	5184.77	5180.73	1	0.17108	0
1772074499	XAUUSD	M5	5184.34	5184.74	5186.34	5183.78	-1	0.91640	3
1772074799	XAUUSD	M5	5187.44	5184.41	5187.61	5182.95	1	0.09929	0
1772075099	XAUUSD	M5	5185.97	5187.44	5187.53	5184.33	-1	0.58188	3
1772075399	XAUUSD	M5	5187.26	5186.04	5188.14	5184.36	1	0.66032	0
1772075699	XAUUSD	M5	5190.19	5187.25	5193.82	5185.54	1	0.12406	0
1772075999	XAUUSD	M5	5191.04	5190.18	5191.72	5187.89	1	0.76766	0
1772076299	XAUUSD	M5	5188.35	5190.94	5191.25	5187.78	-1	0.23210	3
1772076599	XAUUSD	M5	5188.56	5188.35	5189.77	5187.90	1	0.96922	0
1772076899	XAUUSD	M5	5186.58	5188.60	5188.82	5186.17	-1	0.40407	3
1772077199	XAUUSD	M5	5186.18	5186.75	5188.75	5185.95	-1	0.85759	3
1772077499	XAUUSD	M5	5188.61	5186.18	5188.63	5184.24	1	0.26568	0
1772077799	XAUUSD	M5	5191.34	5188.61	5191.52	5187.75	1	0.16528	0
1772078099	XAUUSD	M5	5192.63	5191.36	5192.87	5190.46	1	0.64580	0
1772078399	XAUUSD	M5	5194.08	5192.63	5195.47	5192.38	1	0.58432	0
1772078699	XAUUSD	M5	5195.76	5194.09	5196.53	5193.34	1	0.50939	0
1772078999	XAUUSD	M5	5196.80	5195.76	5199.09	5194.96	1	0.72359	0
1772079299	XAUUSD	M5	5193.83	5196.85	5197.10	5191.65	-1	0.04699	3
1772079599	XAUUSD	M5	5193.75	5193.83	5195.37	5191.54	-1	1.06431	3
1772079899	XAUUSD	M5	5194.13	5193.75	5194.75	5191.70	1	0.95593	0
1772080199	XAUUSD	M5	5194.86	5194.06	5195.01	5192.80	1	0.80594	0
1772080499	XAUUSD	M5	5195.40	5194.86	5195.57	5194.22	1	0.90994	0
1772080799	XAUUSD	M5	5194.26	5195.40	5195.80	5194.11	-1	0.69185	3
1772081099	XAUUSD	M5	5191.38	5194.26	5194.80	5190.66	-1	0.06408	3
1772081399	XAUUSD	M5	5192.61	5191.38	5192.97	5190.49	1	0.65643	0
1772081699	XAUUSD	M5	5192.69	5192.60	5193.56	5192.05	1	1.06415	0
1772081999	XAUUSD	M5	5193.25	5192.69	5195.22	5190.54	1	0.89248	0
1772082299	XAUUSD	M5	5194.54	5193.25	5194.54	5192.02	1	0.62719	0
1772082599	XAUUSD	M5	5197.85	5194.56	5199.62	5193.60	1	0.09459	0
1772082899	XAUUSD	M5	5199.82	5197.92	5202.41	5196.62	1	0.40722	0
1772083199	XAUUSD	M5	5202.71	5199.91	5203.10	5197.98	1	0.08115	0
1772083499	XAUUSD	M5	5200.41	5202.75	5205.31	5199.61	-1	0.24527	3
1772083799	XAUUSD	M5	5201.13	5200.32	5201.63	5199.06	1	0.79716	0
1772084099	XAUUSD	M5	5199.26	5201.12	5203.26	5195.84	-1	0.41563	3
1772084399	XAUUSD	M5	5199.69	5199.27	5201.71	5198.94	1	0.93226	0
1772084699	XAUUSD	M5	5193.88	5199.41	5199.99	5191.35	-1	0.91242	3
1772084999	XAUUSD	M5	5194.18	5193.84	5196.36	5193.28	1	0.95820	0
1772085299	XAUUSD	M5	5198.46	5194.38	5198.61	5194.38	1	0.39477	0
1772085599	XAUUSD	M5	5193.77	5198.47	5199.36	5193.51	-1	0.61621	3
1772085899	XAUUSD	M5	5198.41	5193.77	5199.63	5193.50	1	0.59469	0
1772086199	XAUUSD	M5	5197.99	5198.41	5198.41	5195.75	-1	0.92837	3
1772086499	XAUUSD	M5	5196.06	5197.97	5198.51	5194.66	-1	0.39169	3
1772086799	XAUUSD	M5	5196.44	5196.06	5197.20	5192.83	1	0.94109	0
1772087099	XAUUSD	M5	5193.49	5196.44	5197.92	5193.16	-1	0.01425	3
1772087399	XAUUSD	M5	5196.90	5193.51	5197.36	5193.51	1	0.14773	0
1772087699	XAUUSD	M5	5196.79	5196.90	5198.24	5194.14	-1	1.03758	3
1772087999	XAUUSD	M5	5196.44	5196.79	5197.21	5194.27	-1	0.95003	3
1772088299	XAUUSD	M5	5192.80	5196.44	5196.96	5192.25	-1	0.25274	3
1772088599	XAUUSD	M5	5192.66	5192.79	5196.81	5191.22	-1	1.02901	3
1772088899	XAUUSD	M5	5193.26	5192.98	5193.33	5190.37	1	0.97024	0
1772089199	XAUUSD	M5	5190.96	5193.29	5194.72	5185.44	-1	0.21797	3
1772089499	XAUUSD	M5	5184.75	5190.71	5190.77	5182.59	-1	1.10808	3
1772089799	XAUUSD	M5	5187.62	5184.75	5187.78	5182.45	1	0.02187	0
1772090099	XAUUSD	M5	5188.55	5187.62	5190.81	5185.24	1	0.72829	0
1772090399	XAUUSD	M5	5186.04	5188.55	5189.16	5182.06	-1	0.15185	3
1772090699	XAUUSD	M5	5184.88	5186.04	5188.02	5184.43	-1	0.64550	3
1772090999	XAUUSD	M5	5186.15	5185.23	5188.73	5184.58	1	0.73428	0
1772091299	XAUUSD	M5	5188.35	5186.06	5189.00	5184.64	1	0.23484	0
1772091599	XAUUSD	M5	5186.49	5188.34	5189.78	5186.08	-1	0.39593	3
1772091899	XAUUSD	M5	5181.91	5186.50	5186.90	5181.87	-1	0.60513	3
1772092199	XAUUSD	M5	5183.70	5181.62	5184.20	5179.72	1	0.31637	0
1772092499	XAUUSD	M5	5186.02	5183.73	5188.14	5183.73	1	0.23749	0
1772092799	XAUUSD	M5	5181.47	5186.36	5187.05	5179.66	-1	0.71524	3
1772093099	XAUUSD	M5	5183.96	5181.48	5185.37	5179.41	1	0.16983	0
1772093399	XAUUSD	M5	5189.48	5183.80	5190.47	5183.76	1	1.00232	0
1772093699	XAUUSD	M5	5187.25	5189.48	5190.85	5184.89	-1	0.26076	3
1772093999	XAUUSD	M5	5187.01	5187.24	5187.55	5184.94	-1	0.99317	3
1772094299	XAUUSD	M5	5176.99	5187.02	5187.69	5175.41	-1	2.57296	5
1772094599	XAUUSD	M5	5175.06	5176.98	5180.83	5171.24	-1	0.37901	3
1772094899	XAUUSD	M5	5174.82	5175.04	5177.72	5172.77	-1	0.99601	3
1772095199	XAUUSD	M5	5174.28	5174.88	5176.67	5171.71	-1	0.85702	3
1772095499	XAUUSD	M5	5179.75	5174.14	5179.85	5167.91	1	0.96006	0
1772095799	XAUUSD	M5	5178.38	5179.75	5182.29	5177.83	-1	0.58215	3
1772096099	XAUUSD	M5	5179.41	5178.38	5181.51	5175.35	1	0.70689	0
1772096399	XAUUSD	M5	5174.44	5179.38	5180.45	5174.43	-1	0.71421	3
1772096699	XAUUSD	M5	5178.01	5174.46	5178.40	5173.92	1	0.20846	0
1772096999	XAUUSD	M5	5181.64	5177.68	5182.57	5177.62	1	0.35711	0
1772097299	XAUUSD	M5	5176.99	5181.63	5182.31	5175.91	-1	0.60819	3
1772097599	XAUUSD	M5	5176.56	5176.97	5177.10	5174.75	-1	0.93219	3
1772097899	XAUUSD	M5	5181.20	5176.56	5182.28	5176.56	1	0.60830	0
1772098199	XAUUSD	M5	5181.63	5181.13	5183.53	5179.30	1	0.89755	0
1772098499	XAUUSD	M5	5183.30	5181.62	5183.70	5180.25	1	0.46771	0
1772098799	XAUUSD	M5	5181.50	5183.07	5183.55	5180.36	-1	0.50603	3
1772099099	XAUUSD	M5	5184.64	5181.55	5185.27	5181.55	1	0.04609	0
1772099399	XAUUSD	M5	5186.98	5184.63	5187.22	5184.05	1	0.22386	0
1772099699	XAUUSD	M5	5186.32	5186.81	5189.72	5186.04	-1	0.89971	3
1772099999	XAUUSD	M5	5189.51	5186.40	5189.52	5185.62	1	0.05138	0
1772100299	XAUUSD	M5	5188.45	5189.51	5190.10	5188.17	-1	0.69250	3
1772100599	XAUUSD	M5	5187.89	5188.45	5188.69	5187.10	-1	0.87457	3
1772100899	XAUUSD	M5	5182.85	5188.11	5188.75	5181.92	-1	0.83610	3
1772101199	XAUUSD	M5	5183.60	5182.85	5184.58	5181.36	1	0.80318	0
1772101499	XAUUSD	M5	5179.29	5183.58	5185.13	5178.98	-1	0.49342	3
1772101799	XAUUSD	M5	5177.04	5179.23	5179.36	5174.74	-1	0.27629	3
1772102099	XAUUSD	M5	5176.09	5176.87	5177.16	5171.80	-1	0.79299	3
1772102399	XAUUSD	M5	5172.13	5176.16	5178.75	5172.13	-1	0.39670	3
1772102699	XAUUSD	M5	5171.17	5171.82	5175.19	5170.66	-1	0.83843	3
1772102999	XAUUSD	M5	5173.60	5171.17	5173.62	5168.84	1	0.18494	0
1772103299	XAUUSD	M5	5171.61	5173.52	5173.73	5166.70	-1	0.37683	3
1772103599	XAUUSD	M5	5173.83	5171.61	5175.22	5169.26	1	0.26037	0
1772103899	XAUUSD	M5	5177.33	5173.83	5178.50	5172.74	1	0.20721	0
1772104199	XAUUSD	M5	5175.85	5177.32	5177.43	5175.29	-1	0.53653	3
1772104499	XAUUSD	M5	5175.54	5175.55	5176.00	5171.05	-1	1.06891	3
1772104799	XAUUSD	M5	5171.70	5175.52	5175.80	5170.98	-1	0.32891	3
1772105099	XAUUSD	M5	5171.88	5171.63	5176.10	5171.43	1	0.97886	0
1772105399	XAUUSD	M5	5173.38	5171.88	5174.12	5171.76	1	0.51764	0
1772105699	XAUUSD	M5	5173.54	5173.38	5175.49	5172.44	1	1.00936	0
1772105999	XAUUSD	M5	5174.68	5173.54	5175.09	5173.11	1	0.65003	0
1772106299	XAUUSD	M5	5171.40	5174.54	5174.54	5170.85	-1	0.08328	3
1772106599	XAUUSD	M5	5163.51	5171.41	5171.57	5161.25	-1	1.81863	4
1772106899	XAUUSD	M5	5164.71	5163.74	5165.92	5161.83	1	0.71393	0
1772107199	XAUUSD	M5	5165.67	5164.77	5168.17	5157.98	1	0.73578	0
1772107499	XAUUSD	M5	5169.15	5165.67	5169.25	5163.18	1	0.20698	0
1772107799	XAUUSD	M5	5168.46	5169.15	5170.05	5166.85	-1	0.81237	3
1772108099	XAUUSD	M5	5172.18	5168.54	5173.71	5166.13	1	0.26725	0
1772108399	XAUUSD	M5	5176.52	5172.18	5176.56	5170.29	1	0.52017	0
1772108699	XAUUSD	M5	5178.54	5176.52	5179.99	5175.94	1	0.32965	0
1772108999	XAUUSD	M5	5183.10	5178.61	5184.10	5177.80	1	0.57201	0
1772109299	XAUUSD	M5	5182.34	5183.09	5184.38	5179.83	-1	0.79400	3
1772109599	XAUUSD	M5	5187.52	5182.33	5187.67	5182.26	1	0.84077	0
1772109899	XAUUSD	M5	5181.29	5187.83	5187.83	5181.29	-1	1.33216	3
1772110199	XAUUSD	M5	5181.25	5181.31	5181.96	5179.54	-1	1.04848	3
1772110499	XAUUSD	M5	5183.85	5181.39	5185.10	5179.98	1	0.16561	0
1772110799	XAUUSD	M5	5175.76	5183.85	5185.57	5175.17	-1	1.89705	4
1772111099	XAUUSD	M5	5172.50	5175.96	5180.43	5171.18	-1	0.19945	3
1772111399	XAUUSD	M5	5174.00	5172.00	5174.55	5168.31	1	0.33504	0
1772111699	XAUUSD	M5	5171.65	5174.03	5177.88	5171.55	-1	0.19568	3
1772111999	XAUUSD	M5	5178.12	5171.65	5178.90	5171.59	1	1.29691	0
1772112299	XAUUSD	M5	5174.76	5177.96	5177.96	5174.60	-1	0.09892	3
1772112599	XAUUSD	M5	5174.36	5174.82	5175.41	5166.01	-1	0.90043	3
1772112899	XAUUSD	M5	5173.61	5174.24	5177.32	5169.63	-1	0.83448	3
1772113199	XAUUSD	M5	5165.14	5173.22	5174.44	5164.36	-1	1.88694	4
1772113499	XAUUSD	M5	5168.76	5165.13	5169.69	5164.68	1	0.26084	0
1772113799	XAUUSD	M5	5170.80	5168.77	5170.85	5167.85	1	0.32281	0
1772114099	XAUUSD	M5	5166.39	5170.80	5171.55	5166.07	-1	0.54697	3
1772114399	XAUUSD	M5	5166.06	5166.29	5170.11	5162.86	-1	0.97572	3
1772114699	XAUUSD	M5	5163.55	5165.95	5167.58	5160.36	-1	0.17701	3
1772114999	XAUUSD	M5	5166.28	5163.53	5166.75	5162.60	1	0.04550	0
1772115299	XAUUSD	M5	5167.02	5166.22	5168.83	5165.19	1	0.76227	0
1772115599	XAUUSD	M5	5168.82	5166.99	5170.04	5163.53	1	0.37703	0
1772115899	XAUUSD	M5	5170.41	5168.83	5172.32	5168.55	1	0.46659	0
1772116199	XAUUSD	M5	5165.83	5170.45	5170.45	5140.86	-1	0.66201	3
1772116499	XAUUSD	M5	5166.41	5166.22	5174.88	5164.01	1	0.98548	0
1772116799	XAUUSD	M5	5172.56	5165.96	5174.47	5158.50	1	1.39346	0
1772117099	XAUUSD	M5	5171.99	5172.55	5175.95	5165.95	-1	0.84656	3
1772117399	XAUUSD	M5	5167.91	5171.93	5173.73	5164.12	-1	0.43454	3
1772117699	XAUUSD	M5	5165.14	5169.04	5171.50	5163.97	-1	0.39281	3
1772117999	XAUUSD	M5	5167.70	5163.41	5172.12	5158.92	1	0.54059	0
1772118299	XAUUSD	M5	5167.21	5167.73	5169.85	5163.95	-1	0.86137	3
1772118599	XAUUSD	M5	5162.38	5167.86	5171.42	5161.25	-1	0.98167	3
1772118899	XAUUSD	M5	5158.57	5162.44	5163.31	5150.24	-1	0.38110	3
1772119199	XAUUSD	M5	5154.46	5158.97	5162.32	5151.91	-1	0.61742	3
1772119499	XAUUSD	M5	5141.51	5154.59	5158.26	5130.84	-1	3.73247	5
1772119799	XAUUSD	M5	5153.62	5141.60	5156.53	5140.67	1	3.29434	2
1772120099	XAUUSD	M5	5169.23	5153.65	5169.54	5152.91	1	4.46238	2
1772120399	XAUUSD	M5	5175.56	5169.12	5176.46	5166.28	1	1.23210	0
1772120699	XAUUSD	M5	5182.38	5175.56	5185.93	5175.29	1	1.35915	0
1772120999	XAUUSD	M5	5189.70	5182.39	5192.68	5180.90	1	1.53597	1
1772121299	XAUUSD	M5	5185.86	5189.70	5192.46	5183.14	-1	0.31335	3
1772121599	XAUUSD	M5	5178.92	5185.66	5187.11	5178.39	-1	1.33071	3
1772121899	XAUUSD	M5	5177.76	5178.91	5180.82	5176.71	-1	0.63838	3
1772122199	XAUUSD	M5	5176.76	5177.83	5180.39	5173.07	-1	0.66567	3
1772122499	XAUUSD	M5	5181.40	5177.56	5184.64	5174.05	1	0.30814	0
1772122799	XAUUSD	M5	5178.22	5181.40	5184.30	5176.22	-1	0.07727	3
1772123099	XAUUSD	M5	5180.48	5178.25	5180.51	5175.62	1	0.25427	0
1772123399	XAUUSD	M5	5181.91	5180.36	5183.40	5178.09	1	0.49385	0
1772123699	XAUUSD	M5	5182.35	5182.46	5184.46	5179.63	-1	0.99824	3
1772123999	XAUUSD	M5	5183.30	5182.47	5186.23	5180.24	1	0.74489	0
1772124299	XAUUSD	M5	5181.36	5183.29	5185.35	5178.46	-1	0.35742	3
1772124599	XAUUSD	M5	5179.02	5181.35	5183.62	5176.61	-1	0.21356	3
1772124899	XAUUSD	M5	5179.61	5179.02	5180.89	5175.50	1	0.82616	0
1772125199	XAUUSD	M5	5181.28	5179.60	5182.75	5178.40	1	0.44254	0
1772125499	XAUUSD	M5	5186.39	5181.27	5187.83	5180.87	1	0.77608	0
1772125799	XAUUSD	M5	5179.65	5186.37	5190.31	5179.65	-1	1.34084	3
1772126099	XAUUSD	M5	5178.26	5179.80	5181.40	5175.57	-1	0.49089	3
1772126399	XAUUSD	M5	5179.47	5178.22	5181.88	5178.16	1	0.59423	0
1772126699	XAUUSD	M5	5174.39	5179.47	5180.16	5173.73	-1	0.75731	3
1772126999	XAUUSD	M5	5176.73	5174.37	5177.03	5172.00	1	0.20592	0
1772127299	XAUUSD	M5	5173.94	5176.70	5177.87	5172.87	-1	0.06567	3
1772127599	XAUUSD	M5	5174.73	5173.95	5176.80	5173.62	1	0.76588	0
1772127899	XAUUSD	M5	5169.95	5174.66	5175.39	5166.72	-1	0.62363	3
1772128199	XAUUSD	M5	5166.97	5169.95	5173.09	5165.07	-1	0.00945	3
1772128499	XAUUSD	M5	5167.22	5167.04	5168.71	5162.07	1	0.98032	0
1772128799	XAUUSD	M5	5168.87	5167.45	5171.46	5167.37	1	0.53967	0
1772129099	XAUUSD	M5	5170.20	5168.87	5171.14	5163.60	1	0.57152	0
1772129399	XAUUSD	M5	5173.38	5170.06	5173.61	5169.28	1	0.13022	0
1772129699	XAUUSD	M5	5174.85	5173.38	5176.38	5171.78	1	0.52265	0
1772129999	XAUUSD	M5	5174.86	5174.39	5176.78	5174.03	1	0.87329	0
1772130299	XAUUSD	M5	5177.09	5174.72	5178.39	5173.92	1	0.19807	0
1772130599	XAUUSD	M5	5167.56	5177.20	5180.29	5165.87	-1	2.35737	4
1772130899	XAUUSD	M5	5175.50	5167.64	5177.31	5160.94	1	1.72009	1
1772131199	XAUUSD	M5	5181.72	5175.50	5182.39	5174.67	1	1.14210	0
1772131499	XAUUSD	M5	5184.66	5181.44	5185.07	5181.28	1	0.09160	0
1772131799	XAUUSD	M5	5180.90	5184.57	5185.84	5180.81	-1	0.24775	3
1772132099	XAUUSD	M5	5180.24	5180.83	5182.31	5179.17	-1	0.83156	3
1772132399	XAUUSD	M5	5185.45	5180.39	5186.19	5179.78	1	0.74661	0
1772132699	XAUUSD	M5	5186.22	5185.48	5187.79	5184.15	1	0.77491	0
1772132999	XAUUSD	M5	5186.48	5186.22	5188.31	5184.86	1	0.94037	0
1772133299	XAUUSD	M5	5187.70	5186.50	5187.86	5185.17	1	0.60756	0
1772133599	XAUUSD	M5	5185.79	5187.72	5189.15	5185.47	-1	0.34838	3
1772133899	XAUUSD	M5	5185.56	5185.79	5186.69	5184.62	-1	0.94855	3
1772134199	XAUUSD	M5	5188.86	5185.65	5188.99	5183.50	1	0.10457	0
1772134499	XAUUSD	M5	5184.19	5188.90	5190.83	5183.66	-1	0.63141	3
1772134799	XAUUSD	M5	5186.40	5184.19	5186.91	5184.02	1	0.25277	0
1772135099	XAUUSD	M5	5193.89	5186.38	5194.04	5186.38	1	1.61185	1
1772135399	XAUUSD	M5	5189.59	5193.91	5193.93	5188.94	-1	0.48357	3
1772135699	XAUUSD	M5	5187.06	5189.70	5190.58	5186.52	-1	0.10954	3
1772135999	XAUUSD	M5	5193.81	5187.06	5193.82	5186.81	1	1.34051	0
1772136299	XAUUSD	M5	5195.17	5193.81	5196.48	5193.79	1	0.55885	0
1772136599	XAUUSD	M5	5196.91	5195.17	5198.04	5194.35	1	0.42259	0
1772136899	XAUUSD	M5	5194.53	5196.97	5197.10	5191.97	-1	0.17592	3
1772137199	XAUUSD	M5	5197.78	5194.55	5197.78	5194.25	1	0.10049	0
1772137499	XAUUSD	M5	5193.62	5197.83	5197.83	5193.28	-1	0.44560	3
1772137799	XAUUSD	M5	5194.35	5193.57	5194.80	5190.76	1	0.76594	0
1772138099	XAUUSD	M5	5197.73	5194.36	5199.39	5194.22	1	0.14760	0
1772138399	XAUUSD	M5	5198.35	5197.76	5199.23	5196.41	1	0.83482	0
1772138699	XAUUSD	M5	5199.97	5198.38	5200.65	5198.38	1	0.48164	0
1772138999	XAUUSD	M5	5192.82	5199.97	5200.22	5191.57	-1	1.47851	3
1772139299	XAUUSD	M5	5196.61	5192.77	5197.37	5189.72	1	0.30954	0
1772139599	XAUUSD	M5	5198.64	5196.46	5200.56	5196.46	1	0.27544	0
1772139899	XAUUSD	M5	5199.59	5198.75	5199.78	5198.48	1	0.74759	0
1772140199	XAUUSD	M5	5196.51	5199.59	5199.59	5196.31	-1	0.04057	3
1772140499	XAUUSD	M5	5195.12	5196.51	5196.86	5193.70	-1	0.55274	3
1772140799	XAUUSD	M5	5191.31	5194.90	5196.51	5191.29	-1	0.22151	3
1772141099	XAUUSD	M5	5185.72	5191.31	5192.04	5184.81	-1	0.92363	3
1772141399	XAUUSD	M5	5185.11	5185.75	5188.92	5184.48	-1	0.82341	3
1772141699	XAUUSD	M5	5187.12	5185.11	5187.51	5184.56	1	0.34025	0
1772141999	XAUUSD	M5	5190.39	5186.90	5191.36	5186.74	1	0.18086	0
1772142299	XAUUSD	M5	5187.18	5190.29	5190.29	5187.18	-1	0.04424	3
1772142599	XAUUSD	M5	5183.40	5187.43	5188.15	5183.25	-1	0.36992	3
1772142899	XAUUSD	M5	5185.20	5183.40	5186.07	5182.89	1	0.41821	0
1772146799	XAUUSD	M5	5182.18	5186.02	5189.62	5175.72	-1	0.30324	3
1772147099	XAUUSD	M5	5184.67	5182.19	5186.38	5179.00	1	0.17711	0
1772147399	XAUUSD	M5	5183.99	5184.67	5188.53	5183.08	-1	0.81291	3
1772147699	XAUUSD	M5	5183.77	5184.00	5185.66	5182.70	-1	0.96939	3
1772147999	XAUUSD	M5	5183.69	5183.77	5187.18	5183.61	-1	1.02074	3
1772148299	XAUUSD	M5	5184.00	5183.25	5185.76	5181.29	1	0.78533	0
1772148599	XAUUSD	M5	5183.32	5184.18	5184.89	5181.64	-1	0.74457	3
1772148899	XAUUSD	M5	5187.21	5183.32	5187.21	5183.24	1	0.32272	0
1772149199	XAUUSD	M5	5186.02	5187.19	5189.52	5184.01	-1	0.63836	3
1772149499	XAUUSD	M5	5183.96	5185.78	5188.53	5183.86	-1	0.40982	3
1772149799	XAUUSD	M5	5184.93	5183.96	5185.85	5182.32	1	0.71120	0
1772150099	XAUUSD	M5	5184.61	5184.93	5185.02	5183.39	-1	0.93752	3
1772150399	XAUUSD	M5	5180.24	5184.60	5185.38	5179.07	-1	0.48932	3
1772150699	XAUUSD	M5	5182.68	5180.26	5185.30	5179.05	1	0.19414	0
1772150999	XAUUSD	M5	5185.89	5182.68	5186.54	5182.59	1	0.08265	0
1772151299	XAUUSD	M5	5189.28	5185.88	5190.14	5185.36	1	0.15308	0
1772151599	XAUUSD	M5	5192.47	5189.55	5194.70	5188.75	1	0.01656	0
1772151899	XAUUSD	M5	5188.14	5192.10	5192.69	5187.77	-1	0.34976	3
1772152199	XAUUSD	M5	5182.22	5188.03	5189.65	5179.76	-1	1.00158	3
1772152499	XAUUSD	M5	5174.71	5182.19	5182.19	5171.97	-1	1.58858	4
1772152799	XAUUSD	M5	5176.20	5174.73	5177.63	5170.28	1	0.53568	0
1772153099	XAUUSD	M5	5173.90	5174.99	5177.39	5171.81	-1	0.66960	3
1772153399	XAUUSD	M5	5176.56	5173.85	5177.61	5172.28	1	0.09858	0
1772153699	XAUUSD	M5	5174.97	5176.26	5177.18	5173.66	-1	0.60151	3
1772153999	XAUUSD	M5	5175.37	5175.02	5176.55	5168.61	1	0.93045	0
1772154299	XAUUSD	M5	5174.86	5175.62	5176.72	5166.90	-1	0.78451	3
1772154599	XAUUSD	M5	5176.58	5174.86	5178.80	5174.76	1	0.44228	0
1772154899	XAUUSD	M5	5177.91	5176.58	5178.98	5175.04	1	0.57793	0
1772155199	XAUUSD	M5	5177.86	5177.63	5180.09	5176.08	1	0.96249	0
1772155499	XAUUSD	M5	5174.99	5177.91	5178.34	5174.86	-1	0.01073	3
1772155799	XAUUSD	M5	5182.14	5174.99	5182.61	5173.43	1	1.47697	0
1772156099	XAUUSD	M5	5190.70	5182.00	5190.82	5181.92	1	2.00926	1
1772156399	XAUUSD	M5	5188.65	5190.68	5191.16	5186.85	-1	0.33099	3
1772156699	XAUUSD	M5	5188.54	5188.58	5189.73	5187.39	-1	1.03054	3
1772156999	XAUUSD	M5	5192.10	5188.54	5193.78	5187.43	1	0.20454	0
1772157299	XAUUSD	M5	5194.22	5191.86	5194.56	5189.96	1	0.21392	0
1772157599	XAUUSD	M5	5193.31	5194.19	5197.50	5191.82	-1	0.73558	3
1772157899	XAUUSD	M5	5195.28	5193.21	5199.63	5193.13	1	0.31616	0
1772158199	XAUUSD	M5	5194.16	5195.71	5196.65	5191.94	-1	0.50034	3
1772158499	XAUUSD	M5	5191.24	5194.18	5195.08	5191.14	-1	0.01042	3
1772158799	XAUUSD	M5	5186.66	5191.24	5191.77	5184.52	-1	0.56756	3
1772159099	XAUUSD	M5	5183.93	5186.70	5188.10	5183.70	-1	0.07132	3
1772159399	XAUUSD	M5	5183.74	5184.24	5186.08	5181.97	-1	0.86976	3
1772159699	XAUUSD	M5	5178.53	5183.67	5184.21	5174.19	-1	0.76679	3
1772159999	XAUUSD	M5	5181.46	5178.53	5182.16	5177.47	1	0.01464	0
1772160299	XAUUSD	M5	5178.68	5181.57	5182.77	5177.13	-1	0.02860	3
1772160599	XAUUSD	M5	5177.77	5178.63	5178.86	5173.61	-1	0.74624	3
1772160899	XAUUSD	M5	5183.68	5177.77	5184.24	5177.27	1	1.03273	0
1772161199	XAUUSD	M5	5182.75	5183.64	5185.09	5182.01	-1	0.73758	3
1772161499	XAUUSD	M5	5183.04	5182.74	5184.09	5181.33	1	0.94272	0
1772161799	XAUUSD	M5	5182.90	5183.04	5183.50	5181.54	-1	0.99750	3
1772162099	XAUUSD	M5	5183.78	5182.83	5184.41	5181.74	1	0.71317	0
1772162399	XAUUSD	M5	5185.07	5183.79	5185.08	5182.01	1	0.59432	0
1772162699	XAUUSD	M5	5186.89	5185.06	5188.29	5185.06	1	0.39945	0
1772162999	XAUUSD	M5	5187.76	5186.88	5189.12	5185.49	1	0.73516	0
1772163299	XAUUSD	M5	5186.55	5187.76	5187.92	5183.50	-1	0.61858	3
1772163599	XAUUSD	M5	5187.17	5186.52	5187.76	5185.46	1	0.81332	0
1772163899	XAUUSD	M5	5189.70	5187.17	5190.39	5186.86	1	0.15304	0
1772164199	XAUUSD	M5	5189.59	5189.70	5190.44	5189.08	-1	1.00465	3
1772164499	XAUUSD	M5	5184.00	5189.59	5190.37	5183.96	-1	0.92137	3
1772164799	XAUUSD	M5	5185.32	5183.98	5186.14	5183.49	1	0.57448	0
1772165099	XAUUSD	M5	5185.89	5185.32	5187.53	5185.23	1	0.84303	0
1772165399	XAUUSD	M5	5186.61	5185.88	5186.61	5184.38	1	0.78332	0
1772165699	XAUUSD	M5	5184.83	5186.61	5186.88	5184.42	-1	0.41325	3
1772165999	XAUUSD	M5	5187.86	5184.83	5188.04	5181.77	1	0.02472	0
1772166299	XAUUSD	M5	5187.37	5187.84	5188.90	5186.68	-1	0.87237	3
1772166599	XAUUSD	M5	5186.79	5187.37	5187.43	5185.48	-1	0.83059	3
1772166899	XAUUSD	M5	5187.75	5186.79	5188.59	5186.76	1	0.69915	0
1772167199	XAUUSD	M5	5187.34	5187.75	5188.06	5186.61	-1	0.90223	3
1772167499	XAUUSD	M5	5185.67	5187.34	5187.49	5185.36	-1	0.43873	3
1772167799	XAUUSD	M5	5183.22	5185.71	5185.96	5182.82	-1	0.13535	3
1772168099	XAUUSD	M5	5181.88	5183.22	5184.71	5181.05	-1	0.55585	3
1772168399	XAUUSD	M5	5184.54	5181.87	5184.57	5181.64	1	0.06435	0
1772168699	XAUUSD	M5	5185.09	5184.54	5185.85	5184.22	1	0.84168	0
1772168999	XAUUSD	M5	5187.34	5185.08	5187.57	5184.59	1	0.21256	0
1772169299	XAUUSD	M5	5186.48	5187.33	5187.53	5185.71	-1	0.72772	3
1772169599	XAUUSD	M5	5189.16	5186.47	5189.79	5186.28	1	0.05099	0
1772169899	XAUUSD	M5	5194.80	5189.15	5194.83	5189.15	1	1.03601	0
1772170199	XAUUSD	M5	5196.26	5194.80	5197.55	5194.10	1	0.50229	0
1772170499	XAUUSD	M5	5194.54	5195.89	5196.21	5189.94	-1	0.53927	3
1772170799	XAUUSD	M5	5191.87	5194.14	5194.25	5191.26	-1	0.20015	3
1772171099	XAUUSD	M5	5191.26	5192.10	5193.72	5191.05	-1	0.72252	3
1772171399	XAUUSD	M5	5194.86	5191.27	5196.59	5190.88	1	0.29015	0
1772171699	XAUUSD	M5	5197.92	5194.83	5200.36	5193.80	1	0.10399	0
1772171999	XAUUSD	M5	5193.54	5197.92	5198.45	5192.93	-1	0.57670	3
1772172299	XAUUSD	M5	5194.73	5193.54	5196.35	5193.41	1	0.59864	0
1772172599	XAUUSD	M5	5197.14	5194.73	5198.48	5194.72	1	0.14973	0
1772172899	XAUUSD	M5	5195.58	5197.14	5199.34	5195.01	-1	0.46101	3
1772173199	XAUUSD	M5	5195.00	5195.56	5196.85	5194.22	-1	0.82672	3
1772173499	XAUUSD	M5	5193.22	5195.01	5195.53	5192.15	-1	0.37076	3
1772173799	XAUUSD	M5	5192.34	5193.21	5196.27	5192.31	-1	0.70888	3
1772174099	XAUUSD	M5	5194.18	5192.33	5194.93	5191.53	1	0.34480	0
1772174399	XAUUSD	M5	5193.45	5194.22	5196.32	5192.76	-1	0.74160	3
1772174699	XAUUSD	M5	5191.89	5193.62	5193.85	5191.46	-1	0.38734	3
1772174999	XAUUSD	M5	5188.85	5191.77	5192.63	5187.52	-1	0.05404	3
1772175299	XAUUSD	M5	5187.85	5188.85	5188.86	5186.81	-1	0.65785	3
