timestamp	symbol	timeframe	open	high	low	close	body_direction	body_size	body_classification
1771866600	XAUUSD	M5	5208.82	5209.85	5199.70	5203.74	-1	0.57072	3
1771866900	XAUUSD	M5	5203.57	5210.54	5202.66	5207.00	1	0.05124	0
1771867200	XAUUSD	M5	5207.14	5209.82	5204.20	5209.53	1	0.27691	0
1771867500	XAUUSD	M5	5209.53	5212.52	5209.28	5210.26	1	0.79660	0
1771867800	XAUUSD	M5	5210.36	5211.02	5207.28	5207.93	-1	0.26384	3
1771868100	XAUUSD	M5	5207.94	5207.94	5191.07	5196.53	-1	2.53286	5
1771868400	XAUUSD	M5	5196.54	5204.34	5196.00	5199.50	1	0.10476	0
1771868700	XAUUSD	M5	5199.55	5202.20	5196.60	5199.64	1	0.99929	0
1771869000	XAUUSD	M5	5199.64	5207.61	5199.37	5205.15	1	0.68817	0
1771869300	XAUUSD	M5	5205.17	5208.04	5204.25	5207.93	1	0.17018	0
1771869600	XAUUSD	M5	5208.18	5210.43	5207.31	5210.03	1	0.45165	0
1771869900	XAUUSD	M5	5210.04	5214.53	5209.97	5214.29	1	0.29790	0
1771870200	XAUUSD	M5	5214.33	5215.91	5213.14	5213.44	-1	0.75167	3
1771870500	XAUUSD	M5	5212.68	5212.81	5207.24	5207.98	-1	0.43627	3
1771870800	XAUUSD	M5	5208.06	5213.29	5205.94	5206.36	-1	0.50000	3
1771871100	XAUUSD	M5	5206.37	5208.05	5201.04	5206.12	-1	0.95296	3
1771871400	XAUUSD	M5	5206.22	5210.53	5205.78	5208.20	1	0.41385	0
1771871700	XAUUSD	M5	5208.21	5213.42	5207.23	5208.85	1	0.83209	0
1771872000	XAUUSD	M5	5208.96	5210.30	5205.42	5206.47	-1	0.25312	3
1771872300	XAUUSD	M5	5206.71	5210.18	5206.12	5209.31	1	0.21570	0
1771872600	XAUUSD	M5	5209.06	5212.15	5208.86	5210.55	1	0.56385	0
1771872900	XAUUSD	M5	5210.60	5211.29	5208.52	5209.60	-1	0.71451	3
1771873200	XAUUSD	M5	5209.57	5210.31	5206.79	5209.32	-1	0.94621	3
1771873500	XAUUSD	M5	5209.32	5210.28	5206.72	5209.55	1	0.95047	0
1771873800	XAUUSD	M5	5209.55	5212.11	5208.66	5211.41	1	0.44029	0
1771874100	XAUUSD	M5	5211.41	5214.29	5211.41	5212.34	1	0.73078	0
1771874400	XAUUSD	M5	5212.34	5214.84	5210.87	5211.58	-1	0.78048	3
1771874700	XAUUSD	M5	5211.59	5213.09	5207.15	5209.15	-1	0.25806	3
1771875000	XAUUSD	M5	5209.17	5212.34	5208.20	5212.28	1	0.04918	0
1771875300	XAUUSD	M5	5212.27	5215.22	5209.77	5215.09	1	0.14001	0
1771875600	XAUUSD	M5	5215.09	5217.04	5211.17	5216.92	1	0.45094	0
1771875900	XAUUSD	M5	5216.92	5218.27	5215.16	5217.27	1	0.91129	0
1771876200	XAUUSD	M5	5217.30	5217.92	5214.28	5216.23	-1	0.68384	3
1771876500	XAUUSD	M5	5216.23	5216.47	5214.47	5215.53	-1	0.79606	3
1771876800	XAUUSD	M5	5214.73	5222.82	5214.73	5222.46	1	1.39157	0
1771877100	XAUUSD	M5	5222.49	5222.78	5218.79	5222.72	1	0.94292	0
1771877400	XAUUSD	M5	5222.72	5224.20	5221.34	5223.05	1	0.90908	0
1771877700	XAUUSD	M5	5223.05	5224.48	5221.82	5223.88	1	0.75188	0
1771878000	XAUUSD	M5	5223.88	5225.21	5223.67	5224.41	1	0.84130	0
1771878300	XAUUSD	M5	5224.41	5225.79	5223.65	5225.01	1	0.81696	0
1771878600	XAUUSD	M5	5224.40	5229.02	5224.40	5227.75	1	0.03763	0
1771878900	XAUUSD	M5	5227.75	5230.12	5227.29	5229.24	1	0.54047	0
1771879200	XAUUSD	M5	5229.27	5229.44	5227.35	5227.62	-1	0.49080	3
1771879500	XAUUSD	M5	5227.62	5229.31	5224.86	5228.63	1	0.68895	0
1771879800	XAUUSD	M5	5228.76	5235.79	5228.74	5234.08	1	0.65033	0
1771880100	XAUUSD	M5	5234.11	5237.74	5230.64	5236.35	1	0.30587	0
1771880400	XAUUSD	M5	5236.28	5237.31	5233.90	5234.74	-1	0.52030	3
1771880700	XAUUSD	M5	5234.78	5235.92	5232.96	5234.29	-1	0.84436	3
1771881000	XAUUSD	M5	5234.29	5235.00	5229.74	5231.07	-1	0.01182	3
1771881300	XAUUSD	M5	5231.13	5231.44	5229.06	5231.25	1	0.95776	0
1771881600	XAUUSD	M5	5231.25	5232.12	5230.24	5230.38	-1	0.72204	3
1771881900	XAUUSD	M5	5230.38	5231.48	5229.30	5229.90	-1	0.84168	3
1771882200	XAUUSD	M5	5229.20	5231.68	5226.54	5231.61	1	0.23806	0
1771882500	XAUUSD	M5	5231.61	5232.86	5229.57	5230.14	-1	0.52950	3
1771882800	XAUUSD	M5	5229.63	5230.67	5228.53	5228.85	-1	0.74273	3
1771883100	XAUUSD	M5	5228.54	5231.41	5227.15	5231.41	1	0.09007	0
1771883400	XAUUSD	M5	5231.41	5231.41	5227.90	5229.11	-1	0.26609	3
1771883700	XAUUSD	M5	5229.11	5230.34	5227.26	5227.66	-1	0.53179	3
1771887600	XAUUSD	M5	5230.02	5247.92	5222.16	5243.55	1	3.20170	2
1771887900	XAUUSD	M5	5243.52	5245.91	5235.58	5241.43	-1	0.33184	3
1771888200	XAUUSD	M5	5241.33	5249.10	5241.05	5244.75	1	0.07688	0
1771888500	XAUUSD	M5	5244.77	5249.84	5244.45	5246.84	1	0.34205	0
1771888800	XAUUSD	M5	5246.84	5248.76	5238.31	5239.49	-1	1.28618	3
1771889100	XAUUSD	M5	5239.49	5243.22	5234.48	5236.76	-1	0.14155	3
1771889400	XAUUSD	M5	5236.57	5246.98	5236.57	5245.97	1	1.90765	1
1771889700	XAUUSD	M5	5245.79	5247.06	5238.13	5240.97	-1	0.49605	3
1771890000	XAUUSD	M5	5240.97	5242.78	5237.84	5242.63	1	0.47787	0
1771890300	XAUUSD	M5	5242.65	5243.30	5239.57	5242.32	-1	0.88668	3
1771890600	XAUUSD	M5	5242.34	5242.42	5234.64	5234.64	-1	1.37609	3
1771890900	XAUUSD	M5	5234.64	5239.28	5234.64	5235.72	1	0.65626	0
1771891200	XAUUSD	M5	5235.77	5235.77	5218.08	5230.28	-1	0.69609	3
1771891500	XAUUSD	M5	5230.25	5233.97	5223.77	5227.91	-1	0.27264	3
1771891800	XAUUSD	M5	5228.17	5232.39	5226.70	5229.97	1	0.43933	0
1771892100	XAUUSD	M5	5230.00	5235.44	5229.95	5231.93	1	0.39799	0
1771892400	XAUUSD	M5	5232.08	5238.13	5229.96	5235.66	1	0.10901	0
1771892700	XAUUSD	M5	5235.66	5236.36	5224.79	5225.74	-1	2.04247	4
1771893000	XAUUSD	M5	5226.58	5231.52	5226.02	5228.48	1	0.40944	0
1771893300	XAUUSD	M5	5228.48	5232.71	5224.73	5227.52	-1	0.69556	3
1771893600	XAUUSD	M5	5227.51	5230.71	5226.58	5230.50	1	0.07397	0
1771893900	XAUUSD	M5	5230.50	5232.19	5228.84	5229.99	-1	0.83036	3
1771894200	XAUUSD	M5	5229.80	5231.76	5226.82	5227.17	-1	0.17913	3
1771894500	XAUUSD	M5	5227.19	5227.19	5221.21	5224.07	-1	0.03077	3
1771894800	XAUUSD	M5	5224.02	5224.02	5201.48	5213.29	-1	2.28265	4
1771895100	XAUUSD	M5	5213.35	5213.50	5195.97	5207.71	-1	0.72777	3
1771895400	XAUUSD	M5	5207.55	5211.10	5183.98	5184.95	-1	5.66062	5
1771895700	XAUUSD	M5	5185.29	5188.80	5145.42	5160.05	-1	6.13671	5
1771896000	XAUUSD	M5	5159.99	5172.30	5150.36	5150.49	-1	1.71213	4
1771896300	XAUUSD	M5	5150.52	5166.14	5149.04	5164.59	1	2.95299	2
1771896600	XAUUSD	M5	5165.50	5173.97	5161.48	5170.75	1	0.50896	0
1771896900	XAUUSD	M5	5170.60	5176.00	5162.67	5164.39	-1	0.77397	3
1771897200	XAUUSD	M5	5164.58	5176.17	5163.83	5173.68	1	1.56498	1
1771897500	XAUUSD	M5	5173.98	5178.94	5172.98	5178.53	1	0.30840	0
1771897800	XAUUSD	M5	5178.53	5179.40	5166.52	5167.46	-1	2.09283	4
1771898100	XAUUSD	M5	5167.43	5177.28	5164.23	5177.22	1	1.73071	1
1771898400	XAUUSD	M5	5177.56	5181.77	5171.11	5171.74	-1	0.64172	3
1771898700	XAUUSD	M5	5171.84	5176.46	5167.05	5172.79	1	0.68977	0
1771899000	XAUUSD	M5	5172.64	5174.80	5166.76	5172.65	1	0.94603	0
1771899300	XAUUSD	M5	5172.62	5174.70	5165.54	5172.58	-1	0.93513	3
1771899600	XAUUSD	M5	5172.58	5174.17	5167.10	5169.31	-1	0.05246	3
1771899900	XAUUSD	M5	5169.31	5173.29	5166.78	5173.26	1	0.13324	0
1771900200	XAUUSD	M5	5173.19	5185.66	5172.72	5184.16	1	2.04543	1
1771900500	XAUUSD	M5	5184.22	5187.96	5180.78	5187.96	1	0.07319	0
1771900800	XAUUSD	M5	5187.96	5187.96	5183.36	5183.56	-1	0.25204	3
1771901100	XAUUSD	M5	5183.57	5186.81	5183.50	5186.01	1	0.28248	0
1771901400	XAUUSD	M5	5186.01	5190.15	5184.62	5184.82	-1	0.62428	3
1771901700	XAUUSD	M5	5184.82	5190.93	5183.97	5190.00	1	0.46259	0
1771902000	XAUUSD	M5	5189.82	5190.42	5186.60	5186.92	-1	0.15917	3
1771902300	XAUUSD	M5	5187.09	5191.83	5185.71	5187.92	1	0.72289	0
1771902600	XAUUSD	M5	5187.92	5189.18	5185.49	5188.87	1	0.68992	0
1771902900	XAUUSD	M5	5188.87	5189.84	5186.34	5186.90	-1	0.41046	3
1771903200	XAUUSD	M5	5187.30	5189.12	5182.76	5187.02	-1	0.87050	3
1771903500	XAUUSD	M5	5187.02	5187.02	5182.15	5182.76	-1	0.21247	3
1771903800	XAUUSD	M5	5182.78	5186.09	5181.99	5186.08	1	0.04815	0
1771904100	XAUUSD	M5	5186.05	5188.81	5184.26	5184.50	-1	0.52291	3
1771904400	XAUUSD	M5	5184.49	5185.81	5176.49	5179.40	-1	0.44006	3
1771904700	XAUUSD	M5	5179.38	5179.94	5174.32	5175.94	-1	0.00545	3
1771905000	XAUUSD	M5	5175.94	5177.58	5173.74	5175.98	1	0.93228	0
1771905300	XAUUSD	M5	5176.04	5176.78	5171.20	5172.13	-1	0.12456	3
1771905600	XAUUSD	M5	5171.83	5171.93	5161.11	5164.12	-1	1.15889	3
1771905900	XAUUSD	M5	5164.13	5171.52	5161.89	5168.81	1	0.33148	0
1771906200	XAUUSD	M5	5168.81	5170.23	5166.95	5168.31	-1	0.80832	3
1771906500	XAUUSD	M5	5168.31	5173.11	5168.31	5171.55	1	0.06241	0
1771906800	XAUUSD	M5	5171.55	5175.01	5170.44	5171.60	1	0.93289	0
1771907100	XAUUSD	M5	5171.60	5173.39	5170.16	5172.07	1	0.81852	0
1771907400	XAUUSD	M5	5172.17	5173.29	5166.90	5167.72	-1	0.26929	3
1771907700	XAUUSD	M5	5167.74	5169.18	5165.78	5169.07	1	0.58339	0
1771908000	XAUUSD	M5	5169.07	5171.87	5164.69	5164.71	-1	0.24507	3
1771908300	XAUUSD	M5	5164.71	5170.94	5163.51	5170.68	1	0.68399	0
1771908600	XAUUSD	M5	5170.66	5170.66	5167.88	5168.41	-1	0.33281	3
1771908900	XAUUSD	M5	5168.41	5169.58	5167.92	5168.24	-1	0.89778	3
1771909200	XAUUSD	M5	5168.24	5172.01	5164.45	5170.91	1	0.21056	0
1771909500	XAUUSD	M5	5170.81	5171.87	5167.39	5170.79	-1	0.97069	3
1771909800	XAUUSD	M5	5170.79	5174.54	5169.43	5172.12	1	0.59451	0
1771910100	XAUUSD	M5	5172.12	5173.63	5170.57	5172.34	1	0.91430	0
1771910400	XAUUSD	M5	5172.34	5175.44	5172.04	5173.57	1	0.61716	0
1771910700	XAUUSD	M5	5173.56	5173.79	5166.79	5167.46	-1	0.80642	3
1771911000	XAUUSD	M5	5167.81	5173.04	5164.52	5172.36	1	0.34991	0
1771911300	XAUUSD	M5	5172.44	5174.83	5167.64	5171.22	-1	0.62282	3
1771911600	XAUUSD	M5	5171.35	5174.12	5169.53	5172.77	1	0.56035	0
1771911900	XAUUSD	M5	5172.77	5177.14	5172.25	5174.39	1	0.50128	0
1771912200	XAUUSD	M5	5174.38	5181.84	5173.32	5180.92	1	0.94901	0
1771912500	XAUUSD	M5	5180.87	5185.75	5179.53	5182.53	1	0.49143	0
1771912800	XAUUSD	M5	5182.53	5182.84	5177.26	5180.50	-1	0.38329	3
1771913100	XAUUSD	M5	5180.40	5184.89	5177.83	5183.03	1	0.20410	0
1771913400	XAUUSD	M5	5183.02	5184.73	5181.72	5182.71	-1	0.88548	3
1771913700	XAUUSD	M5	5182.70	5183.56	5180.53	5180.91	-1	0.44576	3
1771914000	XAUUSD	M5	5180.91	5181.11	5175.51	5177.84	-1	0.06871	3
1771914300	XAUUSD	M5	5177.84	5177.84	5167.00	5168.85	-1	1.67182	4
1771914600	XAUUSD	M5	5168.62	5172.66	5164.46	5166.34	-1	0.30099	3
1771914900	XAUUSD	M5	5166.38	5173.73	5156.66	5173.16	1	1.03415	0
1771915200	XAUUSD	M5	5173.07	5173.43	5168.64	5169.02	-1	0.22128	3
1771915500	XAUUSD	M5	5169.02	5174.04	5169.02	5173.23	1	0.26728	0
1771915800	XAUUSD	M5	5173.12	5173.31	5168.20	5168.55	-1	0.37194	3
1771916100	XAUUSD	M5	5168.55	5175.11	5168.55	5173.55	1	0.49815	0
1771916400	XAUUSD	M5	5173.21	5173.62	5169.27	5170.45	-1	0.16979	3
1771916700	XAUUSD	M5	5170.45	5173.08	5165.59	5167.18	-1	0.01727	3
1771917000	XAUUSD	M5	5167.15	5171.51	5164.18	5171.39	1	0.27143	0
1771917300	XAUUSD	M5	5171.39	5178.98	5171.39	5178.90	1	1.24190	0
1771917600	XAUUSD	M5	5178.90	5179.34	5169.57	5174.70	-1	0.25871	3
1771917900	XAUUSD	M5	5174.42	5183.34	5172.48	5183.34	1	1.66139	1
1771918200	XAUUSD	M5	5183.31	5183.65	5174.54	5179.55	-1	0.12532	3
1771918500	XAUUSD	M5	5179.55	5182.52	5177.52	5178.19	-1	0.58790	3
1771918800	XAUUSD	M5	5178.17	5183.72	5177.50	5179.90	1	0.47826	0
1771919100	XAUUSD	M5	5179.90	5179.90	5175.29	5176.84	-1	0.08124	3
1771919400	XAUUSD	M5	5176.85	5181.23	5176.85	5180.85	1	0.19683	0
1771919700	XAUUSD	M5	5180.85	5183.09	5177.94	5179.38	-1	0.55562	3
1771920000	XAUUSD	M5	5179.38	5179.45	5172.07	5172.85	-1	0.94612	3
1771920300	XAUUSD	M5	5172.85	5175.54	5169.66	5175.46	1	0.22101	0
1771920600	XAUUSD	M5	5175.45	5175.76	5169.49	5171.86	-1	0.06885	3
1771920900	XAUUSD	M5	5171.44	5173.33	5165.70	5168.05	-1	0.00937	3
1771921200	XAUUSD	M5	5168.57	5174.05	5165.20	5173.58	1	0.49067	0
1771921500	XAUUSD	M5	5173.58	5174.82	5170.11	5170.52	-1	0.08481	3
1771921800	XAUUSD	M5	5169.95	5181.32	5169.95	5180.56	1	2.16496	1
1771922100	XAUUSD	M5	5179.90	5181.93	5177.98	5178.96	-1	0.71604	3
1771922400	XAUUSD	M5	5179.22	5179.93	5174.53	5174.90	-1	0.29178	3
1771922700	XAUUSD	M5	5174.87	5175.11	5169.12	5172.38	-1	0.25181	3
1771923000	XAUUSD	M5	5172.38	5174.44	5170.57	5171.81	-1	0.82418	3
1771923300	XAUUSD	M5	5171.81	5176.74	5171.02	5173.59	1	0.46463	0
1771923600	XAUUSD	M5	5173.60	5178.22	5172.50	5176.56	1	0.11374	0
1771923900	XAUUSD	M5	5176.55	5180.22	5175.54	5177.61	1	0.68138	0
1771924200	XAUUSD	M5	5177.61	5177.61	5171.48	5172.56	-1	0.50736	3
1771924500	XAUUSD	M5	5172.54	5174.89	5171.23	5172.21	-1	0.90140	3
1771924800	XAUUSD	M5	5172.21	5173.93	5168.67	5170.45	-1	0.47503	3
1771925100	XAUUSD	M5	5170.41	5172.65	5167.83	5168.37	-1	0.39039	3
1771925400	XAUUSD	M5	5168.37	5173.51	5168.37	5172.74	1	0.30388	0
1771925700	XAUUSD	M5	5172.74	5173.46	5166.57	5170.42	-1	0.30959	3
1771926000	XAUUSD	M5	5170.36	5172.33	5169.06	5170.03	-1	0.90347	3
1771926300	XAUUSD	M5	5169.99	5170.78	5167.35	5170.00	1	0.99780	0
1771926600	XAUUSD	M5	5170.00	5171.98	5169.90	5170.50	1	0.84876	0
1771926900	XAUUSD	M5	5170.49	5173.02	5169.96	5171.47	1	0.70344	0
1771927200	XAUUSD	M5	5171.43	5176.00	5170.97	5175.98	1	0.35897	0
1771927500	XAUUSD	M5	5175.98	5176.05	5172.57	5173.19	-1	0.16636	3
1771927800	XAUUSD	M5	5173.19	5174.85	5172.96	5174.63	1	0.56980	0
1771928100	XAUUSD	M5	5174.56	5175.32	5172.43	5173.97	-1	0.82094	3
1771928400	XAUUSD	M5	5173.97	5181.10	5173.97	5180.58	1	0.97050	0
1771928700	XAUUSD	M5	5180.56	5180.66	5175.91	5175.97	-1	0.36670	3
1771929000	XAUUSD	M5	5175.95	5176.73	5166.27	5167.24	-1	1.58515	4
1771929300	XAUUSD	M5	5167.24	5171.92	5163.38	5166.79	-1	0.86927	3
1771929600	XAUUSD	M5	5166.79	5171.82	5165.51	5170.39	1	0.06504	0
1771929900	XAUUSD	M5	5170.39	5171.59	5169.12	5170.29	-1	0.97492	3
1771930200	XAUUSD	M5	5170.25	5173.07	5169.34	5172.72	1	0.26982	0
1771930500	XAUUSD	M5	5172.72	5174.54	5171.46	5172.82	1	0.97040	0
1771930800	XAUUSD	M5	5172.82	5176.14	5172.75	5175.76	1	0.12486	0
1771931100	XAUUSD	M5	5175.76	5176.64	5172.32	5173.66	-1	0.37555	3
1771931400	XAUUSD	M5	5173.65	5177.23	5173.38	5176.37	1	0.19257	0
1771931700	XAUUSD	M5	5176.63	5176.88	5173.38	5174.00	-1	0.22117	3
1771932000	XAUUSD	M5	5174.00	5174.37	5171.10	5171.96	-1	0.39827	3
1771932300	XAUUSD	M5	5171.95	5175.05	5171.87	5174.68	1	0.19164	0
1771932600	XAUUSD	M5	5174.68	5175.15	5173.61	5174.23	-1	0.87301	3
1771932900	XAUUSD	M5	5174.23	5176.71	5173.12	5176.43	1	0.35061	0
1771933200	XAUUSD	M5	5176.43	5178.24	5175.83	5178.18	1	0.48655	0
1771933500	XAUUSD	M5	5178.18	5178.59	5172.92	5173.77	-1	0.30929	3
1771933800	XAUUSD	M5	5173.80	5175.61	5172.22	5175.54	1	0.49074	0
1771934100	XAUUSD	M5	5175.95	5176.72	5172.34	5172.69	-1	0.03673	3
1771934400	XAUUSD	M5	5172.71	5173.50	5169.46	5169.59	-1	0.07233	3
1771934700	XAUUSD	M5	5169.59	5172.72	5168.32	5170.71	1	0.67899	0
1771935000	XAUUSD	M5	5170.71	5171.01	5165.29	5167.55	-1	0.04470	3
1771935300	XAUUSD	M5	5167.70	5168.45	5147.17	5151.32	-1	3.97658	5
1771935600	XAUUSD	M5	5151.35	5162.08	5150.71	5158.40	1	1.12962	0
1771935900	XAUUSD	M5	5158.39	5163.24	5157.49	5161.67	1	0.01991	0
1771936200	XAUUSD	M5	5161.69	5164.51	5157.27	5159.53	-1	0.36272	3
1771936500	XAUUSD	M5	5159.53	5159.61	5153.94	5156.46	-1	0.08705	3
1771936800	XAUUSD	M5	5156.46	5159.73	5154.50	5158.08	1	0.52609	0
1771937100	XAUUSD	M5	5157.97	5158.90	5154.34	5154.50	-1	0.03968	3
1771937400	XAUUSD	M5	5154.50	5155.33	5145.46	5147.04	-1	1.26475	3
1771937700	XAUUSD	M5	5146.94	5154.05	5146.68	5150.85	1	0.17163	0
1771938000	XAUUSD	M5	5151.20	5160.44	5151.20	5154.93	1	0.12842	0
1771938300	XAUUSD	M5	5154.90	5158.99	5152.58	5158.55	1	0.10167	0
1771938600	XAUUSD	M5	5158.55	5161.23	5156.93	5159.00	1	0.90152	0
1771938900	XAUUSD	M5	5159.03	5159.19	5152.92	5152.92	-1	0.89061	3
1771939200	XAUUSD	M5	5152.87	5158.14	5152.10	5156.97	1	0.26543	0
1771939500	XAUUSD	M5	5156.88	5158.35	5154.89	5156.43	-1	0.90301	3
1771939800	XAUUSD	M5	5156.45	5158.67	5149.97	5153.87	-1	0.21628	3
1771940100	XAUUSD	M5	5153.87	5155.44	5133.46	5138.59	-1	3.79926	5
1771940400	XAUUSD	M5	5138.62	5148.69	5136.75	5146.00	1	1.29367	0
1771940700	XAUUSD	M5	5145.76	5146.33	5126.03	5126.45	-1	4.90693	5
1771941000	XAUUSD	M5	5126.54	5134.14	5122.73	5133.11	1	0.99604	0
1771941300	XAUUSD	M5	5133.10	5134.24	5111.29	5115.35	-1	4.31987	5
1771941600	XAUUSD	M5	5115.38	5124.52	5108.71	5118.10	1	0.19211	0
1771941900	XAUUSD	M5	5118.13	5127.68	5117.12	5121.27	1	0.06422	0
1771942200	XAUUSD	M5	5121.24	5121.92	5094.27	5105.37	-1	3.70117	5
1771942500	XAUUSD	M5	5105.13	5108.65	5100.74	5101.94	-1	0.05277	3
1771942800	XAUUSD	M5	5101.87	5119.38	5101.87	5118.74	1	3.91907	2
1771943100	XAUUSD	M5	5118.77	5119.44	5111.64	5115.57	-1	0.05815	3
1771943400	XAUUSD	M5	5113.82	5125.08	5110.13	5117.70	1	0.13852	0
1771943700	XAUUSD	M5	5117.45	5135.27	5114.87	5135.10	1	4.05642	2
1771944000	XAUUSD	M5	5134.24	5138.99	5129.14	5137.20	1	0.13466	0
1771944300	XAUUSD	M5	5137.28	5139.22	5127.98	5132.98	-1	0.24718	3
1771944600	XAUUSD	M5	5132.97	5138.76	5126.72	5129.76	-1	0.06218	3
1771944900	XAUUSD	M5	5129.63	5132.65	5127.13	5127.73	-1	0.43846	3
1771945200	XAUUSD	M5	5128.19	5129.70	5118.03	5125.43	-1	0.18972	3
1771945500	XAUUSD	M5	5125.58	5137.43	5125.53	5135.47	1	1.84323	1
1771945800	XAUUSD	M5	5135.60	5137.82	5132.56	5136.96	1	0.59150	0
1771946100	XAUUSD	M5	5136.97	5141.12	5134.79	5140.13	1	0.07863	0
1771946400	XAUUSD	M5	5140.16	5144.48	5138.13	5143.55	1	0.01494	0
1771946700	XAUUSD	M5	5143.58	5146.12	5138.03	5138.31	-1	0.52039	3
1771947000	XAUUSD	M5	5138.28	5141.65	5134.21	5140.81	1	0.26322	0
1771947300	XAUUSD	M5	5140.83	5146.85	5140.51	5144.64	1	0.10365	0
1771947600	XAUUSD	M5	5144.66	5150.11	5144.66	5149.82	1	0.49016	0
1771947900	XAUUSD	M5	5149.85	5155.17	5149.82	5152.66	1	0.18195	0
1771948200	XAUUSD	M5	5152.67	5152.67	5145.03	5145.91	-1	0.94465	3
1771948500	XAUUSD	M5	5145.83	5151.23	5145.47	5150.30	1	0.28741	0
1771948800	XAUUSD	M5	5150.30	5152.16	5148.66	5148.95	-1	0.60517	3
1771949100	XAUUSD	M5	5148.77	5149.24	5141.54	5143.97	-1	0.38429	3
1771949400	XAUUSD	M5	5144.03	5148.30	5141.42	5147.46	1	0.00623	0
1771949700	XAUUSD	M5	5147.39	5150.63	5146.27	5147.64	1	0.91554	0
1771950000	XAUUSD	M5	5147.51	5147.51	5142.56	5143.16	-1	0.26085	3
1771950300	XAUUSD	M5	5143.16	5144.32	5141.40	5143.63	1	0.84989	0
1771950600	XAUUSD	M5	5143.80	5143.82	5135.25	5137.39	-1	0.84882	3
1771950900	XAUUSD	M5	5137.25	5146.73	5136.47	5145.77	1	1.44548	0
1771951200	XAUUSD	M5	5145.94	5150.81	5142.57	5145.42	-1	0.84064	3
1771951500	XAUUSD	M5	5145.53	5145.75	5134.87	5136.17	-1	1.67555	4
1771951800	XAUUSD	M5	5136.04	5138.83	5131.27	5137.98	1	0.44043	0
1771952100	XAUUSD	M5	5137.98	5141.95	5137.31	5141.80	1	0.09547	0
1771952400	XAUUSD	M5	5141.92	5149.55	5141.87	5149.39	1	1.13210	0
1771952700	XAUUSD	M5	5149.45	5153.09	5148.60	5152.87	1	0.01877	0
1771953000	XAUUSD	M5	5152.88	5157.78	5152.70	5156.23	1	0.03666	0
1771953300	XAUUSD	M5	5156.24	5161.28	5155.73	5160.92	1	0.34103	0
1771953600	XAUUSD	M5	5160.92	5163.28	5158.91	5160.04	-1	0.74268	3
1771953900	XAUUSD	M5	5160.06	5160.07	5155.12	5158.52	-1	0.55406	3
1771954200	XAUUSD	M5	5158.50	5159.26	5156.50	5158.27	-1	0.92659	3
1771954500	XAUUSD	M5	5158.27	5159.19	5156.76	5158.37	1	0.96369	0
1771954800	XAUUSD	M5	5158.48	5161.27	5158.41	5160.52	1	0.41212	0
1771955100	XAUUSD	M5	5160.52	5161.89	5158.64	5160.16	-1	0.89037	3
1771955400	XAUUSD	M5	5160.15	5160.15	5157.55	5159.04	-1	0.67610	3
1771955700	XAUUSD	M5	5159.11	5163.74	5158.46	5163.64	1	0.29721	0
1771956000	XAUUSD	M5	5163.66	5168.43	5163.66	5167.21	1	0.01910	0
1771956300	XAUUSD	M5	5167.15	5170.15	5167.02	5168.50	1	0.60885	0
1771956600	XAUUSD	M5	5168.50	5169.05	5164.20	5164.24	-1	0.22041	3
1771956900	XAUUSD	M5	5164.24	5165.49	5159.84	5159.84	-1	0.25981	3
1771957200	XAUUSD	M5	5159.99	5162.30	5157.59	5159.11	-1	0.74553	3
1771957500	XAUUSD	M5	5159.04	5160.25	5155.81	5158.28	-1	0.77759	3
1771957800	XAUUSD	M5	5158.34	5161.35	5155.17	5156.52	-1	0.47448	3
1771958100	XAUUSD	M5	5156.54	5159.14	5153.83	5157.95	1	0.59127	0
1771958400	XAUUSD	M5	5157.95	5160.12	5157.95	5159.11	1	0.66077	0
1771958700	XAUUSD	M5	5159.11	5160.87	5156.03	5159.63	1	0.84208	0
1771959000	XAUUSD	M5	5159.71	5162.71	5158.96	5160.33	1	0.81412	0
1771959300	XAUUSD	M5	5160.29	5162.93	5159.57	5160.06	-1	0.92526	3
1771959600	XAUUSD	M5	5159.78	5160.42	5155.20	5156.40	-1	0.02902	3
1771959900	XAUUSD	M5	5156.13	5157.44	5152.66	5152.84	-1	0.05621	3
1771960200	XAUUSD	M5	5152.83	5156.51	5149.63	5156.29	1	0.00929	0
1771960500	XAUUSD	M5	5156.28	5157.45	5148.93	5148.93	-1	1.09635	3
1771960800	XAUUSD	M5	5148.93	5151.51	5146.42	5147.34	-1	0.54622	3
1771961100	XAUUSD	M5	5147.35	5152.25	5147.18	5151.59	1	0.21062	0
1771961400	XAUUSD	M5	5151.59	5154.02	5149.07	5153.64	1	0.41336	0
1771961700	XAUUSD	M5	5153.63	5156.56	5152.85	5155.71	1	0.40512	0
1771962000	XAUUSD	M5	5155.70	5156.83	5152.10	5152.26	-1	0.01538	3
1771962300	XAUUSD	M5	5152.26	5154.80	5151.52	5154.36	1	0.39667	0
1771962600	XAUUSD	M5	5154.36	5155.40	5151.84	5152.80	-1	0.54928	3
1771962900	XAUUSD	M5	5152.80	5154.99	5152.78	5154.01	1	0.64768	0
1771963200	XAUUSD	M5	5154.01	5155.90	5151.35	5153.22	-1	0.76399	3
1771963500	XAUUSD	M5	5153.06	5153.29	5148.22	5149.67	-1	0.01766	3
1771963800	XAUUSD	M5	5149.68	5150.23	5146.62	5149.23	-1	0.85746	3
1771964100	XAUUSD	M5	5149.17	5155.49	5148.28	5154.84	1	0.63534	0
1771964400	XAUUSD	M5	5154.87	5165.49	5154.87	5164.95	1	1.88865	1
1771964700	XAUUSD	M5	5164.95	5170.15	5163.96	5168.21	1	0.05776	0
1771965000	XAUUSD	M5	5168.39	5170.58	5165.52	5170.42	1	0.40650	0
1771965300	XAUUSD	M5	5170.42	5172.72	5168.90	5169.62	-1	0.75657	3
1771965600	XAUUSD	M5	5169.73	5173.16	5168.86	5172.26	1	0.26197	0
1771965900	XAUUSD	M5	5172.15	5172.28	5168.00	5168.22	-1	0.13506	3
1771966200	XAUUSD	M5	5168.22	5170.24	5161.71	5163.69	-1	0.30372	3
1771966500	XAUUSD	M5	5163.68	5164.86	5158.22	5164.24	1	0.83164	0
1771966800	XAUUSD	M5	5164.17	5165.64	5157.77	5158.21	-1	0.70970	3
1771967100	XAUUSD	M5	5158.21	5159.05	5156.39	5157.54	-1	0.80073	3
1771967400	XAUUSD	M5	5157.54	5161.12	5156.43	5161.12	1	0.02925	0
1771967700	XAUUSD	M5	5161.12	5162.26	5158.19	5158.33	-1	0.19706	3
1771968000	XAUUSD	M5	5158.33	5158.42	5153.97	5153.97	-1	0.25458	3
1771968300	XAUUSD	M5	5154.00	5156.30	5154.00	5155.44	1	0.58006	0
1771968600	XAUUSD	M5	5155.44	5155.89	5148.94	5149.86	-1	0.60519	3
1771968900	XAUUSD	M5	5149.87	5150.52	5146.14	5149.81	-1	0.97148	3
1771969200	XAUUSD	M5	5149.81	5151.19	5146.12	5150.79	1	0.70846	0
1771969500	XAUUSD	M5	5150.79	5150.79	5146.92	5148.20	-1	0.24615	3
1771969800	XAUUSD	M5	5148.25	5148.25	5140.07	5145.11	-1	0.08823	3
1771970100	XAUUSD	M5	5145.13	5145.61	5142.98	5143.97	-1	0.65353	3
1771974000	XAUUSD	M5	5142.26	5144.67	5121.81	5135.96	-1	0.81305	3
1771974300	XAUUSD	M5	5136.06	5137.50	5128.07	5133.97	-1	0.39029	3
1771974600	XAUUSD	M5	5133.97	5135.98	5129.36	5135.82	1	0.45889	0
1771974900	XAUUSD	M5	5137.06	5137.91	5131.36	5132.46	-1	0.32441	3
1771975200	XAUUSD	M5	5132.72	5133.32	5129.88	5132.69	-1	0.98238	3
1771975500	XAUUSD	M5	5132.66	5133.12	5128.54	5130.99	-1	0.51271	3
1771975800	XAUUSD	M5	5130.99	5135.98	5129.63	5131.98	1	0.70648	0
1771976100	XAUUSD	M5	5132.06	5138.95	5132.06	5138.91	1	0.96449	0
1771976400	XAUUSD	M5	5138.92	5150.07	5137.53	5147.23	1	1.37443	0
1771976700	XAUUSD	M5	5147.21	5151.63	5145.87	5150.22	1	0.13842	0
1771977000	XAUUSD	M5	5150.08	5152.38	5149.12	5150.60	1	0.84918	0
1771977300	XAUUSD	M5	5150.60	5150.88	5146.35	5146.72	-1	0.10871	3
1771977600	XAUUSD	M5	5146.72	5149.73	5139.92	5140.34	-1	0.81883	3
1771977900	XAUUSD	M5	5140.33	5143.47	5137.25	5143.30	1	0.15339	0
1771978200	XAUUSD	M5	5143.30	5143.30	5138.82	5140.57	-1	0.22254	3
1771978500	XAUUSD	M5	5140.57	5144.93	5139.08	5143.05	1	0.29336	0
1771978800	XAUUSD	M5	5143.05	5146.30	5142.76	5142.90	-1	0.95703	3
1771979100	XAUUSD	M5	5142.90	5142.90	5137.92	5140.27	-1	0.25025	3
1771979400	XAUUSD	M5	5140.66	5151.32	5140.66	5147.64	1	0.98998	0
1771979700	XAUUSD	M5	5147.64	5154.77	5145.40	5152.05	1	0.25651	0
1771980000	XAUUSD	M5	5152.37	5155.52	5146.82	5147.80	-1	0.29960	3
1771980300	XAUUSD	M5	5147.50	5147.55	5141.94	5144.60	-1	0.17749	3
1771980600	XAUUSD	M5	5144.60	5147.73	5142.92	5147.47	1	0.18444	0
1771980900	XAUUSD	M5	5147.37	5156.25	5146.61	5152.30	1	0.40228	0
1771981200	XAUUSD	M5	5152.30	5162.01	5144.36	5159.26	1	0.97721	0
1771981500	XAUUSD	M5	5159.26	5172.05	5158.53	5168.85	1	1.71741	1
1771981800	XAUUSD	M5	5168.83	5176.55	5164.36	5174.67	1	0.65123	0
1771982100	XAUUSD	M5	5174.70	5185.18	5173.83	5184.25	1	1.69681	1
1771982400	XAUUSD	M5	5184.39	5187.10	5178.29	5178.84	-1	0.56028	3
1771982700	XAUUSD	M5	5178.87	5188.65	5178.85	5185.40	1	0.83467	0
1771983000	XAUUSD	M5	5185.38	5186.92	5181.75	5185.55	1	0.96708	0
1771983300	XAUUSD	M5	5185.57	5189.99	5179.25	5182.98	-1	0.28285	3
1771983600	XAUUSD	M5	5182.73	5186.21	5178.66	5180.48	-1	0.38085	3
1771983900	XAUUSD	M5	5180.51	5186.18	5180.40	5183.87	1	0.06624	0
1771984200	XAUUSD	M5	5183.58	5184.84	5180.43	5183.26	-1	0.92765	3
1771984500	XAUUSD	M5	5183.34	5183.88	5174.88	5176.97	-1	0.78521	3
1771984800	XAUUSD	M5	5176.92	5184.21	5176.48	5183.28	1	0.77963	0
1771985100	XAUUSD	M5	5183.29	5186.54	5182.13	5186.42	1	0.13436	0
1771985400	XAUUSD	M5	5186.42	5189.30	5182.97	5188.71	1	0.37402	0
1771985700	XAUUSD	M5	5188.69	5193.72	5188.48	5190.56	1	0.49473	0
1771986000	XAUUSD	M5	5190.56	5190.82	5184.88	5187.74	-1	0.22722	3
1771986300	XAUUSD	M5	5187.74	5190.45	5185.81	5189.77	1	0.45283	0
1771986600	XAUUSD	M5	5189.79	5190.59	5187.66	5187.94	-1	0.50454	3
1771986900	XAUUSD	M5	5187.94	5188.11	5182.82	5186.22	-1	0.53868	3
1771987200	XAUUSD	M5	5185.70	5187.41	5182.74	5186.01	1	0.93539	0
1771987500	XAUUSD	M5	5186.01	5186.90	5183.64	5184.68	-1	0.64315	3
1771987800	XAUUSD	M5	5184.48	5184.48	5166.57	5175.73	-1	1.45826	3
1771988100	XAUUSD	M5	5175.81	5183.06	5174.93	5180.66	1	0.35014	0
1771988400	XAUUSD	M5	5181.12	5190.19	5181.12	5184.31	1	0.12033	0
1771988700	XAUUSD	M5	5184.31	5186.35	5181.80	5184.47	1	0.97637	0
1771989000	XAUUSD	M5	5184.43	5186.57	5183.12	5186.31	1	0.48959	0
1771989300	XAUUSD	M5	5186.35	5187.54	5181.16	5184.53	-1	0.50751	3
1771989600	XAUUSD	M5	5184.53	5185.70	5179.49	5179.49	-1	0.40693	3
1771989900	XAUUSD	M5	5179.49	5186.90	5179.44	5186.32	1	0.91069	0
1771990200	XAUUSD	M5	5185.24	5188.56	5180.64	5187.35	1	0.42737	0
1771990500	XAUUSD	M5	5187.35	5188.37	5183.19	5183.64	-1	0.02583	3
1771990800	XAUUSD	M5	5183.60	5184.90	5179.44	5183.99	1	0.91386	0
1771991100	XAUUSD	M5	5183.99	5187.67	5183.28	5185.30	1	0.65220	0
1771991400	XAUUSD	M5	5185.29	5185.47	5178.83	5179.30	-1	0.67068	3
1771991700	XAUUSD	M5	5179.33	5184.63	5178.12	5181.81	1	0.32338	0
1771992000	XAUUSD	M5	5181.82	5183.31	5179.87	5182.35	1	0.87316	0
1771992300	XAUUSD	M5	5182.35	5182.35	5174.42	5175.06	-1	1.03558	3
1771992600	XAUUSD	M5	5174.97	5181.96	5172.97	5180.93	1	0.65992	0
1771992900	XAUUSD	M5	5180.93	5184.88	5180.56	5183.09	1	0.41526	0
1771993200	XAUUSD	M5	5182.69	5184.72	5180.93	5182.11	-1	0.85943	3
1771993500	XAUUSD	M5	5182.13	5185.15	5181.73	5182.90	1	0.80482	0
1771993800	XAUUSD	M5	5182.90	5184.00	5181.46	5181.53	-1	0.63208	3
1771994100	XAUUSD	M5	5181.54	5183.06	5180.02	5182.73	1	0.68011	0
1771994400	XAUUSD	M5	5182.73	5184.24	5182.13	5184.20	1	0.59748	0
1771994700	XAUUSD	M5	5184.20	5185.02	5180.51	5180.96	-1	0.09319	3
1771995000	XAUUSD	M5	5180.95	5181.92	5180.51	5181.32	1	0.90900	0
1771995300	XAUUSD	M5	5181.32	5183.61	5179.99	5182.75	1	0.60558	0
1771995600	XAUUSD	M5	5183.17	5188.39	5183.03	5186.68	1	0.01421	0
1771995900	XAUUSD	M5	5186.68	5191.48	5186.63	5188.00	1	0.63345	0
1771996200	XAUUSD	M5	5188.00	5189.77	5186.91	5188.46	1	0.87671	0
1771996500	XAUUSD	M5	5188.46	5194.80	5188.42	5192.45	1	0.12559	0
1771996800	XAUUSD	M5	5192.45	5192.75	5187.84	5188.73	-1	0.04974	3
1771997100	XAUUSD	M5	5188.71	5195.96	5188.23	5195.42	1	0.89888	0
1771997400	XAUUSD	M5	5195.42	5199.48	5192.62	5197.44	1	0.43393	0
1771997700	XAUUSD	M5	5197.47	5198.34	5194.83	5197.80	1	0.91098	0
1771998000	XAUUSD	M5	5197.80	5203.74	5197.03	5202.94	1	0.45749	0
1771998300	XAUUSD	M5	5202.97	5209.26	5201.80	5209.19	1	0.76167	0
1771998600	XAUUSD	M5	5209.08	5210.47	5202.92	5208.07	-1	0.71984	3
1771998900	XAUUSD	M5	5208.12	5208.14	5201.23	5201.74	-1	0.80709	3
1771999200	XAUUSD	M5	5201.72	5201.74	5193.53	5193.75	-1	1.28279	3
1771999500	XAUUSD	M5	5193.75	5194.32	5182.47	5186.70	-1	1.04094	3
1771999800	XAUUSD	M5	5186.73	5192.27	5185.50	5191.97	1	0.50940	0
1772000100	XAUUSD	M5	5192.15	5194.80	5190.34	5193.73	1	0.56288	0
1772000400	XAUUSD	M5	5193.68	5195.42	5190.17	5190.48	-1	0.08474	3
1772000700	XAUUSD	M5	5190.50	5192.69	5188.71	5189.73	-1	0.80450	3
1772001000	XAUUSD	M5	5189.53	5193.20	5188.03	5192.82	1	0.05635	0
1772001300	XAUUSD	M5	5192.82	5194.35	5191.29	5193.24	1	0.90660	0
1772001600	XAUUSD	M5	5193.23	5193.23	5189.36	5191.41	-1	0.49286	3
1772001900	XAUUSD	M5	5191.32	5193.40	5189.16	5192.00	1	0.83118	0
1772002200	XAUUSD	M5	5191.77	5194.02	5190.50	5191.93	1	0.98331	0
1772002500	XAUUSD	M5	5191.93	5194.61	5191.41	5194.61	1	0.23688	0
1772002800	XAUUSD	M5	5194.63	5195.10	5187.67	5188.34	-1	0.82942	3
1772003100	XAUUSD	M5	5188.32	5194.38	5188.32	5193.06	1	0.36927	0
1772003400	XAUUSD	M5	5193.11	5193.60	5187.44	5188.68	-1	0.27795	3
1772003700	XAUUSD	M5	5188.67	5190.25	5185.49	5186.70	-1	0.44963	3
1772004000	XAUUSD	M5	5186.70	5189.28	5184.42	5186.63	-1	1.00964	3
1772004300	XAUUSD	M5	5186.63	5189.79	5182.45	5189.46	1	0.19473	0
1772004600	XAUUSD	M5	5189.47	5190.45	5186.58	5188.38	-1	0.70860	3
1772004900	XAUUSD	M5	5188.38	5189.36	5185.88	5186.80	-1	0.56026	3
1772005200	XAUUSD	M5	5186.80	5188.28	5186.05	5186.27	-1	0.87044	3
1772005500	XAUUSD	M5	5186.23	5189.33	5185.30	5187.63	1	0.61300	0
1772005800	XAUUSD	M5	5187.63	5188.68	5180.50	5182.71	-1	0.43530	3
1772006100	XAUUSD	M5	5182.74	5186.30	5182.64	5184.69	1	0.44833	0
1772006400	XAUUSD	M5	5185.24	5190.34	5185.11	5188.03	1	0.19897	0
1772006700	XAUUSD	M5	5187.97	5188.58	5186.12	5186.77	-1	0.66998	3
1772007000	XAUUSD	M5	5186.31	5189.42	5186.23	5187.30	1	0.73258	0
1772007300	XAUUSD	M5	5187.24	5192.83	5186.74	5192.50	1	0.53779	0
1772007600	XAUUSD	M5	5192.52	5194.19	5190.61	5193.17	1	0.83288	0
1772007900	XAUUSD	M5	5193.20	5193.56	5190.09	5193.46	1	0.94889	0
1772008200	XAUUSD	M5	5193.46	5195.70	5192.84	5195.27	1	0.48773	0
1772008500	XAUUSD	M5	5195.38	5197.34	5193.82	5193.88	-1	0.58077	3
1772008800	XAUUSD	M5	5193.88	5195.04	5191.33	5192.21	-1	0.52950	3
1772009100	XAUUSD	M5	5192.21	5192.26	5190.36	5192.13	-1	0.99965	3
1772009400	XAUUSD	M5	5192.14	5192.17	5187.15	5187.71	-1	0.29099	3
1772009700	XAUUSD	M5	5187.69	5189.97	5184.13	5185.37	-1	0.33724	3
1772010000	XAUUSD	M5	5185.45	5186.92	5176.67	5181.47	-1	0.15400	3
1772010300	XAUUSD	M5	5181.55	5185.87	5179.09	5184.69	1	0.09817	0
1772010600	XAUUSD	M5	5184.91	5188.03	5183.58	5183.72	-1	0.67862	3
1772010900	XAUUSD	M5	5183.74	5186.15	5181.82	5185.94	1	0.37879	0
1772011200	XAUUSD	M5	5185.60	5188.24	5185.40	5186.75	1	0.69217	0
1772011500	XAUUSD	M5	5186.78	5188.47	5186.27	5186.75	-1	1.02327	3
1772011800	XAUUSD	M5	5186.74	5189.69	5185.91	5189.38	1	0.24568	0
1772012100	XAUUSD	M5	5189.46	5193.83	5189.34	5191.08	1	0.54842	0
1772012400	XAUUSD	M5	5190.84	5192.96	5190.69	5191.02	1	0.97515	0
1772012700	XAUUSD	M5	5191.48	5192.04	5190.10	5190.63	-1	0.77643	3
1772013000	XAUUSD	M5	5190.62	5194.54	5189.02	5190.48	-1	0.98650	3
1772013300	XAUUSD	M5	5189.88	5193.70	5187.96	5193.27	1	0.02193	0
1772013600	XAUUSD	M5	5193.43	5195.14	5188.39	5188.91	-1	0.31713	3
1772013900	XAUUSD	M5	5188.88	5189.76	5184.24	5184.33	-1	0.32340	3
1772014200	XAUUSD	M5	5184.33	5185.95	5182.99	5184.63	1	0.94480	0
1772014500	XAUUSD	M5	5184.63	5184.75	5176.96	5177.70	-1	1.02887	3
1772014800	XAUUSD	M5	5177.70	5180.97	5174.13	5174.18	-1	0.00978	3
1772015100	XAUUSD	M5	5174.18	5179.91	5172.43	5175.13	1	0.75780	0
1772015400	XAUUSD	M5	5175.16	5176.23	5170.40	5173.24	-1	0.46707	3
1772015700	XAUUSD	M5	5173.41	5179.06	5173.41	5179.02	1	0.63152	0
1772016000	XAUUSD	M5	5179.02	5181.03	5176.09	5176.86	-1	0.39868	3
1772016300	XAUUSD	M5	5176.84	5177.29	5174.71	5175.40	-1	0.61405	3
1772016600	XAUUSD	M5	5175.40	5175.82	5172.52	5174.48	-1	0.76602	3
1772016900	XAUUSD	M5	5174.52	5176.36	5173.56	5175.16	1	0.84792	0
1772017200	XAUUSD	M5	5175.12	5175.27	5171.39	5171.44	-1	0.05744	3
1772017500	XAUUSD	M5	5171.37	5175.91	5169.45	5169.77	-1	0.56433	3
1772017800	XAUUSD	M5	5169.77	5170.17	5162.94	5163.64	-1	0.78566	3
1772018100	XAUUSD	M5	5163.65	5165.56	5155.40	5159.68	-1	0.13869	3
1772018400	XAUUSD	M5	5159.68	5165.54	5158.16	5165.08	1	0.56291	0
1772018700	XAUUSD	M5	5165.08	5169.48	5164.54	5168.85	1	0.07363	0
1772019000	XAUUSD	M5	5168.85	5172.51	5167.81	5169.86	1	0.75052	0
1772019300	XAUUSD	M5	5169.73	5170.56	5167.56	5167.67	-1	0.43713	3
1772019600	XAUUSD	M5	5167.46	5173.98	5166.75	5173.18	1	0.65401	0
1772019900	XAUUSD	M5	5173.18	5174.58	5172.50	5173.30	1	1.01784	0
1772020200	XAUUSD	M5	5173.34	5176.25	5172.28	5173.62	1	0.96774	0
1772020500	XAUUSD	M5	5173.62	5182.67	5173.62	5181.67	1	1.34457	0
1772020800	XAUUSD	M5	5181.56	5182.87	5178.20	5179.73	-1	0.50585	3
1772021100	XAUUSD	M5	5179.78	5181.70	5179.78	5181.07	1	0.66763	0
1772021400	XAUUSD	M5	5181.06	5183.10	5180.81	5182.11	1	0.73773	0
1772021700	XAUUSD	M5	5182.24	5185.85	5181.92	5183.84	1	0.57191	0
1772022000	XAUUSD	M5	5183.84	5187.01	5183.36	5186.84	1	0.14817	0
1772022300	XAUUSD	M5	5186.84	5187.49	5183.37	5183.54	-1	0.05823	3
1772022600	XAUUSD	M5	5183.51	5184.89	5179.35	5179.74	-1	0.08756	3
1772022900	XAUUSD	M5	5179.74	5184.00	5177.43	5183.98	1	0.23006	0
1772023200	XAUUSD	M5	5183.98	5186.31	5182.71	5184.73	1	0.82397	0
1772023500	XAUUSD	M5	5184.79	5185.27	5184.01	5184.48	-1	0.95690	3
