TimeStamp	symbol	timeframe	close	Type	CurrentPoint	CurrentPrChg	Current%Chg	Current%ChgClass	CurrentBars	CurrentBarsClass	CurrentPrPerBar	CurrentPrPerBarClass	CurrentSlope	CurrentCategory
1774250106	XAUUSD	M15	4135.63000	Bottom	4098.69000	-636.09000	-13.43	5	88	5	-7.22830	3	-82.1234	LL
1774275306	XAUUSD	M15	4486.98000	Peak	4512.91000	414.22000	10.11	2	28	0	14.79357	2	86.1329	LH
1774280706	XAUUSD	M15	4364.25000	Bottom	4351.03000	-161.88000	-3.59	3	6	3	-26.98000	5	-87.8773	HL
1774291506	XAUUSD	M15	4448.98000	Peak	4467.12000	116.09000	2.67	0	12	0	9.67417	0	84.0984	LH
1774303206	XAUUSD	M15	4398.29000	Bottom	4360.47000	-106.65000	-2.39	3	9	3	-11.85000	3	-85.1763	HL
1774307706	XAUUSD	M15	4441.71000	Peak	4448.04000	87.57000	2.01	0	5	0	17.51400	2	86.7321	LH
1774317606	XAUUSD	M15	4312.34000	Bottom	4306.09000	-141.95000	-3.19	3	11	3	-12.90455	4	-85.5689	LL
1774349106	XAUUSD	M15	4438.66000	Peak	4441.87000	135.78000	3.15	0	35	0	3.87943	0	75.5455	LH
1774359906	XAUUSD	M15	4381.79000	Bottom	4351.70000	-90.17000	-2.03	3	12	3	-7.51417	3	-82.4195	HL
1774363506	XAUUSD	M15	4415.63000	Peak	4433.51000	81.81000	1.88	0	4	0	20.45250	2	87.2008	LH
1774374306	XAUUSD	M15	4388.64000	Bottom	4372.58000	-60.93000	-1.37	3	12	3	-5.07750	3	-78.8583	HL
1774406706	XAUUSD	M15	4583.92000	Peak	4602.30000	229.72000	5.25	0	32	0	7.17875	0	82.0697	HH
1774418406	XAUUSD	M15	4534.37000	Bottom	4532.82000	-69.48000	-1.51	3	13	3	-5.34462	3	-79.4023	HL
1774429206	XAUUSD	M15	4562.23000	Peak	4567.73000	34.91000	0.77	0	12	0	2.90917	0	71.0301	LH
1774431906	XAUUSD	M15	4551.67000	Bottom	4527.99000	-39.74000	-0.87	3	3	3	-13.24667	3	-85.6829	LL
1774438206	XAUUSD	M15	4583.78000	Peak	4585.51000	57.52000	1.27	0	7	0	8.21714	0	83.0614	HH
1774441806	XAUUSD	M15	4547.41000	Bottom	4522.33000	-63.18000	-1.38	3	4	3	-15.79500	4	-86.3774	LL
1774461606	XAUUSD	M15	4551.37000	Peak	4568.96000	46.63000	1.03	0	22	0	2.11955	0	64.7421	LH
1774465206	XAUUSD	M15	4509.08000	Bottom	4487.10000	-81.86000	-1.79	3	4	3	-20.46500	5	-87.2025	LL
1774486806	XAUUSD	M15	4538.40000	Peak	4544.29000	57.19000	1.27	0	20	0	2.85950	0	70.7247	LH
1774513806	XAUUSD	M15	4420.09000	Bottom	4413.24000	-131.05000	-2.88	3	30	3	-4.36833	3	-77.1060	LL
1774535406	XAUUSD	M15	4461.27000	Peak	4479.14000	65.90000	1.49	0	24	0	2.74583	0	69.9890	LH
1774554306	XAUUSD	M15	4364.33000	Bottom	4359.29000	-119.85000	-2.68	3	21	3	-5.70714	3	-80.0616	LL
1774557006	XAUUSD	M15	4405.78000	Peak	4420.56000	61.27000	1.41	0	3	0	20.42333	2	87.1968	LH
1774572306	XAUUSD	M15	4378.73000	Bottom	4375.68000	-44.88000	-1.02	3	13	3	-3.45231	3	-73.8457	HL
1774589406	XAUUSD	M15	4466.08000	Peak	4475.12000	99.44000	2.27	0	19	0	5.23368	0	79.1829	HH
1774609206	XAUUSD	M15	4413.17000	Bottom	4404.32000	-70.80000	-1.58	3	22	3	-3.21818	3	-72.7382	HL
1774624506	XAUUSD	M15	4543.54000	Peak	4555.00000	150.68000	3.42	0	17	0	8.86353	0	83.5630	HH
1774828806	XAUUSD	M15	4426.83000	Bottom	4420.27000	-134.73000	-2.96	3	31	3	-4.34613	3	-77.0423	HL
1774871106	XAUUSD	M15	4559.53000	Peak	4580.59000	160.32000	3.63	0	47	2	3.41106	0	73.6608	HH
1774898106	XAUUSD	M15	4501.72000	Bottom	4493.14000	-87.45000	-1.91	3	30	3	-2.91500	3	-71.0653	HL
1774908006	XAUUSD	M15	4508.24000	Peak	4523.85000	30.71000	0.68	0	7	0	4.38714	0	77.1595	LH
1774911606	XAUUSD	M15	4499.13000	Bottom	4492.83000	-31.02000	-0.69	3	4	3	-7.75500	3	-82.6523	LL
1774915206	XAUUSD	M15	4516.16000	Peak	4528.66000	35.83000	0.80	0	4	0	8.95750	0	83.6300	HH
1774916106	XAUUSD	M15	4511.88000	Bottom	4482.69000	-45.97000	-1.02	3	1	3	-45.97000	5	-88.7538	LL
1774921506	XAUUSD	M15	4605.27000	Peak	4619.84000	137.15000	3.06	0	6	0	22.85833	1	87.4950	HH
1774933206	XAUUSD	M15	4550.47000	Bottom	4548.26000	-71.58000	-1.55	3	13	3	-5.50615	3	-79.7064	HL
1774935906	XAUUSD	M15	4568.88000	Peak	4581.64000	33.38000	0.73	0	3	0	11.12667	0	84.8644	LH
1774953006	XAUUSD	M15	4541.23000	Bottom	4529.84000	-51.80000	-1.13	3	19	3	-2.72632	3	-69.8572	LL
1775005206	XAUUSD	M15	4708.04000	Peak	4724.40000	194.56000	4.30	0	54	2	3.60296	0	74.4880	HH
1775016906	XAUUSD	M15	4672.56000	Bottom	4666.96000	-57.44000	-1.22	3	13	3	-4.41846	3	-77.2475	HL
1775062806	XAUUSD	M15	4788.67000	Peak	4793.14000	126.18000	2.70	0	51	1	2.47412	0	67.9922	HH
1775068206	XAUUSD	M15	4756.49000	Bottom	4742.20000	-50.94000	-1.06	3	6	3	-8.49000	3	-83.2823	HL
1775086206	XAUUSD	M15	4789.57000	Peak	4800.45000	58.25000	1.23	0	16	0	3.64062	0	74.6409	HH
1775109606	XAUUSD	M15	4581.00000	Bottom	4553.95000	-246.50000	-5.13	3	26	3	-9.48077	3	-83.9789	LL
1775140206	XAUUSD	M15	4693.91000	Peak	4699.15000	145.20000	3.19	0	34	0	4.27059	0	76.8211	LH
1775434506	XAUUSD	M15	4603.52000	Bottom	4601.05000	-98.10000	-2.09	3	35	3	-2.80286	3	-70.3647	HL
1775467806	XAUUSD	M15	4703.45000	Peak	4706.47000	105.42000	2.29	0	37	0	2.84919	0	70.6601	HH
1775477706	XAUUSD	M15	4666.07000	Bottom	4659.58000	-46.89000	-1.00	3	11	3	-4.26273	3	-76.7976	HL
1775485806	XAUUSD	M15	4684.65000	Peak	4697.83000	38.25000	0.82	0	9	0	4.25000	0	76.7595	LH
1775502906	XAUUSD	M15	4650.38000	Bottom	4645.75000	-52.08000	-1.11	3	19	3	-2.74105	3	-69.9568	LL
1775512806	XAUUSD	M15	4663.66000	Peak	4667.87000	22.12000	0.48	0	7	0	3.16000	0	72.4397	LH
1775526306	XAUUSD	M15	4627.14000	Bottom	4616.50000	-51.37000	-1.10	3	15	3	-3.42467	3	-73.7222	LL
1775536206	XAUUSD	M15	4661.81000	Peak	4663.28000	46.78000	1.01	0	11	0	4.25273	0	76.7677	LH
1775539806	XAUUSD	M15	4631.75000	Bottom	4623.48000	-39.80000	-0.85	3	4	3	-9.95000	3	-84.2609	HL
1775553306	XAUUSD	M15	4686.92000	Peak	4694.31000	70.83000	1.53	0	15	0	4.72200	0	78.0429	HH
1775570406	XAUUSD	M15	4622.28000	Bottom	4607.91000	-86.40000	-1.84	3	19	3	-4.54737	3	-77.5976	LL
1775606406	XAUUSD	M15	4834.27000	Peak	4857.37000	249.46000	5.41	2	36	0	6.92944	0	81.7882	HH
1775643306	XAUUSD	M15	4782.61000	Bottom	4771.22000	-86.15000	-1.77	3	41	4	-2.10122	3	-64.5496	HL
1775649606	XAUUSD	M15	4805.31000	Peak	4807.34000	36.12000	0.76	0	7	0	5.16000	0	79.0321	LH
1775692806	XAUUSD	M15	4702.29000	Bottom	4698.51000	-108.83000	-2.26	3	44	4	-2.47341	3	-67.9865	LL
1775702706	XAUUSD	M15	4719.30000	Peak	4733.02000	34.51000	0.73	0	11	0	3.13727	0	72.3204	LH
1775717106	XAUUSD	M15	4712.50000	Bottom	4703.46000	-29.56000	-0.62	3	16	3	-1.84750	3	-61.5746	HL
1775755806	XAUUSD	M15	4795.37000	Peak	4800.93000	97.47000	2.07	0	43	1	2.26674	0	66.1948	HH
1775779206	XAUUSD	M15	4754.03000	Bottom	4750.74000	-50.19000	-1.05	3	22	3	-2.28136	3	-66.3305	HL
1775784606	XAUUSD	M15	4771.97000	Peak	4777.31000	26.57000	0.56	0	6	0	4.42833	0	77.2750	LH
1775810706	XAUUSD	M15	4741.04000	Bottom	4730.81000	-46.50000	-0.97	3	29	3	-1.60345	3	-58.0500	LL
1775831406	XAUUSD	M15	4780.79000	Peak	4794.96000	64.15000	1.36	0	23	0	2.78913	0	70.2755	HH
1775836806	XAUUSD	M15	4763.36000	Bottom	4747.50000	-47.46000	-0.99	3	6	3	-7.91000	3	-82.7948	HL
1775845806	XAUUSD	M15	4768.22000	Peak	4773.08000	25.58000	0.54	0	10	0	2.55800	0	68.6480	LH
1776031206	XAUUSD	M15	4676.52000	Bottom	4638.70000	-134.38000	-2.82	3	10	3	-13.43800	3	-85.7441	LL
1776044706	XAUUSD	M15	4721.37000	Peak	4728.36000	89.66000	1.93	0	15	0	5.97733	0	80.5024	LH
1776052806	XAUUSD	M15	4714.72000	Bottom	4708.62000	-19.74000	-0.42	3	9	3	-2.19333	3	-65.4905	HL
1776066306	XAUUSD	M15	4733.67000	Peak	4740.01000	31.39000	0.67	0	15	0	2.09267	0	64.4588	HH
1776080706	XAUUSD	M15	4706.83000	Bottom	4703.77000	-36.24000	-0.76	3	16	3	-2.26500	3	-66.1785	LL
1776087906	XAUUSD	M15	4730.56000	Peak	4744.59000	40.82000	0.87	0	8	0	5.10250	0	78.9116	HH
1776092406	XAUUSD	M15	4707.72000	Bottom	4700.51000	-44.08000	-0.93	3	5	3	-8.81600	3	-83.5286	LL
1776134706	XAUUSD	M15	4775.32000	Peak	4777.24000	76.73000	1.63	0	43	1	1.78442	0	60.7334	HH
1776144606	XAUUSD	M15	4761.19000	Bottom	4757.92000	-19.32000	-0.40	3	11	3	-1.75636	3	-60.3446	HL
1776150006	XAUUSD	M15	4790.20000	Peak	4796.16000	38.24000	0.80	0	6	0	6.37333	0	81.0828	HH
1776162606	XAUUSD	M15	4767.71000	Bottom	4752.60000	-43.56000	-0.91	3	14	3	-3.11143	3	-72.1828	LL
1776204006	XAUUSD	M15	4844.74000	Peak	4850.77000	98.17000	2.07	0	42	1	2.33738	0	66.8373	HH
1776213006	XAUUSD	M15	4830.11000	Bottom	4827.08000	-23.69000	-0.49	3	10	3	-2.36900	3	-67.1145	HL
1776215706	XAUUSD	M15	4850.79000	Peak	4871.22000	44.14000	0.91	0	3	0	14.71333	0	86.1118	HH
1776246306	XAUUSD	M15	4798.21000	Bottom	4786.23000	-84.99000	-1.74	3	34	3	-2.49971	3	-68.1963	LL
1776262506	XAUUSD	M15	4825.22000	Peak	4830.39000	44.16000	0.92	0	18	0	2.45333	0	67.8238	LH
1776267006	XAUUSD	M15	4803.64000	Bottom	4787.17000	-43.22000	-0.89	3	5	3	-8.64400	3	-83.4009	HL
1776315606	XAUUSD	M15	4834.26000	Peak	4838.38000	51.21000	1.07	0	50	2	1.02420	0	45.6850	HH
1776335406	XAUUSD	M15	4808.40000	Bottom	4805.21000	-33.17000	-0.69	3	22	3	-1.50773	3	-56.4457	HL
1776346206	XAUUSD	M15	4816.26000	Peak	4823.81000	18.60000	0.39	0	12	0	1.55000	0	57.1715	LH
1776349806	XAUUSD	M15	4787.73000	Bottom	4772.67000	-51.14000	-1.06	3	4	3	-12.78500	5	-85.5276	LL
1776368706	XAUUSD	M15	4793.52000	Peak	4798.58000	25.91000	0.54	0	21	0	1.23381	0	50.9753	LH
1776384006	XAUUSD	M15	4790.40000	Bottom	4786.10000	-12.48000	-0.26	3	13	3	-0.96000	3	-43.8309	HL
1776386706	XAUUSD	M15	4794.90000	Peak	4801.12000	15.02000	0.31	0	3	0	5.00667	0	78.7047	HH
1776389406	XAUUSD	M15	4777.87000	Bottom	4768.07000	-33.05000	-0.69	3	3	3	-11.01667	5	-84.8134	LL
1776402006	XAUUSD	M15	4804.78000	Peak	4805.97000	37.90000	0.79	0	14	0	2.70714	0	69.7261	HH
1776411906	XAUUSD	M15	4784.38000	Bottom	4778.83000	-27.14000	-0.56	3	11	3	-2.46727	3	-67.9370	HL
1776430806	XAUUSD	M15	4883.60000	Peak	4889.21000	110.38000	2.31	0	21	0	5.25619	0	79.2281	HH
1776642306	XAUUSD	M15	4755.07000	Bottom	4736.96000	-152.25000	-3.11	5	39	4	-3.90385	3	-75.6322	LL
1776649506	XAUUSD	M15	4807.60000	Peak	4814.28000	77.32000	1.63	0	8	0	9.66500	1	84.0928	LH
1776663006	XAUUSD	M15	4780.97000	Bottom	4779.80000	-34.48000	-0.72	3	15	3	-2.29867	3	-66.4893	HL
1776669306	XAUUSD	M15	4797.92000	Peak	4805.79000	25.99000	0.54	0	7	0	3.71286	0	74.9260	LH
1776677406	XAUUSD	M15	4791.96000	Bottom	4783.51000	-22.28000	-0.46	3	9	3	-2.47556	3	-68.0038	HL
1776695406	XAUUSD	M15	4814.18000	Peak	4827.74000	44.23000	0.92	0	20	0	2.21150	0	65.6684	HH
1776696306	XAUUSD	M15	4805.31000	Bottom	4792.42000	-35.32000	-0.73	3	1	3	-35.32000	5	-88.3782	HL
1776723306	XAUUSD	M15	4828.53000	Peak	4833.25000	40.83000	0.85	0	26	0	1.57038	0	57.5116	HH
1776754806	XAUUSD	M15	4782.82000	Bottom	4772.78000	-60.47000	-1.25	3	35	3	-1.72771	3	-59.9378	LL
1776771906	XAUUSD	M15	4794.61000	Peak	4797.91000	25.13000	0.53	0	19	0	1.32263	0	52.9082	LH
1776799806	XAUUSD	M15	4671.47000	Bottom	4668.61000	-129.30000	-2.69	5	31	3	-4.17097	3	-76.5177	LL
1776841206	XAUUSD	M15	4765.67000	Peak	4772.15000	103.54000	2.22	1	42	1	2.46524	0	67.9205	LH
1776875406	XAUUSD	M15	4728.30000	Bottom	4724.03000	-48.12000	-1.01	3	38	4	-1.26632	3	-51.7021	HL
1776883506	XAUUSD	M15	4741.69000	Peak	4749.34000	25.31000	0.54	0	9	0	2.81222	0	70.4251	LH
1776903306	XAUUSD	M15	4741.59000	Bottom	4694.34000	-55.00000	-1.16	3	18	3	-3.05556	3	-71.8781	LL
1776905106	XAUUSD	M15	4748.05000	Peak	4753.33000	58.99000	1.26	0	2	0	29.49500	2	88.0582	HH
1776922206	XAUUSD	M15	4701.58000	Bottom	4693.06000	-60.27000	-1.27	3	19	3	-3.17211	3	-72.5026	LL
1776931206	XAUUSD	M15	4718.21000	Peak	4724.89000	31.83000	0.68	0	10	0	3.18300	0	72.5589	LH
1776940206	XAUUSD	M15	4690.77000	Bottom	4684.26000	-40.63000	-0.86	3	10	3	-4.06300	3	-76.1730	LL
1776948306	XAUUSD	M15	4740.04000	Peak	4743.22000	58.96000	1.26	0	9	0	6.55111	0	81.3210	HH
1776966306	XAUUSD	M15	4709.41000	Bottom	4664.30000	-78.92000	-1.66	3	20	3	-3.94600	3	-75.7794	LL
1776993306	XAUUSD	M15	4698.41000	Peak	4711.23000	46.93000	1.01	0	26	0	1.80500	0	61.0128	LH
1777005006	XAUUSD	M15	4668.58000	Bottom	4658.17000	-53.06000	-1.13	3	13	3	-4.08154	3	-76.2334	LL
1777018506	XAUUSD	M15	4687.83000	Peak	4697.42000	39.25000	0.84	0	15	0	2.61667	0	69.0849	LH
1777026606	XAUUSD	M15	4679.01000	Bottom	4674.72000	-22.70000	-0.48	3	9	3	-2.52222	3	-68.3729	HL
1777039206	XAUUSD	M15	4731.95000	Peak	4740.49000	65.77000	1.41	0	14	0	4.69786	0	77.9832	HH
1777248006	XAUUSD	M15	4679.86000	Bottom	4672.35000	-68.14000	-1.44	3	36	4	-1.89278	3	-62.1514	LL
1777264206	XAUUSD	M15	4726.18000	Peak	4729.92000	57.57000	1.23	0	18	0	3.19833	0	72.6375	LH
1777282206	XAUUSD	M15	4704.64000	Bottom	4699.29000	-30.63000	-0.65	3	20	3	-1.53150	3	-56.8573	HL
1777292106	XAUUSD	M15	4707.09000	Peak	4712.59000	13.30000	0.28	0	11	0	1.20909	0	50.4069	LH
1777302006	XAUUSD	M15	4674.65000	Bottom	4667.32000	-45.27000	-0.96	3	11	3	-4.11545	3	-76.3426	LL
1777334406	XAUUSD	M15	4697.91000	Peak	4701.14000	33.82000	0.72	0	32	0	1.05688	0	46.5839	LH
1777377606	XAUUSD	M15	4581.73000	Bottom	4555.12000	-146.02000	-3.11	5	48	5	-3.04208	3	-71.8032	LL
1777397406	XAUUSD	M15	4599.02000	Peak	4601.49000	46.37000	1.02	0	22	0	2.10773	0	64.6182	LH
1777419006	XAUUSD	M15	4589.91000	Bottom	4587.93000	-13.56000	-0.29	3	20	3	-0.67800	3	-34.1373	HL
1777420806	XAUUSD	M15	4607.37000	Peak	4610.15000	22.22000	0.48	0	2	0	11.11000	0	84.8567	HH
1777424406	XAUUSD	M15	4582.65000	Bottom	4575.84000	-34.31000	-0.74	3	4	3	-8.57750	3	-83.3502	LL
1777438806	XAUUSD	M15	4601.15000	Peak	4607.77000	31.93000	0.70	0	16	0	1.99563	0	63.3847	LH
1777470306	XAUUSD	M15	4521.71000	Bottom	4510.28000	-97.49000	-2.12	4	35	3	-2.78543	3	-70.2513	LL
1777478406	XAUUSD	M15	4559.10000	Peak	4564.75000	54.47000	1.21	0	9	0	6.05222	0	80.6179	LH
1777488306	XAUUSD	M15	4538.19000	Bottom	4518.41000	-46.34000	-1.02	3	11	3	-4.21273	3	-76.6465	HL
1777513506	XAUUSD	M15	4579.13000	Peak	4582.32000	63.91000	1.41	0	24	0	2.66292	0	69.4174	HH
1777523406	XAUUSD	M15	4544.74000	Bottom	4540.82000	-41.50000	-0.91	3	11	3	-3.77273	3	-75.1545	HL
1777545006	XAUUSD	M15	4636.62000	Peak	4647.10000	106.28000	2.34	1	24	0	4.42833	0	77.2750	HH
1777567506	XAUUSD	M15	4607.62000	Bottom	4605.56000	-41.54000	-0.89	3	25	3	-1.66160	3	-58.9592	HL
1777591806	XAUUSD	M15	4631.31000	Peak	4634.14000	28.58000	0.62	0	23	0	1.24261	0	51.1743	LH
1777598106	XAUUSD	M15	4616.68000	Bottom	4614.27000	-19.87000	-0.43	3	7	3	-2.83857	3	-70.5932	HL
1777601706	XAUUSD	M15	4629.39000	Peak	4635.83000	21.56000	0.47	0	4	0	5.39000	0	79.4895	HH
1777628706	XAUUSD	M15	4563.12000	Bottom	4560.44000	-75.39000	-1.63	3	30	3	-2.51300	3	-68.3009	LL
1777644906	XAUUSD	M15	4644.67000	Peak	4660.32000	99.88000	2.19	1	18	0	5.54889	0	79.7840	HH
1777665606	XAUUSD	M15	4611.41000	Bottom	4607.09000	-53.23000	-1.14	3	23	3	-2.31435	3	-66.6314	HL
1777845606	XAUUSD	M15	4623.11000	Peak	4632.11000	25.02000	0.54	0	4	0	6.25500	0	80.9169	LH
1777858206	XAUUSD	M15	4601.59000	Bottom	4592.93000	-39.18000	-0.85	3	14	3	-2.79857	3	-70.3369	LL
1777860006	XAUUSD	M15	4608.34000	Peak	4618.59000	25.66000	0.56	0	2	0	12.83000	0	85.5432	LH
1777889706	XAUUSD	M15	4545.00000	Bottom	4526.40000	-92.19000	-2.00	4	33	3	-2.79364	3	-70.3048	LL
1777905006	XAUUSD	M15	4574.38000	Peak	4583.16000	56.76000	1.25	0	17	0	3.33882	0	73.3267	LH
1777910406	XAUUSD	M15	4509.88000	Bottom	4500.86000	-82.30000	-1.80	3	6	3	-13.71667	5	-85.8303	LL
1777939206	XAUUSD	M15	4527.77000	Peak	4528.57000	27.71000	0.62	0	28	0	0.98964	0	44.7017	LH
1777940106	XAUUSD	M15	4517.12000	Bottom	4513.56000	-15.01000	-0.33	3	1	3	-15.01000	5	-86.1885	HL
1777949106	XAUUSD	M15	4539.17000	Peak	4546.78000	33.22000	0.74	0	10	0	3.32200	0	73.2470	HH
1777955406	XAUUSD	M15	4531.71000	Bottom	4527.89000	-18.89000	-0.42	3	7	3	-2.69857	3	-69.6670	HL
1777971606	XAUUSD	M15	4557.61000	Peak	4560.53000	32.64000	0.72	0	18	0	1.81333	0	61.1246	HH
1777978806	XAUUSD	M15	4552.62000	Bottom	4540.00000	-20.53000	-0.45	3	8	3	-2.56625	3	-68.7104	HL
1777990506	XAUUSD	M15	4584.37000	Peak	4586.56000	46.56000	1.03	0	13	0	3.58154	0	74.3998	HH
1778020206	XAUUSD	M15	4548.82000	Bottom	4546.31000	-40.25000	-0.88	3	29	3	-1.38793	3	-54.2274	HL
1778064306	XAUUSD	M15	4718.25000	Peak	4722.76000	176.45000	3.88	2	49	2	3.60102	0	74.4801	HH
1778069706	XAUUSD	M15	4683.36000	Bottom	4660.71000	-62.05000	-1.31	3	6	3	-10.34167	5	-84.4769	HL
1778076906	XAUUSD	M15	4705.66000	Peak	4717.43000	56.72000	1.22	0	8	0	7.09000	0	81.9717	LH
1778088606	XAUUSD	M15	4680.64000	Bottom	4678.99000	-38.44000	-0.81	3	13	3	-2.95692	3	-71.3150	HL
1778112906	XAUUSD	M15	4692.51000	Peak	4701.18000	22.19000	0.47	0	23	0	0.96478	0	43.9731	LH
1778114706	XAUUSD	M15	4688.57000	Bottom	4685.59000	-15.59000	-0.33	3	2	3	-7.79500	3	-82.6896	HL
1778118306	XAUUSD	M15	4714.86000	Peak	4721.44000	35.85000	0.77	0	4	0	8.96250	0	83.6335	HH
1778122930	XAUUSD	M15	4707.29000	Bottom	4700.02000	-21.42000	-0.45	3	5	3	-4.28400	3	-76.8609	HL
