Fractal_timestamp	Fractal_symbol	Fractal_timeframe	Fractal_close	Fractal_Best_FL	Fractal_UOEDT	Fractal_LOEDT
1781013596	XAUUSD	M5	4336.73			
1781013896	XAUUSD	M5	4339.42			
1781014196	XAUUSD	M5	4335.32			
1781014496	XAUUSD	M5	4330.65			
1781014796	XAUUSD	M5	4331.73			
1781015096	XAUUSD	M5	4332.51			
1781015396	XAUUSD	M5	4327.41			
1781015696	XAUUSD	M5	4328.84			
1781015996	XAUUSD	M5	4330.11			
1781016296	XAUUSD	M5	4331.06			
1781016596	XAUUSD	M5	4326.64			
1781016896	XAUUSD	M5	4325.67			
1781017196	XAUUSD	M5	4328.43			
1781017496	XAUUSD	M5	4326.47			
1781017796	XAUUSD	M5	4328.70			
1781018096	XAUUSD	M5	4326.56			
1781018396	XAUUSD	M5	4323.18			
1781018696	XAUUSD	M5	4326.61			
1781018996	XAUUSD	M5	4331.70			
1781019296	XAUUSD	M5	4332.46			
1781019596	XAUUSD	M5	4331.98			
1781019896	XAUUSD	M5	4334.38			
1781020196	XAUUSD	M5	4331.19			
1781020496	XAUUSD	M5	4334.45			
1781020796	XAUUSD	M5	4335.05	4336.82000	4399.47453	4282.69156
1781021096	XAUUSD	M5	4328.20	4336.22911	4398.88364	4282.10067
1781021396	XAUUSD	M5	4330.00	4335.63821	4398.29274	4281.50977
1781021696	XAUUSD	M5	4326.60	4335.04732	4397.70185	4280.91888
1781021996	XAUUSD	M5	4328.93	4334.45642	4397.11096	4280.32798
1781022296	XAUUSD	M5	4330.22	4333.86553	4396.52006	4279.73709
1781022596	XAUUSD	M5	4328.22	4333.27464	4395.92917	4279.14620
1781022896	XAUUSD	M5	4330.01	4332.68374	4395.33827	4278.55530
1781023196	XAUUSD	M5	4333.35	4332.09285	4394.74738	4277.96441
1781023496	XAUUSD	M5	4326.89	4331.50195	4394.15649	4277.37351
1781023796	XAUUSD	M5	4326.62	4330.91106	4393.56559	4276.78262
1781024096	XAUUSD	M5	4329.23	4330.32017	4392.97470	4276.19173
1781024396	XAUUSD	M5	4327.13	4329.72927	4392.38380	4275.60083
1781024696	XAUUSD	M5	4329.78	4329.13838	4391.79291	4275.00994
1781024996	XAUUSD	M5	4333.15	4328.54748	4391.20202	4274.41904
1781025296	XAUUSD	M5	4332.26	4327.95659	4390.61112	4273.82815
1781025596	XAUUSD	M5	4330.80	4327.36570	4390.02023	4273.23726
1781025896	XAUUSD	M5	4327.26	4326.77480	4389.42933	4272.64636
1781026196	XAUUSD	M5	4335.24	4326.18391	4388.83844	4272.05547
1781026496	XAUUSD	M5	4334.87	4325.59301	4388.24755	4271.46457
1781026796	XAUUSD	M5	4332.60	4325.00212	4387.65665	4270.87368
1781027096	XAUUSD	M5	4333.84	4324.41123	4387.06576	4270.28279
1781027396	XAUUSD	M5	4333.85	4323.82033	4386.47486	4269.69189
1781027696	XAUUSD	M5	4331.97	4323.22944	4385.88397	4269.10100
1781027996	XAUUSD	M5	4332.65	4322.63854	4385.29308	4268.51010
1781028296	XAUUSD	M5	4330.74	4322.04765	4384.70218	4267.91921
1781028596	XAUUSD	M5	4335.14	4321.45676	4384.11129	4267.32832
1781028896	XAUUSD	M5	4339.15	4320.86586	4383.52040	4266.73742
1781029196	XAUUSD	M5	4335.92	4320.27497	4382.92950	4266.14653
1781029496	XAUUSD	M5	4337.21	4319.68407	4382.33861	4265.55563
1781029796	XAUUSD	M5	4337.83	4319.09318	4381.74771	4264.96474
1781030096	XAUUSD	M5	4339.31	4318.50229	4381.15682	4264.37385
1781030396	XAUUSD	M5	4337.27	4317.91139	4380.56593	4263.78295
1781030696	XAUUSD	M5	4338.75	4317.32050	4379.97503	4263.19206
1781030996	XAUUSD	M5	4337.87	4316.72960	4379.38414	4262.60116
1781031296	XAUUSD	M5	4337.41	4316.13871	4378.79324	4262.01027
1781031596	XAUUSD	M5	4338.95	4315.54782	4378.20235	4261.41938
1781031896	XAUUSD	M5	4340.14	4314.95692	4377.61146	4260.82848
1781032196	XAUUSD	M5	4341.36	4314.36603	4377.02056	4260.23759
1781032496	XAUUSD	M5	4339.76	4313.77514	4376.42967	4259.64669
1781032796	XAUUSD	M5	4342.37	4313.18424	4375.83877	4259.05580
1781033096	XAUUSD	M5	4343.71	4312.59335	4375.24788	4258.46491
1781033396	XAUUSD	M5	4340.92	4312.00245	4374.65699	4257.87401
1781033696	XAUUSD	M5	4342.98	4311.41156	4374.06609	4257.28312
1781033996	XAUUSD	M5	4338.60	4310.82067	4373.47520	4256.69222
1781034296	XAUUSD	M5	4335.94	4310.22977	4372.88430	4256.10133
1781034596	XAUUSD	M5	4336.67	4309.63888	4372.29341	4255.51044
1781034896	XAUUSD	M5	4340.71	4309.04798	4371.70252	4254.91954
1781035196	XAUUSD	M5	4340.92	4308.45709	4371.11162	4254.32865
1781035496	XAUUSD	M5	4341.28	4307.86620	4370.52073	4253.73775
1781035796	XAUUSD	M5	4337.55	4307.27530	4369.92983	4253.14686
1781036096	XAUUSD	M5	4341.42	4306.68441	4369.33894	4252.55597
1781036396	XAUUSD	M5	4339.49	4306.09351	4368.74805	4251.96507
1781036696	XAUUSD	M5	4341.28	4305.50262	4368.15715	4251.37418
1781036996	XAUUSD	M5	4340.98	4304.91173	4367.56626	4250.78328
1781037296	XAUUSD	M5	4334.13	4304.32083	4366.97536	4250.19239
1781037596	XAUUSD	M5	4333.35	4303.72994	4366.38447	4249.60150
1781037896	XAUUSD	M5	4330.90	4303.13904	4365.79358	4249.01060
1781038196	XAUUSD	M5	4329.88	4302.54815	4365.20268	4248.41971
1781038496	XAUUSD	M5	4331.95	4301.95726	4364.61179	4247.82881
1781038796	XAUUSD	M5	4330.37	4301.36636	4364.02089	4247.23792
1781039096	XAUUSD	M5	4351.36	4300.77547	4363.43000	4246.64703
1781039396	XAUUSD	M5	4334.10	4300.18457	4362.83911	4246.05613
1781039696	XAUUSD	M5	4328.66	4299.59368	4362.24821	4245.46524
1781039996	XAUUSD	M5	4329.39	4299.00279	4361.65732	4244.87435
1781040296	XAUUSD	M5	4328.53	4298.41189	4361.06642	4244.28345
1781040596	XAUUSD	M5	4321.28	4297.82100	4360.47553	4243.69256
1781040896	XAUUSD	M5	4311.45	4297.23010	4359.88464	4243.10166
1781041196	XAUUSD	M5	4318.53	4296.63921	4359.29374	4242.51077
1781041496	XAUUSD	M5	4318.71	4296.04832	4358.70285	4241.91988
1781041796	XAUUSD	M5	4315.01	4295.45742	4358.11195	4241.32898
1781042096	XAUUSD	M5	4305.34	4294.86653	4357.52106	4240.73809
1781042396	XAUUSD	M5	4285.29	4294.27563	4356.93017	4240.14719
1781042696	XAUUSD	M5	4284.21	4293.68474	4356.33927	4239.55630
1781042996	XAUUSD	M5	4298.21	4293.09385	4355.74838	4238.96541
1781043296	XAUUSD	M5	4300.76	4292.50295	4355.15748	4238.37451
1781043596	XAUUSD	M5	4293.26	4291.91206	4354.56659	4237.78362
1781043896	XAUUSD	M5	4295.65	4291.32116	4353.97570	4237.19272
1781044196	XAUUSD	M5	4294.92	4290.73027	4353.38480	4236.60183
1781044496	XAUUSD	M5	4291.97	4290.13938	4352.79391	4236.01094
1781044796	XAUUSD	M5	4285.55	4289.54848	4352.20301	4235.42004
1781045096	XAUUSD	M5	4278.85	4288.95759	4351.61212	4234.82915
1781045396	XAUUSD	M5	4274.54	4288.36669	4351.02123	4234.23825
1781045696	XAUUSD	M5	4270.25	4287.77580	4350.43033	4233.64736
1781045996	XAUUSD	M5	4279.82	4287.18491	4349.83944	4233.05647
1781046296	XAUUSD	M5	4280.97	4286.59401	4349.24854	4232.46557
1781046596	XAUUSD	M5	4279.93	4286.00312	4348.65765	4231.87468
1781046896	XAUUSD	M5	4272.90	4285.41222	4348.06676	4231.28378
1781047196	XAUUSD	M5	4273.90	4284.82133	4347.47586	4230.69289
1781047496	XAUUSD	M5	4263.62	4284.23044	4346.88497	4230.10200
1781047796	XAUUSD	M5	4259.63	4283.63954	4346.29407	4229.51110
1781048096	XAUUSD	M5	4254.57	4283.04865	4345.70318	4228.92021
1781048396	XAUUSD	M5	4261.99	4282.45775	4345.11229	4228.32931
1781048696	XAUUSD	M5	4263.49	4281.86686	4344.52139	4227.73842
1781048996	XAUUSD	M5	4262.13	4281.27597	4343.93050	4227.14753
1781049296	XAUUSD	M5	4241.26	4280.68507	4343.33960	4226.55663
1781049596	XAUUSD	M5	4244.94	4280.09418	4342.74871	4225.96574
1781049896	XAUUSD	M5	4249.87	4279.50328	4342.15782	4225.37484
1781050196	XAUUSD	M5	4240.07	4278.91239	4341.56692	4224.78395
1781050496	XAUUSD	M5	4252.18	4278.32150	4340.97603	4224.19306
1781050796	XAUUSD	M5	4262.43	4277.73060	4340.38514	4223.60216
1781051096	XAUUSD	M5	4262.93	4277.13971	4339.79424	4223.01127
1781051396	XAUUSD	M5	4261.19	4276.54881	4339.20335	4222.42037
1781051696	XAUUSD	M5	4263.95	4275.95792	4338.61245	4221.82948
1781051996	XAUUSD	M5	4266.48	4275.36703	4338.02156	4221.23859
1781052296	XAUUSD	M5	4263.12	4274.77613	4337.43067	4220.64769
1781052596	XAUUSD	M5	4265.58	4274.18524	4336.83977	4220.05680
1781052896	XAUUSD	M5	4262.89	4273.59435	4336.24888	4219.46590
1781053196	XAUUSD	M5	4264.84	4273.00345	4335.65798	4218.87501
1781053496	XAUUSD	M5	4257.15	4272.41256	4335.06709	4218.28412
1781053796	XAUUSD	M5	4258.42	4271.82166	4334.47620	4217.69322
1781054096	XAUUSD	M5	4263.12	4271.23077	4333.88530	4217.10233
1781054396	XAUUSD	M5	4262.50	4270.63988	4333.29441	4216.51143
1781054696	XAUUSD	M5	4266.77	4270.04898	4332.70351	4215.92054
1781054996	XAUUSD	M5	4265.37	4269.45809	4332.11262	4215.32965
1781055296	XAUUSD	M5	4269.31	4268.86719	4331.52173	4214.73875
1781055596	XAUUSD	M5	4273.44	4268.27630	4330.93083	4214.14786
1781055896	XAUUSD	M5	4270.90	4267.68541	4330.33994	4213.55696
1781056196	XAUUSD	M5	4270.71	4267.09451	4329.74904	4212.96607
1781056496	XAUUSD	M5	4269.20	4266.50362	4329.15815	4212.37518
1781056796	XAUUSD	M5	4264.35	4265.91272	4328.56726	4211.78428
1781057096	XAUUSD	M5	4265.26	4265.32183	4327.97636	4211.19339
1781057396	XAUUSD	M5	4265.91	4264.73094	4327.38547	4210.60249
1781057696	XAUUSD	M5	4269.92	4264.14004	4326.79457	4210.01160
1781057996	XAUUSD	M5	4269.71	4263.54915	4326.20368	4209.42071
1781058296	XAUUSD	M5	4265.17	4262.95825	4325.61279	4208.82981
1781058596	XAUUSD	M5	4258.70	4262.36736	4325.02189	4208.23892
1781058896	XAUUSD	M5	4255.35	4261.77647	4324.43100	4207.64802
1781059196	XAUUSD	M5	4255.71	4261.18557	4323.84010	4207.05713
1781059496	XAUUSD	M5	4257.39	4260.59468	4323.24921	4206.46624
1781059796	XAUUSD	M5	4259.52	4260.00378	4322.65832	4205.87534
1781060096	XAUUSD	M5	4253.68	4259.41289	4322.06742	4205.28445
1781060396	XAUUSD	M5	4250.97	4258.82200	4321.47653	4204.69356
1781060696	XAUUSD	M5	4250.98	4258.23110	4320.88563	4204.10266
1781060996	XAUUSD	M5	4258.91	4257.64021	4320.29474	4203.51177
1781061296	XAUUSD	M5	4258.48	4257.04931	4319.70385	4202.92087
1781061596	XAUUSD	M5	4260.77	4256.45842	4319.11295	4202.32998
1781061896	XAUUSD	M5	4257.61	4255.86753	4318.52206	4201.73909
1781062196	XAUUSD	M5	4258.45	4255.27663	4317.93116	4201.14819
1781062496	XAUUSD	M5	4258.71	4254.68574	4317.34027	4200.55730
1781062796	XAUUSD	M5	4258.31	4254.09484	4316.74938	4199.96640
1781063096	XAUUSD	M5	4259.10	4253.50395	4316.15848	4199.37551
1781063396	XAUUSD	M5	4257.94	4252.91306	4315.56759	4198.78462
1781063696	XAUUSD	M5	4260.44	4252.32216	4314.97669	4198.19372
1781063996	XAUUSD	M5	4261.38	4251.73127	4314.38580	4197.60283
1781064296	XAUUSD	M5	4261.83	4251.14037	4313.79491	4197.01193
1781064596	XAUUSD	M5	4260.26	4250.54948	4313.20401	4196.42104
1781064896	XAUUSD	M5	4259.44	4249.95859	4312.61312	4195.83015
1781068796	XAUUSD	M5	4256.02	4249.36769	4312.02222	4195.23925
1781069096	XAUUSD	M5	4253.49	4248.77680	4311.43133	4194.64836
1781069396	XAUUSD	M5	4255.44	4248.18590	4310.84044	4194.05746
1781069696	XAUUSD	M5	4253.66	4247.59501	4310.24954	4193.46657
1781069996	XAUUSD	M5	4254.71	4247.00412	4309.65865	4192.87568
1781070296	XAUUSD	M5	4256.82	4246.41322	4309.06775	4192.28478
1781070596	XAUUSD	M5	4252.83	4245.82233	4308.47686	4191.69389
1781070896	XAUUSD	M5	4253.13	4245.23143	4307.88597	4191.10299
1781071196	XAUUSD	M5	4248.97	4244.64054	4307.29507	4190.51210
1781071496	XAUUSD	M5	4239.08	4244.04965	4306.70418	4189.92121
1781071796	XAUUSD	M5	4235.11	4243.45875	4306.11328	4189.33031
1781072096	XAUUSD	M5	4237.31	4242.86786	4305.52239	4188.73942
1781072396	XAUUSD	M5	4246.34	4242.27696	4304.93150	4188.14852
1781072696	XAUUSD	M5	4241.68	4241.68607	4304.34060	4187.55763
1781072996	XAUUSD	M5	4235.90	4241.09518	4303.74971	4186.96674
1781073296	XAUUSD	M5	4233.21	4240.50428	4303.15881	4186.37584
1781073596	XAUUSD	M5	4227.64	4239.91339	4302.56792	4185.78495
1781073896	XAUUSD	M5	4224.19	4239.32249	4301.97703	4185.19405
1781074196	XAUUSD	M5	4225.70	4238.73160	4301.38613	4184.60316
1781074496	XAUUSD	M5	4221.92	4238.14071	4300.79524	4184.01227
1781074796	XAUUSD	M5	4218.63	4237.54981	4300.20435	4183.42137
1781075096	XAUUSD	M5	4213.05	4236.95892	4299.61345	4182.83048
1781075396	XAUUSD	M5	4220.72	4236.36802	4299.02256	4182.23958
1781075696	XAUUSD	M5	4222.03	4235.77713	4298.43166	4181.64869
1781075996	XAUUSD	M5	4220.58	4235.18624	4297.84077	4181.05780
1781076296	XAUUSD	M5	4225.57	4234.59534	4297.24988	4180.46690
1781076596	XAUUSD	M5	4225.12	4234.00445	4296.65898	4179.87601
1781076896	XAUUSD	M5	4226.93	4233.41356	4296.06809	4179.28511
1781077196	XAUUSD	M5	4225.23	4232.82266	4295.47719	4178.69422
1781077496	XAUUSD	M5	4217.94	4232.23177	4294.88630	4178.10333
1781077796	XAUUSD	M5	4206.52	4231.64087	4294.29541	4177.51243
1781078096	XAUUSD	M5	4207.77	4231.04998	4293.70451	4176.92154
1781078396	XAUUSD	M5	4204.49	4230.45909	4293.11362	4176.33064
1781078696	XAUUSD	M5	4203.72	4229.86819	4292.52272	4175.73975
1781078996	XAUUSD	M5	4207.39	4229.27730	4291.93183	4175.14886
1781079296	XAUUSD	M5	4218.23	4228.68640	4291.34094	4174.55796
1781079596	XAUUSD	M5	4194.50	4228.09551	4290.75004	4173.96707
1781079896	XAUUSD	M5	4195.15	4227.50462	4290.15915	4173.37617
1781080196	XAUUSD	M5	4203.39	4226.91372	4289.56825	4172.78528
1781080496	XAUUSD	M5	4213.33	4226.32283	4288.97736	4172.19439
1781080796	XAUUSD	M5	4200.92	4225.73193	4288.38647	4171.60349
1781081096	XAUUSD	M5	4201.81	4225.14104	4287.79557	4171.01260
1781081396	XAUUSD	M5	4202.58	4224.55015	4287.20468	4170.42170
1781081696	XAUUSD	M5	4200.71	4223.95925	4286.61378	4169.83081
1781081996	XAUUSD	M5	4187.41	4223.36836	4286.02289	4169.23992
1781082296	XAUUSD	M5	4192.94	4222.77746	4285.43200	4168.64902
1781082596	XAUUSD	M5	4192.05	4222.18657	4284.84110	4168.05813
1781082896	XAUUSD	M5	4188.63	4221.59568	4284.25021	4167.46723
1781083196	XAUUSD	M5	4187.00	4221.00478	4283.65931	4166.87634
1781083496	XAUUSD	M5	4181.14	4220.41389	4283.06842	4166.28545
1781083796	XAUUSD	M5	4182.77	4219.82299	4282.47753	4165.69455
1781084096	XAUUSD	M5	4180.91	4219.23210	4281.88663	4165.10366
1781084396	XAUUSD	M5	4183.35	4218.64121	4281.29574	4164.51277
1781084696	XAUUSD	M5	4187.98	4218.05031	4280.70484	4163.92187
1781084996	XAUUSD	M5	4179.39	4217.45942	4280.11395	4163.33098
1781085296	XAUUSD	M5	4184.54	4216.86852	4279.52306	4162.74008
1781085596	XAUUSD	M5	4184.51	4216.27763	4278.93216	4162.14919
1781085896	XAUUSD	M5	4187.62	4215.68674	4278.34127	4161.55830
1781086196	XAUUSD	M5	4175.03	4215.09584	4277.75037	4160.96740
1781086496	XAUUSD	M5	4174.01	4214.50495	4277.15948	4160.37651
1781086796	XAUUSD	M5	4176.78	4213.91405	4276.56859	4159.78561
1781087096	XAUUSD	M5	4175.32	4213.32316	4275.97769	4159.19472
1781087396	XAUUSD	M5	4178.09	4212.73227	4275.38680	4158.60383
1781087696	XAUUSD	M5	4175.94	4212.14137	4274.79590	4158.01293
1781087996	XAUUSD	M5	4175.18	4211.55048	4274.20501	4157.42204
1781088296	XAUUSD	M5	4177.22	4210.95958	4273.61412	4156.83114
1781088596	XAUUSD	M5	4180.51	4210.36869	4273.02322	4156.24025
1781088896	XAUUSD	M5	4180.41	4209.77780	4272.43233	4155.64936
1781089196	XAUUSD	M5	4179.92	4209.18690	4271.84143	4155.05846
1781089496	XAUUSD	M5	4185.44	4208.59601	4271.25054	4154.46757
1781089796	XAUUSD	M5	4184.95	4208.00511	4270.65965	4153.87667
1781090096	XAUUSD	M5	4184.81	4207.41422	4270.06875	4153.28578
1781090396	XAUUSD	M5	4186.35	4206.82333	4269.47786	4152.69489
1781090696	XAUUSD	M5	4184.40	4206.23243	4268.88696	4152.10399
1781090996	XAUUSD	M5	4181.37	4205.64154	4268.29607	4151.51310
1781091296	XAUUSD	M5	4181.64	4205.05064	4267.70518	4150.92220
1781091596	XAUUSD	M5	4178.24	4204.45975	4267.11428	4150.33131
1781091896	XAUUSD	M5	4174.56	4203.86886	4266.52339	4149.74042
1781092196	XAUUSD	M5	4174.39	4203.27796	4265.93249	4149.14952
1781092496	XAUUSD	M5	4174.83	4202.68707	4265.34160	4148.55863
1781092796	XAUUSD	M5	4173.55	4202.09617	4264.75071	4147.96773
1781093096	XAUUSD	M5	4173.81	4201.50528	4264.15981	4147.37684
1781093396	XAUUSD	M5	4175.06	4200.91439	4263.56892	4146.78595
1781093696	XAUUSD	M5	4174.82	4200.32349	4262.97802	4146.19505
1781093996	XAUUSD	M5	4174.58	4199.73260	4262.38713	4145.60416
1781094296	XAUUSD	M5	4176.57	4199.14170	4261.79624	4145.01326
1781094596	XAUUSD	M5	4179.77	4198.55081	4261.20534	4144.42237
1781094896	XAUUSD	M5	4176.80	4197.95992	4260.61445	4143.83148
1781095196	XAUUSD	M5	4180.53	4197.36902	4260.02356	4143.24058
1781095496	XAUUSD	M5	4187.25	4196.77813	4259.43266	4142.64969
1781095796	XAUUSD	M5	4191.09	4196.18723	4258.84177	4142.05879
1781096096	XAUUSD	M5	4194.32	4195.59634	4258.25087	4141.46790
1781096396	XAUUSD	M5	4198.25	4195.00545	4257.65998	4140.87701
1781096696	XAUUSD	M5	4202.72	4194.41455	4257.06909	4140.28611
1781096996	XAUUSD	M5	4203.72	4193.82366	4256.47819	4139.69522
1781097296	XAUUSD	M5	4205.15	4193.23277	4255.88730	4139.10432
1781097596	XAUUSD	M5	4211.17	4192.64187	4255.29640	4138.51343
1781097896	XAUUSD	M5	4213.99	4192.05098	4254.70551	4137.92254
1781098196	XAUUSD	M5	4212.90	4191.46008	4254.11462	4137.33164
1781098496	XAUUSD	M5	4214.42	4190.86919	4253.52372	4136.74075
1781098796	XAUUSD	M5	4209.10	4190.27830	4252.93283	4136.14985
1781099096	XAUUSD	M5	4211.94	4189.68740	4252.34193	4135.55896
1781099396	XAUUSD	M5	4210.60	4189.09651	4251.75104	4134.96807
1781099696	XAUUSD	M5	4209.10	4188.50561	4251.16015	4134.37717
1781099996	XAUUSD	M5	4207.75	4187.91472	4250.56925	4133.78628
1781100296	XAUUSD	M5	4203.22	4187.32383	4249.97836	4133.19538
1781100596	XAUUSD	M5	4202.31	4186.73293	4249.38746	4132.60449
1781100896	XAUUSD	M5	4203.96	4186.14204	4248.79657	4132.01360
1781101196	XAUUSD	M5	4203.70	4185.55114	4248.20568	4131.42270
1781101496	XAUUSD	M5	4207.16	4184.96025	4247.61478	4130.83181
1781101796	XAUUSD	M5	4200.31	4184.36936	4247.02389	4130.24091
1781102096	XAUUSD	M5	4198.74	4183.77846	4246.43299	4129.65002
1781102396	XAUUSD	M5	4199.24	4183.18757	4245.84210	4129.05913
1781102696	XAUUSD	M5	4194.92	4182.59667	4245.25121	4128.46823
1781102996	XAUUSD	M5	4194.78	4182.00578	4244.66031	4127.87734
1781103296	XAUUSD	M5	4190.73	4181.41489	4244.06942	4127.28644
1781103596	XAUUSD	M5	4189.69	4180.82399	4243.47852	4126.69555
1781103896	XAUUSD	M5	4190.46	4180.23310	4242.88763	4126.10466
1781104196	XAUUSD	M5	4182.11	4179.64220	4242.29674	4125.51376
1781104496	XAUUSD	M5	4186.47	4179.05131	4241.70584	4124.92287
1781104796	XAUUSD	M5	4164.31	4178.46042	4241.11495	4124.33198
1781105096	XAUUSD	M5	4167.38	4177.86952	4240.52405	4123.74108
1781105396	XAUUSD	M5	4166.47	4177.27863	4239.93316	4123.15019
1781105696	XAUUSD	M5	4173.53	4176.68773	4239.34227	4122.55929
1781105996	XAUUSD	M5	4171.20	4176.09684	4238.75137	4121.96840
1781106296	XAUUSD	M5	4172.22	4175.50595	4238.16048	4121.37751
1781106596	XAUUSD	M5	4168.10	4174.91505	4237.56958	4120.78661
1781106896	XAUUSD	M5	4172.85	4174.32416	4236.97869	4120.19572
1781107196	XAUUSD	M5	4170.55	4173.73326	4236.38780	4119.60482
1781107496	XAUUSD	M5	4174.29	4173.14237	4235.79690	4119.01393
1781107796	XAUUSD	M5	4171.18	4172.55148	4235.20601	4118.42304
1781108096	XAUUSD	M5	4168.57	4171.96058	4234.61511	4117.83214
1781108396	XAUUSD	M5	4167.03	4171.36969	4234.02422	4117.24125
1781108696	XAUUSD	M5	4170.47	4170.77879	4233.43333	4116.65035
1781108996	XAUUSD	M5	4165.07	4170.18790	4232.84243	4116.05946
1781109296	XAUUSD	M5	4171.07	4169.59701	4232.25154	4115.46857
1781109596	XAUUSD	M5	4168.52	4169.00611	4231.66064	4114.87767
1781109896	XAUUSD	M5	4166.26	4168.41522	4231.06975	4114.28678
1781110196	XAUUSD	M5	4176.86	4167.82432	4230.47886	4113.69588
1781110496	XAUUSD	M5	4172.48	4167.23343	4229.88796	4113.10499
1781110796	XAUUSD	M5	4171.29	4166.64254	4229.29707	4112.51410
1781111096	XAUUSD	M5	4168.47	4166.05164	4228.70617	4111.92320
1781111396	XAUUSD	M5	4166.17	4165.46075	4228.11528	4111.33231
1781111696	XAUUSD	M5	4168.74	4164.86985	4227.52439	4110.74141
1781111996	XAUUSD	M5	4169.30	4164.27896	4226.93349	4110.15052
1781112296	XAUUSD	M5	4159.67	4163.68807	4226.34260	4109.55963
1781112596	XAUUSD	M5	4161.01	4163.09717	4225.75170	4108.96873
1781112896	XAUUSD	M5	4164.46	4162.50628	4225.16081	4108.37784
1781113196	XAUUSD	M5	4166.71	4161.91538	4224.56992	4107.78694
1781113496	XAUUSD	M5	4165.16	4161.32449	4223.97902	4107.19605
1781113796	XAUUSD	M5	4165.19	4160.73360	4223.38813	4106.60516
1781114096	XAUUSD	M5	4166.72	4160.14270	4222.79723	4106.01426
1781114396	XAUUSD	M5	4171.40	4159.55181	4222.20634	4105.42337
1781114696	XAUUSD	M5	4177.27	4158.96091	4221.61545	4104.83247
1781114996	XAUUSD	M5	4171.88	4158.37002	4221.02455	4104.24158
1781115296	XAUUSD	M5	4174.51	4157.77913	4220.43366	4103.65069
1781115596	XAUUSD	M5	4161.48	4157.18823	4219.84277	4103.05979
1781115896	XAUUSD	M5	4161.33	4156.59734	4219.25187	4102.46890
1781116196	XAUUSD	M5	4168.83	4156.00644	4218.66098	4101.87800
1781116496	XAUUSD	M5	4164.92	4155.41555	4218.07008	4101.28711
1781116796	XAUUSD	M5	4163.74	4154.82466	4217.47919	4100.69622
1781117096	XAUUSD	M5	4166.32	4154.23376	4216.88830	4100.10532
1781117396	XAUUSD	M5	4164.92	4153.64287	4216.29740	4099.51443
1781117696	XAUUSD	M5	4156.49	4153.05198	4215.70651	4098.92353
1781117996	XAUUSD	M5	4154.43	4152.46108	4215.11561	4098.33264
1781118296	XAUUSD	M5	4155.78	4151.87019	4214.52472	4097.74175
1781118596	XAUUSD	M5	4154.21	4151.27929	4213.93383	4097.15085
1781118896	XAUUSD	M5	4147.65	4150.68840	4213.34293	4096.55996
1781119196	XAUUSD	M5	4146.96	4150.09751	4212.75204	4095.96906
1781119496	XAUUSD	M5	4145.04	4149.50661	4212.16114	4095.37817
1781119796	XAUUSD	M5	4136.27	4148.91572	4211.57025	4094.78728
1781120096	XAUUSD	M5	4136.51	4148.32482	4210.97936	4094.19638
1781120396	XAUUSD	M5	4134.72	4147.73393	4210.38846	4093.60549
1781120696	XAUUSD	M5	4141.11	4147.14304	4209.79757	4093.01459
1781120996	XAUUSD	M5	4162.44	4146.55214	4209.20667	4092.42370
1781121296	XAUUSD	M5	4160.87	4145.96125	4208.61578	4091.83281
1781121596	XAUUSD	M5	4160.44	4145.37035	4208.02489	4091.24191
1781121896	XAUUSD	M5	4157.68	4144.77946	4207.43399	4090.65102
1781122196	XAUUSD	M5	4151.86	4144.18857	4206.84310	4090.06012
1781122496	XAUUSD	M5	4147.02	4143.59767	4206.25220	4089.46923
1781122796	XAUUSD	M5	4153.16	4143.00678	4205.66131	4088.87834
1781123096	XAUUSD	M5	4154.07	4142.41588	4205.07042	4088.28744
1781123396	XAUUSD	M5	4151.43	4141.82499	4204.47952	4087.69655
1781123696	XAUUSD	M5	4135.67	4141.23410	4203.88863	4087.10565
1781123996	XAUUSD	M5	4144.25	4140.64320	4203.29773	4086.51476
1781124296	XAUUSD	M5	4150.11	4140.05231	4202.70684	4085.92387
1781124596	XAUUSD	M5	4142.97	4139.46141	4202.11595	4085.33297
1781124896	XAUUSD	M5	4166.17	4138.87052	4201.52505	4084.74208
1781125196	XAUUSD	M5	4178.11	4138.27963	4200.93416	4084.15119
1781125496	XAUUSD	M5	4185.58	4137.68873	4200.34326	4083.56029
1781125796	XAUUSD	M5	4180.09	4137.09784	4199.75237	4082.96940
1781126096	XAUUSD	M5	4179.64	4136.50694	4199.16148	4082.37850
1781126396	XAUUSD	M5	4171.61	4135.91605	4198.57058	4081.78761
1781126696	XAUUSD	M5	4173.49	4135.32516	4197.97969	4081.19672
1781126996	XAUUSD	M5	4174.19	4134.73426	4197.38879	4080.60582
1781127296	XAUUSD	M5	4168.59	4134.14337	4196.79790	4080.01493
1781127596	XAUUSD	M5	4170.71	4133.55247	4196.20701	4079.42403
1781127896	XAUUSD	M5	4161.02	4132.96158	4195.61611	4078.83314
1781128196	XAUUSD	M5	4160.28	4132.37069	4195.02522	4078.24225
1781128496	XAUUSD	M5	4158.02	4131.77979	4194.43432	4077.65135
1781128796	XAUUSD	M5	4150.06	4131.18890	4193.84343	4077.06046
1781129096	XAUUSD	M5	4140.72	4130.59800	4193.25254	4076.46956
1781129396	XAUUSD	M5	4138.16	4130.00711	4192.66164	4075.87867
1781129696	XAUUSD	M5	4124.86	4129.41622	4192.07075	4075.28778
1781129996	XAUUSD	M5	4129.11	4128.82532	4191.47985	4074.69688
1781130296	XAUUSD	M5	4126.63	4128.23443	4190.88896	4074.10599
1781130596	XAUUSD	M5	4123.79	4127.64353	4190.29807	4073.51509
1781130896	XAUUSD	M5	4115.89	4127.05264	4189.70717	4072.92420
1781131196	XAUUSD	M5	4130.25	4126.46175	4189.11628	4072.33331
1781131496	XAUUSD	M5	4127.72	4125.87085	4188.52538	4071.74241
1781131796	XAUUSD	M5	4128.18	4125.27996	4187.93449	4071.15152
1781132096	XAUUSD	M5	4124.65	4124.68906	4187.34360	4070.56062
1781132396	XAUUSD	M5	4128.75	4124.09817	4186.75270	4069.96973
1781132696	XAUUSD	M5	4118.32	4123.50728	4186.16181	4069.37884
1781132996	XAUUSD	M5	4120.30	4122.91638	4185.57091	4068.78794
1781133296	XAUUSD	M5	4128.99	4122.32549	4184.98002	4068.19705
1781133596	XAUUSD	M5	4126.73	4121.73459	4184.38913	4067.60615
1781133896	XAUUSD	M5	4130.25	4121.14370	4183.79823	4067.01526
1781134196	XAUUSD	M5	4129.23	4120.55281	4183.20734	4066.42437
1781134496	XAUUSD	M5	4132.52	4119.96191	4182.61644	4065.83347
1781134796	XAUUSD	M5	4129.82	4119.37102	4182.02555	4065.24258
1781135096	XAUUSD	M5	4127.54	4118.78012	4181.43466	4064.65168
1781135396	XAUUSD	M5	4129.31	4118.18923	4180.84376	4064.06079
1781135696	XAUUSD	M5	4127.92	4117.59834	4180.25287	4063.46990
1781135996	XAUUSD	M5	4122.36	4117.00744	4179.66198	4062.87900
1781136296	XAUUSD	M5	4120.51	4116.41655	4179.07108	4062.28811
1781136596	XAUUSD	M5	4120.31	4115.82565	4178.48019	4061.69721
1781136896	XAUUSD	M5	4121.98	4115.23476	4177.88929	4061.10632
1781137196	XAUUSD	M5	4132.17	4114.64387	4177.29840	4060.51543
1781137496	XAUUSD	M5	4120.20	4114.05297	4176.70751	4059.92453
1781137796	XAUUSD	M5	4118.08	4113.46208	4176.11661	4059.33364
1781138096	XAUUSD	M5	4113.91	4112.87119	4175.52572	4058.74274
1781138396	XAUUSD	M5	4111.84	4112.28029	4174.93482	4058.15185
1781138696	XAUUSD	M5	4110.89	4111.68940	4174.34393	4057.56096
1781138996	XAUUSD	M5	4111.19	4111.09850	4173.75304	4056.97006
1781139296	XAUUSD	M5	4105.31	4110.50761	4173.16214	4056.37917
1781139596	XAUUSD	M5	4102.34	4109.91672	4172.57125	4055.78827
1781139896	XAUUSD	M5	4111.41	4109.32582	4171.98035	4055.19738
1781140196	XAUUSD	M5	4109.83	4108.73493	4171.38946	4054.60649
1781140496	XAUUSD	M5	4111.66	4108.14403	4170.79857	4054.01559
1781140796	XAUUSD	M5	4119.80	4107.55314	4170.20767	4053.42470
1781141096	XAUUSD	M5	4114.49	4106.96225	4169.61678	4052.83380
1781141396	XAUUSD	M5	4115.96	4106.37135	4169.02588	4052.24291
1781141696	XAUUSD	M5	4112.66	4105.78046	4168.43499	4051.65202
1781141996	XAUUSD	M5	4112.79	4105.18956	4167.84410	4051.06112
1781142296	XAUUSD	M5	4112.47	4104.59867	4167.25320	4050.47023
1781142596	XAUUSD	M5	4109.23	4104.00778	4166.66231	4049.87933
1781142896	XAUUSD	M5	4107.46	4103.41688	4166.07141	4049.28844
1781143196	XAUUSD	M5	4104.98	4102.82599	4165.48052	4048.69755
1781143496	XAUUSD	M5	4104.41	4102.23509	4164.88963	4048.10665
1781143796	XAUUSD	M5	4101.49	4101.64420	4164.29873	4047.51576
1781144096	XAUUSD	M5	4101.23	4101.05331	4163.70784	4046.92486
1781144396	XAUUSD	M5	4096.25	4100.46241	4163.11694	4046.33397
1781144696	XAUUSD	M5	4095.13	4099.87152	4162.52605	4045.74308
1781144996	XAUUSD	M5	4089.00	4099.28062	4161.93516	4045.15218
1781145296	XAUUSD	M5	4089.85	4098.68973	4161.34426	4044.56129
1781145596	XAUUSD	M5	4084.95	4098.09884	4160.75337	4043.97040
1781145896	XAUUSD	M5	4084.73	4097.50794	4160.16247	4043.37950
1781146196	XAUUSD	M5	4086.30	4096.91705	4159.57158	4042.78861
1781146496	XAUUSD	M5	4086.38	4096.32615	4158.98069	4042.19771
1781146796	XAUUSD	M5	4091.63	4095.73526	4158.38979	4041.60682
1781147096	XAUUSD	M5	4088.42	4095.14437	4157.79890	4041.01593
1781147396	XAUUSD	M5	4087.29	4094.55347	4157.20800	4040.42503
1781147696	XAUUSD	M5	4082.84	4093.96258	4156.61711	4039.83414
1781147996	XAUUSD	M5	4077.59	4093.37168	4156.02622	4039.24324
1781148296	XAUUSD	M5	4071.12	4092.78079	4155.43532	4038.65235
1781148596	XAUUSD	M5	4072.13	4092.18990	4154.84443	4038.06146
1781148896	XAUUSD	M5	4073.98	4091.59900	4154.25353	4037.47056
1781149196	XAUUSD	M5	4076.46	4091.00811	4153.66264	4036.87967
1781149496	XAUUSD	M5	4078.46	4090.41721	4153.07175	4036.28877
1781149796	XAUUSD	M5	4076.13	4089.82632	4152.48085	4035.69788
1781150096	XAUUSD	M5	4076.47	4089.23543	4151.88996	4035.10699
1781150396	XAUUSD	M5	4072.83	4088.64453	4151.29906	4034.51609
1781150696	XAUUSD	M5	4067.94	4088.05364	4150.70817	4033.92520
1781150996	XAUUSD	M5	4069.09	4087.46274	4150.11728	4033.33430
1781151296	XAUUSD	M5	4071.24	4086.87185	4149.52638	4032.74341
1781155196	XAUUSD	M5	4063.41	4086.28096	4148.93549	4032.15252
1781155496	XAUUSD	M5	4050.98	4085.69006	4148.34459	4031.56162
1781155796	XAUUSD	M5	4056.10	4085.09917	4147.75370	4030.97073
1781156096	XAUUSD	M5	4047.61	4084.50827	4147.16281	4030.37983
1781156396	XAUUSD	M5	4038.36	4083.91738	4146.57191	4029.78894
1781156696	XAUUSD	M5	4044.93	4083.32649	4145.98102	4029.19805
1781156996	XAUUSD	M5	4050.73	4082.73559	4145.39012	4028.60715
1781157296	XAUUSD	M5	4065.45	4082.14470	4144.79923	4028.01626
1781157596	XAUUSD	M5	4062.93	4081.55380	4144.20834	4027.42536
1781157896	XAUUSD	M5	4062.10	4080.96291	4143.61744	4026.83447
1781158196	XAUUSD	M5	4053.82	4080.37202	4143.02655	4026.24358
1781158496	XAUUSD	M5	4046.54	4079.78112	4142.43565	4025.65268
1781158796	XAUUSD	M5	4049.66	4079.19023	4141.84476	4025.06179
1781159096	XAUUSD	M5	4040.57	4078.59933	4141.25387	4024.47089
1781159396	XAUUSD	M5	4030.16	4078.00844	4140.66297	4023.88000
1781159696	XAUUSD	M5	4039.13	4077.41755	4140.07208	4023.28911
1781159996	XAUUSD	M5	4043.53	4076.82665	4139.48119	4022.69821
1781160296	XAUUSD	M5	4061.60	4076.23576	4138.89029	4022.10732
1781160596	XAUUSD	M5	4058.03	4075.64486	4138.29940	4021.51642
1781160896	XAUUSD	M5	4060.76	4075.05397	4137.70850	4020.92553
1781161196	XAUUSD	M5	4056.24	4074.46308	4137.11761	4020.33464
1781161496	XAUUSD	M5	4050.19	4073.87218	4136.52672	4019.74374
1781161796	XAUUSD	M5	4051.02	4073.28129	4135.93582	4019.15285
1781162096	XAUUSD	M5	4047.12	4072.69040	4135.34493	4018.56195
1781162396	XAUUSD	M5	4043.72	4072.09950	4134.75403	4017.97106
1781162696	XAUUSD	M5	4043.09	4071.50861	4134.16314	4017.38017
1781162996	XAUUSD	M5	4052.25	4070.91771	4133.57225	4016.78927
1781163296	XAUUSD	M5	4065.20	4070.32682	4132.98135	4016.19838
1781163596	XAUUSD	M5	4061.46	4069.73593	4132.39046	4015.60748
1781163896	XAUUSD	M5	4067.63	4069.14503	4131.79956	4015.01659
1781164196	XAUUSD	M5	4064.22	4068.55414	4131.20867	4014.42570
1781164496	XAUUSD	M5	4063.45	4067.96324	4130.61778	4013.83480
1781164796	XAUUSD	M5	4063.41	4067.37235	4130.02688	4013.24391
1781165096	XAUUSD	M5	4071.43	4066.78146	4129.43599	4012.65301
1781165396	XAUUSD	M5	4069.26	4066.19056	4128.84509	4012.06212
1781165696	XAUUSD	M5	4075.79	4065.59967	4128.25420	4011.47123
1781165996	XAUUSD	M5	4079.27	4065.00877	4127.66331	4010.88033
1781166296	XAUUSD	M5	4078.72	4064.41788	4127.07241	4010.28944
1781166596	XAUUSD	M5	4086.85	4063.82699	4126.48152	4009.69854
1781166896	XAUUSD	M5	4094.24	4063.23609	4125.89062	4009.10765
1781167196	XAUUSD	M5	4102.65	4062.64520	4125.29973	4008.51676
1781167496	XAUUSD	M5	4104.59	4062.05430	4124.70884	4007.92586
1781167796	XAUUSD	M5	4111.11	4061.46341	4124.11794	4007.33497
1781168096	XAUUSD	M5	4114.95	4060.87252	4123.52705	4006.74407
1781168396	XAUUSD	M5	4113.80	4060.28162	4122.93615	4006.15318
1781168696	XAUUSD	M5	4111.01	4059.69073	4122.34526	4005.56229
1781168996	XAUUSD	M5	4103.99	4059.09983	4121.75437	4004.97139
1781169296	XAUUSD	M5	4101.95	4058.50894	4121.16347	4004.38050
1781169596	XAUUSD	M5	4100.85	4057.91805	4120.57258	4003.78960
1781169896	XAUUSD	M5	4094.68	4057.32715	4119.98168	4003.19871
1781170196	XAUUSD	M5	4089.56	4056.73626	4119.39079	4002.60782
1781170496	XAUUSD	M5	4093.93	4056.14536	4118.79990	4002.01692
1781170796	XAUUSD	M5	4090.07	4055.55447	4118.20900	4001.42603
1781171096	XAUUSD	M5	4082.25	4054.96358	4117.61811	4000.83514
1781171396	XAUUSD	M5	4073.00	4054.37268	4117.02721	4000.24424
1781171696	XAUUSD	M5	4066.73	4053.78179	4116.43632	3999.65335
1781171996	XAUUSD	M5	4059.48	4053.19089	4115.84543	3999.06245
1781172296	XAUUSD	M5	4054.88	4052.60000	4115.25453	3998.47156
1781172596	XAUUSD	M5	4062.64	4052.00911	4114.66364	3997.88067
1781172896	XAUUSD	M5	4067.81	4051.41821	4114.07274	3997.28977
1781173196	XAUUSD	M5	4075.02	4050.82732	4113.48185	3996.69888
1781173496	XAUUSD	M5	4076.54	4050.23642	4112.89096	3996.10798
1781173796	XAUUSD	M5	4065.66	4049.64553	4112.30006	3995.51709
1781174096	XAUUSD	M5	4065.61	4049.05464	4111.70917	3994.92620
1781174396	XAUUSD	M5	4062.83	4048.46374	4111.11827	3994.33530
1781174696	XAUUSD	M5	4063.38	4047.87285	4110.52738	3993.74441
1781174996	XAUUSD	M5	4067.28	4047.28195	4109.93649	3993.15351
1781175296	XAUUSD	M5	4070.49	4046.69106	4109.34559	3992.56262
1781175596	XAUUSD	M5	4067.40	4046.10017	4108.75470	3991.97173
1781175896	XAUUSD	M5	4065.66	4045.50927	4108.16380	3991.38083
1781176196	XAUUSD	M5	4073.08	4044.91838	4107.57291	3990.78994
1781176496	XAUUSD	M5	4072.81	4044.32748	4106.98202	3990.19904
1781176796	XAUUSD	M5	4072.71	4043.73659	4106.39112	3989.60815
1781177096	XAUUSD	M5	4080.02	4043.14570	4105.80023	3989.01726
1781177396	XAUUSD	M5	4082.89	4042.55480	4105.20933	3988.42636
1781177696	XAUUSD	M5	4081.75	4041.96391	4104.61844	3987.83547
1781177996	XAUUSD	M5	4081.29	4041.37301	4104.02755	3987.24457
1781178296	XAUUSD	M5	4077.64	4040.78212	4103.43665	3986.65368
1781178596	XAUUSD	M5	4077.79	4040.19123	4102.84576	3986.06279
1781178896	XAUUSD	M5	4078.71	4039.60033	4102.25486	3985.47189
1781179196	XAUUSD	M5	4082.01	4039.00944	4101.66397	3984.88100
1781179496	XAUUSD	M5	4083.50	4038.41854	4101.07308	3984.29010
1781179796	XAUUSD	M5	4083.79	4037.82765	4100.48218	3983.69921
1781180096	XAUUSD	M5	4082.73	4037.23676	4099.89129	3983.10832
1781180396	XAUUSD	M5	4077.83	4036.64586	4099.30040	3982.51742
1781180696	XAUUSD	M5	4079.61	4036.05497	4098.70950	3981.92653
1781180996	XAUUSD	M5	4077.44	4035.46407	4098.11861	3981.33563
1781181296	XAUUSD	M5	4079.43	4034.87318	4097.52771	3980.74474
1781181596	XAUUSD	M5	4077.06	4034.28229	4096.93682	3980.15385
1781181896	XAUUSD	M5	4075.17	4033.69139	4096.34593	3979.56295
1781182196	XAUUSD	M5	4095.02	4033.10050	4095.75503	3978.97206
1781182496	XAUUSD	M5	4093.72	4032.50960	4095.16414	3978.38116
1781182796	XAUUSD	M5	4099.58	4031.91871	4094.57324	3977.79027
1781183096	XAUUSD	M5	4100.49	4031.32782	4093.98235	3977.19938
1781183396	XAUUSD	M5	4094.02	4030.73692	4093.39146	3976.60848
1781183696	XAUUSD	M5	4094.32	4030.14603	4092.80056	3976.01759
1781183996	XAUUSD	M5	4084.67	4029.55514	4092.20967	3975.42669
1781184296	XAUUSD	M5	4080.80	4028.96424	4091.61877	3974.83580
1781184596	XAUUSD	M5	4084.48	4028.37335	4091.02788	3974.24491
1781184896	XAUUSD	M5	4086.70	4027.78245	4090.43699	3973.65401
1781185196	XAUUSD	M5	4091.27	4027.19156	4089.84609	3973.06312
1781185496	XAUUSD	M5	4086.87	4026.60067	4089.25520	3972.47222
1781185796	XAUUSD	M5	4084.24	4026.00977	4088.66430	3971.88133
1781186096	XAUUSD	M5	4088.27	4025.41888	4088.07341	3971.29044
1781186396	XAUUSD	M5	4092.79	4024.82798	4087.48252	3970.69954
1781186696	XAUUSD	M5	4091.88	4024.23709	4086.89162	3970.10865
1781186996	XAUUSD	M5	4097.56	4023.64620	4086.30073	3969.51775
1781187296	XAUUSD	M5	4094.27	4023.05530	4085.70983	3968.92686
1781187596	XAUUSD	M5	4094.94	4022.46441	4085.11894	3968.33597
1781187896	XAUUSD	M5	4093.62	4021.87351	4084.52805	3967.74507
1781188196	XAUUSD	M5	4096.84	4021.28262	4083.93715	3967.15418
1781188496	XAUUSD	M5	4105.06	4020.69173	4083.34626	3966.56328
1781188796	XAUUSD	M5	4107.76	4020.10083	4082.75536	3965.97239
1781189096	XAUUSD	M5	4107.55	4019.50994	4082.16447	3965.38150
1781189396	XAUUSD	M5	4107.16	4018.91904	4081.57358	3964.79060
1781189696	XAUUSD	M5	4104.72	4018.32815	4080.98268	3964.19971
1781189996	XAUUSD	M5	4107.62	4017.73726	4080.39179	3963.60881
1781190296	XAUUSD	M5	4103.54	4017.14636	4079.80089	3963.01792
1781190596	XAUUSD	M5	4103.11	4016.55547	4079.21000	3962.42703
1781190896	XAUUSD	M5	4105.03	4015.96457	4078.61911	3961.83613
1781191196	XAUUSD	M5	4106.14	4015.37368	4078.02821	3961.24524
1781191496	XAUUSD	M5	4111.78	4014.78279	4077.43732	3960.65435
1781191796	XAUUSD	M5	4106.28	4014.19189	4076.84642	3960.06345
1781192096	XAUUSD	M5	4105.77	4013.60100	4076.25553	3959.47256
1781192396	XAUUSD	M5	4102.93	4013.01010	4075.66464	3958.88166
1781192696	XAUUSD	M5	4097.66	4012.41921	4075.07374	3958.29077
1781192996	XAUUSD	M5	4095.36	4011.82832	4074.48285	3957.69988
1781193296	XAUUSD	M5	4095.45	4011.23742	4073.89195	3957.10898
1781193596	XAUUSD	M5	4090.64	4010.64653	4073.30106	3956.51809
1781193896	XAUUSD	M5	4089.32	4010.05563	4072.71017	3955.92719
1781194196	XAUUSD	M5	4086.91	4009.46474	4072.11927	3955.33630
1781194496	XAUUSD	M5	4084.64	4008.87385	4071.52838	3954.74541
1781194796	XAUUSD	M5	4085.21	4008.28295	4070.93748	3954.15451
1781195096	XAUUSD	M5	4080.94	4007.69206	4070.34659	3953.56362
1781195396	XAUUSD	M5	4086.04	4007.10116	4069.75570	3952.97272
1781195696	XAUUSD	M5	4086.76	4006.51027	4069.16480	3952.38183
1781195996	XAUUSD	M5	4085.13	4005.91938	4068.57391	3951.79094
1781196296	XAUUSD	M5	4079.48	4005.32848	4067.98301	3951.20004
1781196596	XAUUSD	M5	4080.69	4004.73759	4067.39212	3950.60915
1781196896	XAUUSD	M5	4088.69	4004.14669	4066.80123	3950.01825
1781197196	XAUUSD	M5	4091.70	4003.55580	4066.21033	3949.42736
1781197496	XAUUSD	M5	4094.04	4002.96491	4065.61944	3948.83647
1781197796	XAUUSD	M5	4094.05	4002.37401	4065.02854	3948.24557
1781198096	XAUUSD	M5	4091.69	4001.78312	4064.43765	3947.65468
1781198396	XAUUSD	M5	4091.86	4001.19222	4063.84676	3947.06378
1781198696	XAUUSD	M5	4090.63	4000.60133	4063.25586	3946.47289
1781198996	XAUUSD	M5	4092.21	4000.01044	4062.66497	3945.88200
1781199296	XAUUSD	M5	4086.93	3999.41954	4062.07407	3945.29110
1781199596	XAUUSD	M5	4093.76	3998.82865	4061.48318	3944.70021
1781199896	XAUUSD	M5	4087.99	3998.23775	4060.89229	3944.10931
1781200196	XAUUSD	M5	4092.40	3997.64686	4060.30139	3943.51842
1781200496	XAUUSD	M5	4090.99	3997.05597	4059.71050	3942.92753
1781200796	XAUUSD	M5	4090.56	3996.46507	4059.11960	3942.33663
1781201096	XAUUSD	M5	4088.60	3995.87418	4058.52871	3941.74574
1781201396	XAUUSD	M5	4089.80	3995.28328	4057.93782	3941.15484
1781201696	XAUUSD	M5	4089.97	3994.69239	4057.34692	3940.56395
1781201996	XAUUSD	M5	4091.91	3994.10150	4056.75603	3939.97306
1781202296	XAUUSD	M5	4091.34	3993.51060	4056.16514	3939.38216
1781202596	XAUUSD	M5	4086.59	3992.91971	4055.57424	3938.79127
1781202896	XAUUSD	M5	4086.81	3992.32881	4054.98335	3938.20037
1781203196	XAUUSD	M5	4086.38	3991.73792	4054.39245	3937.60948
1781203496	XAUUSD	M5	4090.39	3991.14703	4053.80156	3937.01859
1781203796	XAUUSD	M5	4088.30	3990.55613	4053.21067	3936.42769
1781204096	XAUUSD	M5	4083.40	3989.96524	4052.61977	3935.83680
1781204396	XAUUSD	M5	4084.94	3989.37435	4052.02888	3935.24590
1781204696	XAUUSD	M5	4085.16	3988.78345	4051.43798	3934.65501
1781204996	XAUUSD	M5	4086.19	3988.19256	4050.84709	3934.06412
1781205296	XAUUSD	M5	4080.34	3987.60166	4050.25620	3933.47322
1781205596	XAUUSD	M5	4086.53	3987.01077	4049.66530	3932.88233
1781205896	XAUUSD	M5	4079.94	3986.41988	4049.07441	3932.29143
1781206196	XAUUSD	M5	4076.41	3985.82898	4048.48351	3931.70054
1781206496	XAUUSD	M5	4075.14	3985.23809	4047.89262	3931.10965
1781206796	XAUUSD	M5	4069.00	3984.64719	4047.30173	3930.51875
1781207096	XAUUSD	M5	4069.08	3984.05630	4046.71083	3929.92786
1781207396	XAUUSD	M5	4062.56	3983.46541	4046.11994	3929.33696
1781207696	XAUUSD	M5	4065.94	3982.87451	4045.52904	3928.74607
1781207996	XAUUSD	M5	4073.40	3982.28362	4044.93815	3928.15518
1781208296	XAUUSD	M5	4077.31	3981.69272	4044.34726	3927.56428
1781208596	XAUUSD	M5	4080.14	3981.10183	4043.75636	3926.97339
1781208896	XAUUSD	M5	4082.22	3980.51094	4043.16547	3926.38249
1781209196	XAUUSD	M5	4083.88	3979.92004	4042.57457	3925.79160
1781209496	XAUUSD	M5	4085.84	3979.32915	4041.98368	3925.20071
1781209796	XAUUSD	M5	4073.21	3978.73825	4041.39279	3924.60981
1781210096	XAUUSD	M5	4072.88	3978.14736	4040.80189	3924.01892
1781210396	XAUUSD	M5	4075.95	3977.55647	4040.21100	3923.42802
1781210696	XAUUSD	M5	4075.71	3976.96557	4039.62010	3922.83713
1781210996	XAUUSD	M5	4075.30	3976.37468	4039.02921	3922.24624
1781211296	XAUUSD	M5	4072.51	3975.78378	4038.43832	3921.65534
1781211596	XAUUSD	M5	4076.28	3975.19289	4037.84742	3921.06445
1781211896	XAUUSD	M5	4083.92	3974.60200	4037.25653	3920.47356
1781212196	XAUUSD	M5	4084.96	3974.01110	4036.66563	3919.88266
1781212496	XAUUSD	M5	4083.18	3973.42021	4036.07474	3919.29177
1781212796	XAUUSD	M5	4078.35	3972.82931	4035.48385	3918.70087
1781213096	XAUUSD	M5	4062.87	3972.23842	4034.89295	3918.10998
1781213396	XAUUSD	M5	4061.06	3971.64753	4034.30206	3917.51909
1781213696	XAUUSD	M5	4063.54	3971.05663	4033.71116	3916.92819
1781213996	XAUUSD	M5	4079.67	3970.46574	4033.12027	3916.33730
1781214296	XAUUSD	M5	4074.78	3969.87484	4032.52938	3915.74640
1781214596	XAUUSD	M5	4072.64	3969.28395	4031.93848	3915.15551
1781214896	XAUUSD	M5	4078.74	3968.69306	4031.34759	3914.56462
1781215196	XAUUSD	M5	4076.19	3968.10216	4030.75669	3913.97372
1781215496	XAUUSD	M5	4078.67	3967.51127	4030.16580	3913.38283
1781215796	XAUUSD	M5	4076.99	3966.92037	4029.57491	3912.79193
1781216096	XAUUSD	M5	4073.47	3966.32948	4028.98401	3912.20104
1781216396	XAUUSD	M5	4073.49	3965.73859	4028.39312	3911.61015
1781216696	XAUUSD	M5	4080.98	3965.14769	4027.80222	3911.01925
1781216996	XAUUSD	M5	4080.65	3964.55680	4027.21133	3910.42836
1781217296	XAUUSD	M5	4081.96	3963.96590	4026.62044	3909.83746
1781217596	XAUUSD	M5	4078.86	3963.37501	4026.02954	3909.24657
1781217896	XAUUSD	M5	4081.62	3962.78412	4025.43865	3908.65568
1781218196	XAUUSD	M5	4079.64	3962.19322	4024.84775	3908.06478
1781218496	XAUUSD	M5	4085.98	3961.60233	4024.25686	3907.47389
1781218796	XAUUSD	M5	4088.15	3961.01143	4023.66597	3906.88299
1781219096	XAUUSD	M5	4089.81	3960.42054	4023.07507	3906.29210
1781219396	XAUUSD	M5	4090.55	3959.82965	4022.48418	3905.70121
1781219696	XAUUSD	M5	4088.77	3959.23875	4021.89328	3905.11031
1781219996	XAUUSD	M5	4087.50	3958.64786	4021.30239	3904.51942
1781220296	XAUUSD	M5	4092.68	3958.05696	4020.71150	3903.92852
1781220596	XAUUSD	M5	4102.66	3957.46607	4020.12060	3903.33763
1781220896	XAUUSD	M5	4096.93	3956.87518	4019.52971	3902.74674
1781221196	XAUUSD	M5	4087.79	3956.28428	4018.93881	3902.15584
1781221496	XAUUSD	M5	4079.68	3955.69339	4018.34792	3901.56495
1781221796	XAUUSD	M5	4084.74	3955.10249	4017.75703	3900.97405
1781222096	XAUUSD	M5	4082.65	3954.51160	4017.16613	3900.38316
1781222396	XAUUSD	M5	4081.96	3953.92071	4016.57524	3899.79227
1781222696	XAUUSD	M5	4081.44	3953.32981	4015.98435	3899.20137
1781222996	XAUUSD	M5	4079.69	3952.73892	4015.39345	3898.61048
1781223296	XAUUSD	M5	4080.20	3952.14802	4014.80256	3898.01958
1781223596	XAUUSD	M5	4074.76	3951.55713	4014.21166	3897.42869
1781223896	XAUUSD	M5	4076.68	3950.96624	4013.62077	3896.83780
1781224196	XAUUSD	M5	4076.11	3950.37534	4013.02988	3896.24690
1781224496	XAUUSD	M5	4078.44	3949.78445	4012.43898	3895.65601
1781224796	XAUUSD	M5	4080.45	3949.19356	4011.84809	3895.06511
1781225096	XAUUSD	M5	4101.82	3948.60266	4011.25719	3894.47422
1781225396	XAUUSD	M5	4149.25	3948.01177	4010.66630	3893.88333
1781225696	XAUUSD	M5	4150.15	3947.42087	4010.07541	3893.29243
1781225996	XAUUSD	M5	4166.78	3946.82998	4009.48451	3892.70154
1781226296	XAUUSD	M5	4154.09	3946.23909	4008.89362	3892.11064
1781226596	XAUUSD	M5	4153.43	3945.64819	4008.30272	3891.51975
1781226896	XAUUSD	M5	4151.83	3945.05730	4007.71183	3890.92886
1781227196	XAUUSD	M5	4138.69	3944.46640	4007.12094	3890.33796
1781227496	XAUUSD	M5	4135.62	3943.87551	4006.53004	3889.74707
1781227796	XAUUSD	M5	4146.93	3943.28462	4005.93915	3889.15617
1781228096	XAUUSD	M5	4161.23	3942.69372	4005.34825	3888.56528
1781228396	XAUUSD	M5	4155.83	3942.10283	4004.75736	3887.97439
1781228696	XAUUSD	M5	4152.94	3941.51193	4004.16647	3887.38349
1781228996	XAUUSD	M5	4154.02	3940.92104	4003.57557	3886.79260
1781229296	XAUUSD	M5	4156.45	3940.33015	4002.98468	3886.20170
1781229596	XAUUSD	M5	4164.79	3939.73925	4002.39378	3885.61081
1781229896	XAUUSD	M5	4168.14	3939.14836	4001.80289	3885.01992
1781230196	XAUUSD	M5	4164.81	3938.55746	4001.21200	3884.42902
1781230496	XAUUSD	M5	4161.80	3937.96657	4000.62110	3883.83813
1781230796	XAUUSD	M5	4174.33	3937.37568	4000.03021	3883.24723
1781231096	XAUUSD	M5	4174.18	3936.78478	3999.43931	3882.65634
1781231396	XAUUSD	M5	4188.24	3936.19389	3998.84842	3882.06545
1781231696	XAUUSD	M5	4195.56	3935.60299	3998.25753	3881.47455
1781231996	XAUUSD	M5	4191.80	3935.01210	3997.66663	3880.88366
1781232296	XAUUSD	M5	4195.57	3934.42121	3997.07574	3880.29277
1781232596	XAUUSD	M5	4214.77	3933.83031	3996.48484	3879.70187
1781232896	XAUUSD	M5	4208.51	3933.23942	3995.89395	3879.11098
1781233196	XAUUSD	M5	4210.32	3932.64852	3995.30306	3878.52008
1781233496	XAUUSD	M5	4210.09	3932.05763	3994.71216	3877.92919
1781233796	XAUUSD	M5	4215.31	3931.46674	3994.12127	3877.33830
1781234096	XAUUSD	M5	4209.02	3930.87584	3993.53037	3876.74740
1781234396	XAUUSD	M5	4208.40	3930.28495	3992.93948	3876.15651
1781234696	XAUUSD	M5	4214.85	3929.69405	3992.34859	3875.56561
1781234996	XAUUSD	M5	4213.76	3929.10316	3991.75769	3874.97472
1781235296	XAUUSD	M5	4213.41	3928.51227	3991.16680	3874.38383
1781235596	XAUUSD	M5	4215.75	3927.92137	3990.57590	3873.79293
1781235896	XAUUSD	M5	4214.11	3927.33048	3989.98501	3873.20204
1781236196	XAUUSD	M5	4213.68	3926.73958	3989.39412	3872.61114
1781236496	XAUUSD	M5	4211.03	3926.14869	3988.80322	3872.02025
1781236796	XAUUSD	M5	4209.73	3925.55780	3988.21233	3871.42936
1781237096	XAUUSD	M5	4211.29	3924.96690	3987.62143	3870.83846
1781237396	XAUUSD	M5	4212.17	3924.37601	3987.03054	3870.24757
1781237696	XAUUSD	M5	4210.88	3923.78511	3986.43965	3869.65667
1781241596	XAUUSD	M5	4208.50	3923.19422	3985.84875	3869.06578
1781241896	XAUUSD	M5	4209.46	3922.60333	3985.25786	3868.47489
1781242196	XAUUSD	M5	4209.72	3922.01243	3984.66696	3867.88399
1781242496	XAUUSD	M5	4208.19	3921.42154	3984.07607	3867.29310
1781242796	XAUUSD	M5	4206.47	3920.83064	3983.48518	3866.70220
1781243096	XAUUSD	M5	4214.85	3920.23975	3982.89428	3866.11131
1781243396	XAUUSD	M5	4214.12	3919.64886	3982.30339	3865.52042
1781243696	XAUUSD	M5	4215.57	3919.05796	3981.71249	3864.92952
1781243996	XAUUSD	M5	4225.95	3918.46707	3981.12160	3864.33863
1781244296	XAUUSD	M5	4232.06	3917.87617	3980.53071	3863.74773
1781244596	XAUUSD	M5	4235.64	3917.28528	3979.93981	3863.15684
1781244896	XAUUSD	M5	4243.42	3916.69439	3979.34892	3862.56595
1781245196	XAUUSD	M5	4227.21	3916.10349	3978.75802	3861.97505
1781245496	XAUUSD	M5	4225.92	3915.51260	3978.16713	3861.38416
1781245796	XAUUSD	M5	4223.82	3914.92170	3977.57624	3860.79326
1781246096	XAUUSD	M5	4222.45	3914.33081	3976.98534	3860.20237
1781246396	XAUUSD	M5	4216.09	3913.73992	3976.39445	3859.61148
1781246696	XAUUSD	M5	4216.80	3913.14902	3975.80356	3859.02058
1781246996	XAUUSD	M5	4216.63	3912.55813	3975.21266	3858.42969
1781247296	XAUUSD	M5	4216.64	3911.96723	3974.62177	3857.83879
1781247596	XAUUSD	M5	4219.28	3911.37634	3974.03087	3857.24790
1781247896	XAUUSD	M5	4219.33	3910.78545	3973.43998	3856.65701
1781248196	XAUUSD	M5	4216.29	3910.19455	3972.84909	3856.06611
1781248496	XAUUSD	M5	4219.85	3909.60366	3972.25819	3855.47522
1781248796	XAUUSD	M5	4219.16	3909.01277	3971.66730	3854.88432
1781249096	XAUUSD	M5	4217.27	3908.42187	3971.07640	3854.29343
1781249396	XAUUSD	M5	4216.87	3907.83098	3970.48551	3853.70254
1781249696	XAUUSD	M5	4216.42	3907.24008	3969.89462	3853.11164
1781249996	XAUUSD	M5	4223.84	3906.64919	3969.30372	3852.52075
1781250296	XAUUSD	M5	4220.39	3906.05830	3968.71283	3851.92985
1781250596	XAUUSD	M5	4221.43	3905.46740	3968.12193	3851.33896
1781250896	XAUUSD	M5	4214.81	3904.87651	3967.53104	3850.74807
1781251196	XAUUSD	M5	4203.54	3904.28561	3966.94015	3850.15717
1781251496	XAUUSD	M5	4201.96	3903.69472	3966.34925	3849.56628
1781251796	XAUUSD	M5	4200.88	3903.10383	3965.75836	3848.97538
1781252096	XAUUSD	M5	4208.28	3902.51293	3965.16746	3848.38449
1781252396	XAUUSD	M5	4185.07	3901.92204	3964.57657	3847.79360
1781252696	XAUUSD	M5	4193.19	3901.33114	3963.98568	3847.20270
1781252996	XAUUSD	M5	4186.98	3900.74025	3963.39478	3846.61181
1781253296	XAUUSD	M5	4189.29	3900.14936	3962.80389	3846.02091
1781253596	XAUUSD	M5	4189.49	3899.55846	3962.21299	3845.43002
1781253896	XAUUSD	M5	4181.08	3898.96757	3961.62210	3844.83913
1781254196	XAUUSD	M5	4179.96	3898.37667	3961.03121	3844.24823
1781254496	XAUUSD	M5	4179.15	3897.78578	3960.44031	3843.65734
1781254796	XAUUSD	M5	4179.27	3897.19489	3959.84942	3843.06644
1781255096	XAUUSD	M5	4191.42	3896.60399	3959.25852	3842.47555
1781255396	XAUUSD	M5	4186.37	3896.01310	3958.66763	3841.88466
1781255696	XAUUSD	M5	4186.75	3895.42220	3958.07674	3841.29376
1781255996	XAUUSD	M5	4191.14	3894.83131	3957.48584	3840.70287
1781256296	XAUUSD	M5	4197.35	3894.24042	3956.89495	3840.11198
1781256596	XAUUSD	M5	4193.93	3893.64952	3956.30405	3839.52108
1781256896	XAUUSD	M5	4192.78	3893.05863	3955.71316	3838.93019
1781257196	XAUUSD	M5	4191.27	3892.46773	3955.12227	3838.33929
1781257496	XAUUSD	M5	4188.66	3891.87684	3954.53137	3837.74840
1781257796	XAUUSD	M5	4183.07	3891.28595	3953.94048	3837.15751
1781258096	XAUUSD	M5	4188.97	3890.69505	3953.34958	3836.56661
1781258396	XAUUSD	M5	4186.14	3890.10416	3952.75869	3835.97572
1781258696	XAUUSD	M5	4190.62	3889.51326	3952.16780	3835.38482
1781258996	XAUUSD	M5	4188.90	3888.92237	3951.57690	3834.79393
1781259296	XAUUSD	M5	4191.58	3888.33148	3950.98601	3834.20304
1781259596	XAUUSD	M5	4192.08	3887.74058	3950.39511	3833.61214
1781259896	XAUUSD	M5	4192.72	3887.14969	3949.80422	3833.02125
1781260196	XAUUSD	M5	4194.01	3886.55879	3949.21333	3832.43035
1781260496	XAUUSD	M5	4196.24	3885.96790	3948.62243	3831.83946
1781260796	XAUUSD	M5	4197.63	3885.37701	3948.03154	3831.24857
1781261096	XAUUSD	M5	4203.50	3884.78611	3947.44064	3830.65767
1781261396	XAUUSD	M5	4203.86	3884.19522	3946.84975	3830.06678
1781261696	XAUUSD	M5	4202.13	3883.60432	3946.25886	3829.47588
1781261996	XAUUSD	M5	4199.23	3883.01343	3945.66796	3828.88499
1781262296	XAUUSD	M5	4197.43	3882.42254	3945.07707	3828.29410
1781262596	XAUUSD	M5	4200.59	3881.83164	3944.48617	3827.70320
1781262896	XAUUSD	M5	4197.00	3881.24075	3943.89528	3827.11231
1781263196	XAUUSD	M5	4197.21	3880.64985	3943.30439	3826.52141
1781263496	XAUUSD	M5	4196.35	3880.05896	3942.71349	3825.93052
1781263796	XAUUSD	M5	4194.32	3879.46807	3942.12260	3825.33963
1781264096	XAUUSD	M5	4192.11	3878.87717	3941.53170	3824.74873
1781264396	XAUUSD	M5	4193.15	3878.28628	3940.94081	3824.15784
1781264696	XAUUSD	M5	4192.74	3877.69538	3940.34992	3823.56694
1781264996	XAUUSD	M5	4195.74	3877.10449	3939.75902	3822.97605
1781265296	XAUUSD	M5	4195.38	3876.51360	3939.16813	3822.38516
1781265596	XAUUSD	M5	4193.50	3875.92270	3938.57723	3821.79426
1781265896	XAUUSD	M5	4191.07	3875.33181	3937.98634	3821.20337
1781266196	XAUUSD	M5	4192.44	3874.74091	3937.39545	3820.61247
1781266496	XAUUSD	M5	4190.09	3874.15002	3936.80455	3820.02158
1781266796	XAUUSD	M5	4188.10	3873.55913	3936.21366	3819.43069
1781267096	XAUUSD	M5	4185.29	3872.96823	3935.62277	3818.83979
1781267396	XAUUSD	M5	4188.81	3872.37734	3935.03187	3818.24890
1781267696	XAUUSD	M5	4186.06	3871.78644	3934.44098	3817.65800
1781267996	XAUUSD	M5	4187.09	3871.19555	3933.85008	3817.06711
1781268296	XAUUSD	M5	4187.11	3870.60466	3933.25919	3816.47622
1781268596	XAUUSD	M5	4180.40	3870.01376	3932.66830	3815.88532
1781268896	XAUUSD	M5	4174.99	3869.42287	3932.07740	3815.29443
1781269196	XAUUSD	M5	4180.37	3868.83198	3931.48651	3814.70353
1781269496	XAUUSD	M5	4179.09	3868.24108	3930.89561	3814.11264
1781269796	XAUUSD	M5	4175.31	3867.65019	3930.30472	3813.52175
1781270096	XAUUSD	M5	4173.40	3867.05929	3929.71383	3812.93085
1781270396	XAUUSD	M5	4181.28	3866.46840	3929.12293	3812.33996
1781270696	XAUUSD	M5	4181.83	3865.87751	3928.53204	3811.74906
1781270996	XAUUSD	M5	4182.93	3865.28661	3927.94114	3811.15817
1781271296	XAUUSD	M5	4180.68	3864.69572	3927.35025	3810.56728
1781271596	XAUUSD	M5	4180.37	3864.10482	3926.75936	3809.97638
1781271896	XAUUSD	M5	4182.10	3863.51393	3926.16846	3809.38549
1781272196	XAUUSD	M5	4177.50	3862.92304	3925.57757	3808.79459
1781272496	XAUUSD	M5	4177.97	3862.33214	3924.98667	3808.20370
1781272796	XAUUSD	M5	4176.49	3861.74125	3924.39578	3807.61281
1781273096	XAUUSD	M5	4176.39	3861.15035	3923.80489	3807.02191
1781273396	XAUUSD	M5	4178.48	3860.55946	3923.21399	3806.43102
1781273696	XAUUSD	M5	4184.20	3859.96857	3922.62310	3805.84012
1781273996	XAUUSD	M5	4178.35	3859.37767	3922.03220	3805.24923
1781274296	XAUUSD	M5	4180.60	3858.78678	3921.44131	3804.65834
1781274596	XAUUSD	M5	4178.24	3858.19588	3920.85042	3804.06744
1781274896	XAUUSD	M5	4177.36	3857.60499	3920.25952	3803.47655
1781275196	XAUUSD	M5	4178.19	3857.01410	3919.66863	3802.88565
1781275496	XAUUSD	M5	4174.07	3856.42320	3919.07773	3802.29476
1781275796	XAUUSD	M5	4173.88	3855.83231	3918.48684	3801.70387
1781276096	XAUUSD	M5	4178.58	3855.24141	3917.89595	3801.11297
1781276396	XAUUSD	M5	4183.10	3854.65052	3917.30505	3800.52208
1781276696	XAUUSD	M5	4175.14	3854.05963	3916.71416	3799.93119
1781276996	XAUUSD	M5	4175.63	3853.46873	3916.12326	3799.34029
1781277296	XAUUSD	M5	4193.89	3852.87784	3915.53237	3798.74940
1781277596	XAUUSD	M5	4197.91	3852.28694	3914.94148	3798.15850
1781277896	XAUUSD	M5	4201.94	3851.69605	3914.35058	3797.56761
1781278196	XAUUSD	M5	4203.73	3851.10516	3913.75969	3796.97672
1781278496	XAUUSD	M5	4217.95	3850.51426	3913.16879	3796.38582
1781278796	XAUUSD	M5	4218.09	3849.92337	3912.57790	3795.79493
1781279096	XAUUSD	M5	4213.23	3849.33247	3911.98701	3795.20403
1781279396	XAUUSD	M5	4218.40	3848.74158	3911.39611	3794.61314
1781279696	XAUUSD	M5	4221.42	3848.15069	3910.80522	3794.02225
1781279996	XAUUSD	M5	4218.37	3847.55979	3910.21432	3793.43135
1781280296	XAUUSD	M5	4218.54	3846.96890	3909.62343	3792.84046
1781280596	XAUUSD	M5	4221.71	3846.37800	3909.03254	3792.24956
1781280896	XAUUSD	M5	4219.59	3845.78711	3908.44164	3791.65867
1781281196	XAUUSD	M5	4221.55	3845.19622	3907.85075	3791.06778
1781281496	XAUUSD	M5	4222.58	3844.60532	3907.25985	3790.47688
1781281796	XAUUSD	M5	4224.25	3844.01443	3906.66896	3789.88599
1781282096	XAUUSD	M5	4223.55	3843.42353	3906.07807	3789.29509
1781282396	XAUUSD	M5	4222.32	3842.83264	3905.48717	3788.70420
1781282696	XAUUSD	M5	4220.94	3842.24175	3904.89628	3788.11331
1781282996	XAUUSD	M5	4225.82	3841.65085	3904.30538	3787.52241
1781283296	XAUUSD	M5	4223.41	3841.05996	3903.71449	3786.93152
1781283596	XAUUSD	M5	4225.36	3840.46906	3903.12360	3786.34062
1781283896	XAUUSD	M5	4223.89	3839.87817	3902.53270	3785.74973
1781284196	XAUUSD	M5	4223.49	3839.28728	3901.94181	3785.15884
1781284496	XAUUSD	M5	4221.95	3838.69638	3901.35091	3784.56794
1781284796	XAUUSD	M5	4222.18	3838.10549	3900.76002	3783.97705
1781285096	XAUUSD	M5	4224.67	3837.51459	3900.16913	3783.38615
1781285396	XAUUSD	M5	4221.64	3836.92370	3899.57823	3782.79526
1781285696	XAUUSD	M5	4217.82	3836.33281	3898.98734	3782.20437
1781285996	XAUUSD	M5	4213.50	3835.74191	3898.39644	3781.61347
1781286296	XAUUSD	M5	4206.87	3835.15102	3897.80555	3781.02258
1781286596	XAUUSD	M5	4214.77	3834.56012	3897.21466	3780.43168
1781286896	XAUUSD	M5	4215.57	3833.96923	3896.62376	3779.84079
1781287196	XAUUSD	M5	4215.40	3833.37834	3896.03287	3779.24990
1781287496	XAUUSD	M5	4215.52	3832.78744	3895.44198	3778.65900
1781287796	XAUUSD	M5	4213.21	3832.19655	3894.85108	3778.06811
1781288096	XAUUSD	M5	4210.97	3831.60565	3894.26019	3777.47721
1781288396	XAUUSD	M5	4206.10	3831.01476	3893.66929	3776.88632
1781288696	XAUUSD	M5	4207.67	3830.42387	3893.07840	3776.29543
1781288996	XAUUSD	M5	4207.46	3829.83297	3892.48751	3775.70453
1781289296	XAUUSD	M5	4206.00	3829.24208	3891.89661	3775.11364
1781289596	XAUUSD	M5	4209.68	3828.65119	3891.30572	3774.52274
1781289896	XAUUSD	M5	4202.51	3828.06029	3890.71482	3773.93185
1781290196	XAUUSD	M5	4199.71	3827.46940	3890.12393	3773.34096
1781290496	XAUUSD	M5	4202.45	3826.87850	3889.53304	3772.75006
1781290796	XAUUSD	M5	4209.66	3826.28761	3888.94214	3772.15917
1781291096	XAUUSD	M5	4210.17	3825.69672	3888.35125	3771.56827
1781291396	XAUUSD	M5	4214.87	3825.10582	3887.76035	3770.97738
1781291696	XAUUSD	M5	4206.94	3824.51493	3887.16946	3770.38649
1781291996	XAUUSD	M5	4206.04	3823.92403	3886.57857	3769.79559
1781292296	XAUUSD	M5	4207.75	3823.33314	3885.98767	3769.20470
1781292596	XAUUSD	M5	4214.26	3822.74225	3885.39678	3768.61380
1781292896	XAUUSD	M5	4211.72	3822.15135	3884.80588	3768.02291
1781293196	XAUUSD	M5	4203.64	3821.56046	3884.21499	3767.43202
1781293496	XAUUSD	M5	4201.12	3820.96956	3883.62410	3766.84112
1781293796	XAUUSD	M5	4199.80	3820.37867	3883.03320	3766.25023
1781294096	XAUUSD	M5	4192.75	3819.78778	3882.44231	3765.65933
1781294396	XAUUSD	M5	4196.81	3819.19688	3881.85141	3765.06844
1781294696	XAUUSD	M5	4197.06	3818.60599	3881.26052	3764.47755
1781294996	XAUUSD	M5	4193.69	3818.01509	3880.66963	3763.88665
1781295296	XAUUSD	M5	4191.72	3817.42420	3880.07873	3763.29576
1781295596	XAUUSD	M5	4197.05	3816.83331	3879.48784	3762.70486
1781295896	XAUUSD	M5	4199.87	3816.24241	3878.89694	3762.11397
1781296196	XAUUSD	M5	4198.43	3815.65152	3878.30605	3761.52308
1781296496	XAUUSD	M5	4202.48	3815.06062	3877.71516	3760.93218
1781296796	XAUUSD	M5	4203.90	3814.46973	3877.12426	3760.34129
1781297096	XAUUSD	M5	4202.97	3813.87884	3876.53337	3759.75040
1781297396	XAUUSD	M5	4198.98	3813.28794	3875.94247	3759.15950
1781297696	XAUUSD	M5	4207.43	3812.69705	3875.35158	3758.56861
1781297996	XAUUSD	M5	4190.97	3812.10615	3874.76069	3757.97771
1781298296	XAUUSD	M5	4190.82	3811.51526	3874.16979	3757.38682
1781298596	XAUUSD	M5	4189.48	3810.92437	3873.57890	3756.79593
1781298896	XAUUSD	M5	4186.13	3810.33347	3872.98800	3756.20503
1781299196	XAUUSD	M5	4194.39	3809.74258	3872.39711	3755.61414
1781299496	XAUUSD	M5	4198.31	3809.15168	3871.80622	3755.02324
1781299796	XAUUSD	M5	4193.28	3808.56079	3871.21532	3754.43235
1781300096	XAUUSD	M5	4190.19	3807.96990	3870.62443	3753.84146
1781300396	XAUUSD	M5	4187.32	3807.37900	3870.03353	3753.25056
1781300696	XAUUSD	M5	4188.55	3806.78811	3869.44264	3752.65967
1781300996	XAUUSD	M5	4186.85	3806.19721	3868.85175	3752.06877
1781301296	XAUUSD	M5	4191.99	3805.60632	3868.26085	3751.47788
1781301596	XAUUSD	M5	4184.57	3805.01543	3867.66996	3750.88699
1781301896	XAUUSD	M5	4182.99	3804.42453	3867.07906	3750.29609
1781302196	XAUUSD	M5	4207.59	3803.83364	3866.48817	3749.70520
1781302496	XAUUSD	M5	4203.99	3803.24274	3865.89728	3749.11430
1781302796	XAUUSD	M5	4203.36	3802.65185	3865.30638	3748.52341
1781303096	XAUUSD	M5	4208.67	3802.06096	3864.71549	3747.93252
1781303396	XAUUSD	M5	4214.07	3801.47006	3864.12459	3747.34162
1781303696	XAUUSD	M5	4215.11	3800.87917	3863.53370	3746.75073
1781303996	XAUUSD	M5	4228.06	3800.28827	3862.94281	3746.15983
1781304296	XAUUSD	M5	4225.83	3799.69738	3862.35191	3745.56894
1781304596	XAUUSD	M5	4219.28	3799.10649	3861.76102	3744.97805
1781304896	XAUUSD	M5	4218.89	3798.51559	3861.17012	3744.38715
1781305196	XAUUSD	M5	4211.13	3797.92470	3860.57923	3743.79626
1781305496	XAUUSD	M5	4207.79	3797.33380	3859.98834	3743.20536
1781305796	XAUUSD	M5	4215.63	3796.74291	3859.39744	3742.61447
1781306096	XAUUSD	M5	4212.13	3796.15202	3858.80655	3742.02358
1781306396	XAUUSD	M5	4209.66	3795.56112	3858.21565	3741.43268
1781306696	XAUUSD	M5	4213.35	3794.97023	3857.62476	3740.84179
1781306996	XAUUSD	M5	4221.70	3794.37933	3857.03387	3740.25089
1781307296	XAUUSD	M5	4223.85	3793.78844	3856.44297	3739.66000
1781307596	XAUUSD	M5	4218.42	3793.19755	3855.85208	3739.06911
1781307896	XAUUSD	M5	4216.99	3792.60665	3855.26119	3738.47821
1781308196	XAUUSD	M5	4217.93	3792.01576	3854.67029	3737.88732
1781308496	XAUUSD	M5	4217.01	3791.42486	3854.07940	3737.29642
1781308796	XAUUSD	M5	4213.31	3790.83397	3853.48850	3736.70553
1781309096	XAUUSD	M5	4213.49	3790.24308	3852.89761	3736.11464
1781309396	XAUUSD	M5	4215.38	3789.65218	3852.30672	3735.52374
1781309696	XAUUSD	M5	4216.46	3789.06129	3851.71582	3734.93285
1781309996	XAUUSD	M5	4220.50	3788.47040	3851.12493	3734.34195
1781310296	XAUUSD	M5	4220.71	3787.87950	3850.53403	3733.75106
1781310596	XAUUSD	M5	4218.42	3787.28861	3849.94314	3733.16017
1781310896	XAUUSD	M5	4217.86	3786.69771	3849.35225	3732.56927
1781311196	XAUUSD	M5	4221.04	3786.10682	3848.76135	3731.97838
1781311496	XAUUSD	M5	4218.86	3785.51593	3848.17046	3731.38748
1781311796	XAUUSD	M5	4220.00	3784.92503	3847.57956	3730.79659
1781312096	XAUUSD	M5	4218.48	3784.33414	3846.98867	3730.20570
1781312396	XAUUSD	M5	4222.36	3783.74324	3846.39778	3729.61480
1781312696	XAUUSD	M5	4223.31	3783.15235	3845.80688	3729.02391
1781312996	XAUUSD	M5	4223.56	3782.56146	3845.21599	3728.43301
1781313296	XAUUSD	M5	4221.31	3781.97056	3844.62509	3727.84212
1781313596	XAUUSD	M5	4219.74	3781.37967	3844.03420	3727.25123
1781313896	XAUUSD	M5	4220.71	3780.78877	3843.44331	3726.66033
1781314196	XAUUSD	M5	4227.04	3780.19788	3842.85241	3726.06944
1781314496	XAUUSD	M5	4229.40	3779.60699	3842.26152	3725.47854
1781314796	XAUUSD	M5	4229.03	3779.01609	3841.67062	3724.88765
1781315096	XAUUSD	M5	4226.53	3778.42520	3841.07973	3724.29676
1781315396	XAUUSD	M5	4227.34	3777.83430	3840.48884	3723.70586
1781315696	XAUUSD	M5	4226.39	3777.24341	3839.89794	3723.11497
1781315996	XAUUSD	M5	4229.29	3776.65252	3839.30705	3722.52407
1781316296	XAUUSD	M5	4222.90	3776.06162	3838.71615	3721.93318
1781316596	XAUUSD	M5	4221.94	3775.47073	3838.12526	3721.34229
1781316896	XAUUSD	M5	4215.52	3774.87983	3837.53437	3720.75139
1781317196	XAUUSD	M5	4217.64	3774.28894	3836.94347	3720.16050
1781317496	XAUUSD	M5	4217.63	3773.69805	3836.35258	3719.56960
1781317796	XAUUSD	M5	4217.59	3773.10715	3835.76168	3718.97871
1781318096	XAUUSD	M5	4215.06	3772.51626	3835.17079	3718.38782
1781318396	XAUUSD	M5	4210.40	3771.92536	3834.57990	3717.79692
1781318696	XAUUSD	M5	4208.53	3771.33447	3833.98900	3717.20603
1781318996	XAUUSD	M5	4204.35	3770.74358	3833.39811	3716.61514
1781319296	XAUUSD	M5	4205.36	3770.15268	3832.80721	3716.02424
1781319596	XAUUSD	M5	4205.22	3769.56179	3832.21632	3715.43335
1781319896	XAUUSD	M5	4207.12	3768.97089	3831.62543	3714.84245
1781320196	XAUUSD	M5	4206.81	3768.38000	3831.03453	3714.25156
1781320496	XAUUSD	M5	4210.77	3767.78911	3830.44364	3713.66067
1781320796	XAUUSD	M5	4210.94	3767.19821	3829.85274	3713.06977
1781321096	XAUUSD	M5	4211.15	3766.60732	3829.26185	3712.47888
1781321396	XAUUSD	M5	4212.56	3766.01642	3828.67096	3711.88798
1781321696	XAUUSD	M5	4214.40	3765.42553	3828.08006	3711.29709
1781321996	XAUUSD	M5	4214.30	3764.83464	3827.48917	3710.70620
1781322296	XAUUSD	M5	4214.43	3764.24374	3826.89827	3710.11530
1781322596	XAUUSD	M5	4213.74	3763.65285	3826.30738	3709.52441
1781322896	XAUUSD	M5	4214.06	3763.06195	3825.71649	3708.93351
1781323196	XAUUSD	M5	4213.73	3762.47106	3825.12559	3708.34262
1781323496	XAUUSD	M5	4215.05	3761.88017	3824.53470	3707.75173
1781323796	XAUUSD	M5	4216.90	3761.28927	3823.94380	3707.16083
1781324096	XAUUSD	M5	4218.91	3760.69838	3823.35291	3706.56994
