timestamp	symbol	timeframe	close	ha_open	ha_high	ha_low	ha_close	ha_color	ha_body_size	ha_body_zscore	ha_trend
1744153200	XAUUSD	M5	5192.82	5192.84	5193.54	5192.02	5192.91	1	0.06	-1.05857	1
1744153500	XAUUSD	M5	5193.25	5192.76	5195.22	5190.54	5192.93	1	0.16	-1.02754	2
1744153800	XAUUSD	M5	5192.69	5192.8	5193.56	5192.05	5192.72	-1	0.08	-1.05956	-1
1744154100	XAUUSD	M5	5192.61	5193.74	5193.74	5190.49	5191.86	-1	1.88	-0.37189	-2
1744154400	XAUUSD	M5	5191.38	5194.71	5194.8	5190.66	5192.78	-1	1.94	-0.35063	-3
1744154700	XAUUSD	M5	5194.26	5194.54	5195.8	5194.11	5194.89	1	0.36	-0.95659	1
1744155000	XAUUSD	M5	5195.4	5194.06	5195.57	5194.06	5195.01	1	0.95	-0.73049	2
1744155300	XAUUSD	M5	5194.86	5193.93	5195.01	5192.8	5194.18	1	0.25	-1.00256	3
1744155600	XAUUSD	M5	5194.13	5194.28	5194.75	5191.7	5193.58	-1	0.7	-0.83226	-1
1744155900	XAUUSD	M5	5193.75	5194.95	5195.37	5191.54	5193.62	-1	1.32	-0.59191	-2
1744156200	XAUUSD	M5	5193.83	5195.04	5197.1	5191.65	5194.86	-1	0.18	-1.03493	-3
1744156500	XAUUSD	M5	5196.8	5193.42	5199.09	5193.42	5196.65	1	3.23	0.14152	1
1744156800	XAUUSD	M5	5195.76	5191.91	5196.53	5191.91	5194.93	1	3.02	0.06164	2
1744157100	XAUUSD	M5	5194.08	5190.18	5195.47	5190.18	5193.64	1	3.46	0.23308	3
1744157400	XAUUSD	M5	5192.63	5188.52	5192.87	5188.52	5191.83	1	3.31	0.17177	4
1744157700	XAUUSD	M5	5191.34	5187.24	5191.52	5187.24	5189.81	1	2.56	-0.11505	5
1744158000	XAUUSD	M5	5188.61	5187.57	5188.63	5184.24	5186.91	-1	0.66	-0.8498	-1
1744158300	XAUUSD	M5	5186.18	5188.24	5188.75	5185.95	5186.91	-1	1.33	-0.59313	-2
1744158600	XAUUSD	M5	5186.58	5188.94	5188.94	5186.17	5187.54	-1	1.39	-0.57077	-3
1744158900	XAUUSD	M5	5188.56	5189.23	5189.77	5187.9	5188.65	-1	0.58	-0.8837	-4
1744159200	XAUUSD	M5	5188.35	5188.87	5191.25	5187.78	5189.58	1	0.71	-0.83432	1
1744159500	XAUUSD	M5	5191.04	5187.53	5191.72	5187.53	5190.21	1	2.67	-0.08069	2
1744159800	XAUUSD	M5	5190.19	5185.87	5193.82	5185.54	5189.2	1	3.33	0.17431	3
1744160100	XAUUSD	M5	5187.26	5185.28	5188.14	5184.36	5186.45	1	1.17	-0.65643	4
1744160400	XAUUSD	M5	5185.97	5184.24	5187.53	5184.24	5186.32	1	2.07	-0.31492	5
1744160700	XAUUSD	M5	5187.44	5182.88	5187.61	5182.88	5185.6	1	2.72	-0.07114	6
1744161000	XAUUSD	M5	5184.34	5180.97	5186.34	5180.97	5184.8	1	3.83	0.35599	7
1744161300	XAUUSD	M5	5184.69	5179.2	5184.77	5179.2	5182.74	1	3.55	0.24821	8
1744161600	XAUUSD	M5	5180.78	5179.35	5183.21	5176.09	5179.04	-1	0.31	-0.9821	-1
1744161900	XAUUSD	M5	5176.09	5180.94	5180.94	5174.34	5177.77	-1	3.17	0.10877	-2
1744162200	XAUUSD	M5	5180.52	5182.34	5184.17	5174.73	5179.53	-1	2.8	-0.02862	-3
1744162500	XAUUSD	M5	5178.87	5184.3	5184.3	5178.12	5180.38	-1	3.92	0.39805	-4
1744162800	XAUUSD	M5	5180.79	5186.17	5186.17	5180.67	5182.42	-1	3.75	0.33148	-5
1744163100	XAUUSD	M5	5183.44	5186.75	5189.35	5181.35	5185.6	-1	1.15	-0.65841	-6
1744163400	XAUUSD	M5	5188.25	5187.69	5190.04	5181.8	5185.81	-1	1.88	-0.38741	-7
1744163700	XAUUSD	M5	5183.06	5189.51	5190.97	5182.2	5185.87	-1	3.63	0.24367	-8
1744164000	XAUUSD	M5	5187.26	5190.89	5190.89	5184.77	5188.12	-1	2.78	-0.07747	-9
1744164300	XAUUSD	M5	5190.17	5190.5	5195.51	5187.74	5191.28	1	0.78	-0.78122	1
1744164600	XAUUSD	M5	5191.71	5189.17	5194.08	5189.17	5191.84	1	2.66	-0.13364	2
1744164900	XAUUSD	M5	5191.16	5188.42	5193.52	5185.1	5189.93	1	1.51	-0.535	3
1744165200	XAUUSD	M5	5189.93	5187.14	5192.2	5187.08	5189.69	1	2.55	-0.17584	4
1744165500	XAUUSD	M5	5189.54	5186.12	5192.62	5185.14	5188.16	1	2.04	-0.35149	5
1744165800	XAUUSD	M5	5185.42	5184.83	5191.43	5184.83	5187.42	1	2.59	-0.16243	6
1744166100	XAUUSD	M5	5187.99	5185.84	5188.26	5178.56	5183.82	-1	2.02	-0.36584	-1
1744166400	XAUUSD	M5	5180.54	5188.5	5188.5	5179.01	5183.17	-1	5.34	0.7806	-2
1744166700	XAUUSD	M5	5186.05	5188.51	5195.02	5183.52	5188.5	-1	0.01	-1.05827	-3
1744167000	XAUUSD	M5	5189.46	5187.74	5192.5	5187.47	5189.27	1	1.53	-0.534	1
1744167300	XAUUSD	M5	5187.53	5189.68	5189.68	5182.77	5185.8	-1	3.88	0.28227	-1
1744167600	XAUUSD	M5	5183.93	5190.17	5194.96	5182.96	5189.2	-1	0.96	-0.72743	-2
1744167900	XAUUSD	M5	5194.75	5187.89	5198.49	5187.89	5192.44	1	4.55	0.51127	1
1744168200	XAUUSD	M5	5188.31	5186.7	5192.15	5186.13	5189.08	1	2.38	-0.24233	2
1744168500	XAUUSD	M5	5189.7	5185.49	5191.1	5184.97	5187.91	1	2.42	-0.22555	3
1744168800	XAUUSD	M5	5185.97	5183.57	5190.06	5183.57	5187.41	1	3.84	0.2588	4
1744169100	XAUUSD	M5	5188.37	5181.96	5188.43	5181.29	5185.18	1	3.22	0.03865	5
1744169400	XAUUSD	M5	5182.63	5181.02	5185.18	5181.02	5182.91	1	1.88	-0.42336	6
1744169700	XAUUSD	M5	5182.32	5177.16	5189.46	5177.16	5184.89	1	7.73	1.55959	7
1744170000	XAUUSD	M5	5185.25	5171.42	5186.34	5171.42	5182.9	1	11.47	2.84699	8
1744170300	XAUUSD	M5	5180.94	5166.97	5182.62	5166.97	5175.87	1	8.89	2.00794	9
1744170600	XAUUSD	M5	5169.72	5164.06	5174.56	5164.06	5169.89	1	5.82	0.9615	10
1744170900	XAUUSD	M5	5167.67	5163.18	5169.33	5160.82	5164.94	1	1.76	-0.44543	11
1744171200	XAUUSD	M5	5161.95	5164.86	5167.3	5156.41	5161.5	-1	3.36	0.1093	-1
1744171500	XAUUSD	M5	5160.24	5167.91	5168.08	5155.71	5161.82	-1	6.09	1.04944	-2
1744171800	XAUUSD	M5	5163.13	5169.59	5170.67	5161.52	5166.22	-1	3.37	0.10149	-3
1744172100	XAUUSD	M5	5169.57	5170.78	5170.78	5165.3	5168.4	-1	2.39	-0.23621	-4
1744172400	XAUUSD	M5	5167.31	5170.25	5178.82	5166.51	5171.32	1	1.08	-0.68885	1
1744172700	XAUUSD	M5	5172.62	5169.1	5174.35	5168.71	5171.39	1	2.29	-0.27232	2
1744173000	XAUUSD	M5	5169.88	5170	5170	5164.08	5168.2	-1	1.79	-0.44432	-1
1744173300	XAUUSD	M5	5168.98	5171.33	5171.33	5165.41	5168.66	-1	2.67	-0.14742	-2
1744173600	XAUUSD	M5	5170.04	5172.85	5172.85	5167.08	5169.81	-1	3.04	-0.02164	-3
1744173900	XAUUSD	M5	5170.68	5171.91	5179.98	5170.46	5173.78	1	1.87	-0.42112	1
1744174200	XAUUSD	M5	5174.01	5173.29	5174.99	5164.29	5170.52	-1	2.77	-0.11443	-1
1744174500	XAUUSD	M5	5168.8	5172.96	5179.76	5166.24	5173.63	1	0.68	-0.83099	1
1744174800	XAUUSD	M5	5179.73	5168.01	5182.16	5168.01	5177.9	1	9.89	2.33274	2
1744175100	XAUUSD	M5	5175.34	5167.25	5178.95	5160.41	5168.78	1	1.53	-0.53805	3
1744175400	XAUUSD	M5	5164.89	5168.62	5170.52	5163.63	5165.88	-1	2.74	-0.12251	-1
1744175700	XAUUSD	M5	5164.31	5169.8	5171.4	5163.07	5167.43	-1	2.37	-0.2521	-2
1744176000	XAUUSD	M5	5170.94	5169.19	5171.59	5168.89	5170.42	1	1.23	-0.64912	1
1744176300	XAUUSD	M5	5170.25	5168.9	5170.71	5168.21	5169.47	1	0.58	-0.87491	2
1744176600	XAUUSD	M5	5168.9	5168.1	5173.48	5168.1	5169.7	1	1.6	-0.52384	3
1744176900	XAUUSD	M5	5168.22	5167.31	5171.26	5166.69	5168.89	1	1.57	-0.53789	4
1744177200	XAUUSD	M5	5169.12	5165.49	5170.51	5165.49	5169.14	1	3.65	0.17426	5
1744177500	XAUUSD	M5	5169.17	5163.51	5170.21	5163.51	5167.46	1	3.94	0.26265	6
1744177800	XAUUSD	M5	5165.38	5161.67	5173.36	5160.86	5165.36	1	3.68	0.16709	7
1744178100	XAUUSD	M5	5161.84	5161.17	5165.32	5158.55	5162.17	1	1	-0.73928	8
1744178400	XAUUSD	M5	5163.03	5162.73	5163.31	5156.06	5159.61	-1	3.12	-0.02498	-1
1744178700	XAUUSD	M5	5156.08	5170.74	5170.74	5150.5	5154.72	-1	16.02	4.34486	-2
1744179000	XAUUSD	M5	5152.16	5178.07	5178.07	5145.45	5163.41	-1	14.67	4.033	-3
1744179300	XAUUSD	M5	5178.01	5180.07	5180.59	5172.18	5176.08	-1	3.99	0.3263	-4
1744179600	XAUUSD	M5	5173.57	5184.19	5184.19	5167.27	5175.95	-1	8.24	1.85354	-5
1744179900	XAUUSD	M5	5181.48	5186.76	5186.76	5177.4	5181.61	-1	5.14	0.75625	-6
1744180200	XAUUSD	M5	5183.41	5188.2	5188.49	5181.25	5185.31	-1	2.88	-0.05329	-7
1744180500	XAUUSD	M5	5188.12	5189.88	5190.61	5180.6	5186.51	-1	3.37	0.12274	-8
1744180800	XAUUSD	M5	5186.11	5191.13	5193.35	5185.75	5188.63	-1	2.5	-0.19025	-9
1744181100	XAUUSD	M5	5189	5195.73	5195.73	5183.27	5186.53	-1	9.2	2.22434	-10
1744181400	XAUUSD	M5	5184.8	5201.41	5201.41	5183.51	5190.04	-1	11.37	3.03463	-11
1744181700	XAUUSD	M5	5195.27	5203.08	5206.05	5195.19	5199.74	-1	3.34	0.13402	-12
1744182000	XAUUSD	M5	5202.46	5203.42	5205.81	5200.96	5202.75	-1	0.67	-0.84988	-13
1744182300	XAUUSD	M5	5201.76	5204.67	5205.24	5196.81	5202.17	-1	2.49	-0.18267	-14
1744182600	XAUUSD	M5	5204.87	5204	5207.55	5203.6	5205.34	1	1.34	-0.60965	1
1744182900	XAUUSD	M5	5204.97	5203.3	5208.32	5200.63	5204.7	1	1.39	-0.58861	2
1744183200	XAUUSD	M5	5205	5202.31	5207.58	5200.29	5204.3	1	1.99	-0.36873	3
1744183500	XAUUSD	M5	5204.32	5201.83	5205.14	5200.72	5202.79	1	0.96	-0.74619	4
1744183800	XAUUSD	M5	5201	5200.99	5206.3	5200.84	5202.66	1	1.68	-0.48236	5
1744184100	XAUUSD	M5	5202.51	5199.63	5204.51	5199.62	5202.35	1	2.72	-0.09771	6
1744184400	XAUUSD	M5	5202.59	5200.08	5202.73	5194.06	5199.18	-1	0.91	-0.76479	-1
1744184700	XAUUSD	M5	5197.32	5201.97	5201.97	5194.31	5198.2	-1	3.77	0.28627	-2
1744185000	XAUUSD	M5	5200.55	5200.1	5207.22	5200.1	5203.84	1	3.75	0.27716	1
1744185300	XAUUSD	M5	5207.04	5199.96	5207.87	5191.67	5200.23	1	0.27	-1.004	2
1744185600	XAUUSD	M5	5194.29	5202.27	5202.27	5194.07	5197.65	-1	4.63	0.60153	-1
1744185900	XAUUSD	M5	5200.91	5202.87	5202.87	5200.91	5201.67	-1	1.2	-0.66245	-2
1744186200	XAUUSD	M5	5202.12	5203.37	5203.55	5201.23	5202.38	-1	0.98	-0.74888	-3
1744186500	XAUUSD	M5	5202.58	5204.63	5204.63	5200.84	5202.1	-1	2.53	-0.18097	-4
1744186800	XAUUSD	M5	5200.95	5206.22	5206.22	5200.71	5203.04	-1	3.17	0.06029	-5
1744187100	XAUUSD	M5	5205.13	5206.68	5206.68	5204.95	5205.75	-1	0.93	-0.76471	-6
1744187400	XAUUSD	M5	5206.39	5206.9	5206.9	5205.87	5206.46	-1	0.43	-0.94768	-7
1744187700	XAUUSD	M5	5206.8	5206.88	5207.29	5206.75	5206.91	1	0.03	-1.09542	1
1744188000	XAUUSD	M5	5206.8	5206.95	5207.04	5206.64	5206.81	-1	0.14	-1.05571	-1
1744188300	XAUUSD	M5	5206.77	5207	5207.28	5206.73	5206.9	-1	0.11	-1.06748	-2
1744188600	XAUUSD	M5	5206.8	5207.09	5207.29	5206.71	5206.92	-1	0.16	-1.055	-3
1744188900	XAUUSD	M5	5206.89	5207.23	5207.23	5206.72	5206.94	-1	0.28	-1.01798	-4
1744189200	XAUUSD	M5	5207.07	5207.19	5207.53	5207.02	5207.26	1	0.07	-1.0996	1
1744189500	XAUUSD	M5	5207.4	5207.25	5207.45	5206.83	5207.13	-1	0.12	-1.08705	-1
1744189800	XAUUSD	M5	5206.82	5208.34	5208.34	5203.44	5206.16	-1	2.18	-0.34537	-2
1744190100	XAUUSD	M5	5206.32	5209.51	5210.67	5204.88	5207.18	-1	2.33	-0.28958	-3
1744190400	XAUUSD	M5	5206.71	5211.78	5211.78	5204.41	5207.23	-1	4.54	0.50893	-4
1744190700	XAUUSD	M5	5208.33	5212.69	5213.79	5208.18	5210.87	-1	1.82	-0.47781	-5
1744191000	XAUUSD	M5	5213.17	5213.16	5213.46	5210.33	5212.21	-1	0.96	-0.79362	-6
1744191300	XAUUSD	M5	5211.85	5213.72	5214.42	5211.05	5212.6	-1	1.12	-0.73458	-7
1744191600	XAUUSD	M5	5213.1	5213.76	5215.97	5212.26	5213.69	-1	0.08	-1.11736	-8
1744191900	XAUUSD	M5	5213.27	5213.8	5215.65	5211.46	5213.72	-1	0.08	-1.1209	-9
1744192200	XAUUSD	M5	5214.53	5213.3	5215.29	5212.12	5214.31	1	1.01	-0.78982	1
1744192500	XAUUSD	M5	5215.17	5211.21	5217.63	5211.21	5215.39	1	4.18	0.36726	2
1744192800	XAUUSD	M5	5214.69	5210.49	5214.96	5207.95	5211.93	1	1.45	-0.62745	3
1744193100	XAUUSD	M5	5210.09	5210.12	5212.66	5208.17	5210.86	1	0.74	-0.88686	4
1744193400	XAUUSD	M5	5212.31	5208.43	5212.79	5208.43	5211.8	1	3.37	0.06977	5
1744193700	XAUUSD	M5	5211.95	5206.81	5212.49	5206.81	5210.06	1	3.25	0.03072	6
1744194000	XAUUSD	M5	5208.18	5204.56	5213.8	5204.56	5209.05	1	4.49	0.48544	7
1744194300	XAUUSD	M5	5207.51	5203.61	5207.54	5203.5	5205.51	1	1.9	-0.45942	8
1744194600	XAUUSD	M5	5203.39	5202.32	5207.11	5202.32	5204.9	1	2.58	-0.21844	9
1744194900	XAUUSD	M5	5206.56	5200.79	5206.68	5199.27	5203.85	1	3.07	-0.04417	10
1744195200	XAUUSD	M5	5203.22	5197.61	5206.19	5197.61	5203.97	1	6.36	1.14912	11
1744195500	XAUUSD	M5	5205.29	5193.93	5205.75	5193.93	5201.28	1	7.35	1.51763	12
1744195800	XAUUSD	M5	5197.05	5193.08	5197.64	5191.81	5194.78	1	1.7	-0.53352	13
1744196100	XAUUSD	M5	5192.52	5193.78	5195.83	5189.86	5192.38	-1	1.4	-0.64656	-1
1744196400	XAUUSD	M5	5191.37	5194.68	5195.31	5190.48	5192.88	-1	1.8	-0.50527	-2
1744196700	XAUUSD	M5	5194.37	5194.18	5198.45	5193.09	5195.18	1	1	-0.79896	1
1744197000	XAUUSD	M5	5194.5	5193.07	5198.06	5193.07	5195.3	1	2.24	-0.35488	2
1744197300	XAUUSD	M5	5195.48	5190.13	5198	5190.13	5196.01	1	5.88	0.96677	3
1744197600	XAUUSD	M5	5197.9	5186.75	5198.34	5186.75	5193.5	1	6.75	1.28922	4
1744197900	XAUUSD	M5	5191	5183.78	5193.07	5183.78	5189.72	1	5.94	0.99686	5
1744198200	XAUUSD	M5	5187.95	5182.53	5189.5	5181.18	5185.02	1	2.49	-0.26141	6
1744198500	XAUUSD	M5	5181.68	5185.95	5185.95	5172.47	5179.12	-1	6.84	1.25053	-1
1744198800	XAUUSD	M5	5180.33	5190.11	5190.11	5174.1	5181.79	-1	8.32	1.77739	-2
1744199100	XAUUSD	M5	5185.46	5192.81	5192.81	5183.87	5187.41	-1	5.4	0.76215	-3
1744199400	XAUUSD	M5	5188.97	5194.07	5195.68	5188.4	5191.56	-1	2.52	-0.24587	-4
1744199700	XAUUSD	M5	5193.17	5194.18	5196.22	5190.4	5193.97	-1	0.21	-1.0515	-5
1744200000	XAUUSD	M5	5195.89	5190.2	5202.61	5190.2	5198.16	1	7.96	1.59393	1
1744200300	XAUUSD	M5	5198.64	5184.92	5201.38	5184.92	5195.48	1	10.56	2.50062	2
1744200600	XAUUSD	M5	5191.25	5179.6	5193.27	5179.6	5190.23	1	10.63	2.50399	3
1744200900	XAUUSD	M5	5188.55	5174.37	5189.06	5174.37	5184.82	1	10.45	2.43284	4
1744201200	XAUUSD	M5	5181.79	5170.41	5181.86	5170.41	5178.33	1	7.91	1.5603	5
1744201500	XAUUSD	M5	5174.91	5173.08	5176.28	5159.65	5167.75	-1	5.32	0.6806	-1
1744201800	XAUUSD	M5	5159.73	5178.98	5178.98	5158.94	5167.17	-1	11.81	2.84361	-2
1744202100	XAUUSD	M5	5174.14	5181.64	5181.64	5172.2	5176.32	-1	5.32	0.67856	-3
1744202400	XAUUSD	M5	5177.91	5184.04	5184.04	5174.89	5179.24	-1	4.8	0.50934	-4
1744202700	XAUUSD	M5	5181.49	5185.73	5185.73	5179.91	5182.35	-1	3.38	0.03677	-5
1744203000	XAUUSD	M5	5182.68	5187.44	5187.44	5182.03	5184.02	-1	3.41	0.04956	-6
1744203300	XAUUSD	M5	5185.44	5187.5	5190.31	5183.69	5187.38	-1	0.12	-1.05298	-7
1744203600	XAUUSD	M5	5189.99	5186.23	5191.07	5186.23	5188.76	1	2.53	-0.24864	1
1744203900	XAUUSD	M5	5187.18	5186.59	5187.34	5183.76	5185.88	-1	0.71	-0.86053	-1
1744204200	XAUUSD	M5	5185.23	5187.04	5188.5	5184.76	5186.13	-1	0.91	-0.79817	-2
1744204500	XAUUSD	M5	5186.07	5187.87	5187.87	5184.3	5186.2	-1	1.67	-0.54678	-3
1744204800	XAUUSD	M5	5186.59	5188.12	5191.12	5185.65	5187.62	-1	0.5	-0.94268	-4
1744205100	XAUUSD	M5	5186.84	5188.71	5191.33	5182.03	5187.53	-1	1.18	-0.71688	-5
1744205400	XAUUSD	M5	5189.61	5188.46	5190.35	5187.73	5188.96	1	0.5	-0.94748	1
1744205700	XAUUSD	M5	5188.16	5188.63	5190.35	5186.62	5188.3	-1	0.33	-1.00918	-1
1744206000	XAUUSD	M5	5188.07	5187.88	5191.36	5186.93	5189.38	1	1.49	-0.61721	1
1744206300	XAUUSD	M5	5191.13	5186.88	5191.47	5186.14	5188.89	1	2.01	-0.4404	2
1744206600	XAUUSD	M5	5187	5186.32	5189.54	5185.97	5187.43	1	1.11	-0.74682	3
1744206900	XAUUSD	M5	5187.2	5185.05	5189.22	5185.05	5187.59	1	2.54	-0.27754	4
1744207200	XAUUSD	M5	5188.33	5183.01	5189.76	5183.01	5187.09	1	4.08	0.22994	5
1744207500	XAUUSD	M5	5185.5	5182.23	5185.77	5181.12	5183.8	1	1.57	-0.59748	6
1744207800	XAUUSD	M5	5182.65	5182.83	5183.15	5178.78	5181.63	-1	1.2	-0.72309	-1
1744208100	XAUUSD	M5	5181.88	5183.35	5184.46	5181.13	5182.31	-1	1.04	-0.77377	-2
1744208400	XAUUSD	M5	5181.7	5183.33	5185.27	5181.7	5183.37	1	0.03	-1.10864	1
1744208700	XAUUSD	M5	5184.73	5182.23	5186.31	5182.23	5184.43	1	2.2	-0.39018	2
1744209000	XAUUSD	M5	5183.98	5183.17	5184	5177.43	5181.29	-1	1.88	-0.49715	-1
1744209300	XAUUSD	M5	5179.74	5184.47	5184.89	5179.35	5181.87	-1	2.59	-0.26017	-2
1744209600	XAUUSD	M5	5183.54	5183.62	5187.49	5183.37	5185.31	1	1.69	-0.55844	1
1744209900	XAUUSD	M5	5186.84	5181.99	5187.01	5181.99	5185.26	1	3.28	-0.03116	2
1744210200	XAUUSD	M5	5183.84	5180.51	5185.85	5180.51	5183.46	1	2.95	-0.13668	3
1744210500	XAUUSD	M5	5182.11	5179.25	5183.1	5179.25	5181.77	1	2.52	-0.27676	4
1744210800	XAUUSD	M5	5181.07	5177.92	5181.7	5177.92	5180.58	1	2.66	-0.22783	5
1744211100	XAUUSD	M5	5179.73	5175.25	5182.87	5175.25	5180.59	1	5.34	0.65545	6
1744211400	XAUUSD	M5	5181.67	5172.6	5182.67	5172.6	5177.9	1	5.29	0.64261	7
1744211700	XAUUSD	M5	5173.62	5171.34	5176.25	5171.34	5173.87	1	2.54	-0.26176	8
1744212000	XAUUSD	M5	5173.3	5169.28	5174.58	5169.28	5173.39	1	4.11	0.25736	9
1744212300	XAUUSD	M5	5173.18	5168.22	5173.98	5166.75	5170.34	1	2.12	-0.39337	10
1744212600	XAUUSD	M5	5167.67	5167.57	5170.56	5167.56	5168.88	1	1.31	-0.65899	11
1744212900	XAUUSD	M5	5169.86	5165.38	5172.51	5165.38	5169.76	1	4.38	0.34309	12
1744213200	XAUUSD	M5	5168.85	5163.77	5169.48	5163.77	5166.99	1	3.21	-0.04006	13
1744213500	XAUUSD	M5	5165.08	5165.43	5165.54	5158.16	5162.11	-1	3.32	-0.00618	-1
1744213800	XAUUSD	M5	5159.68	5169.79	5169.79	5155.4	5161.07	-1	8.72	1.76672	-2
1744214100	XAUUSD	M5	5163.64	5172.95	5172.95	5162.94	5166.63	-1	6.32	0.99261	-3
1744214400	XAUUSD	M5	5169.77	5174.27	5175.91	5169.45	5171.63	-1	2.65	-0.21117	-4
1744214700	XAUUSD	M5	5171.44	5175.24	5175.27	5171.39	5173.3	-1	1.93	-0.44592	-5
1744215000	XAUUSD	M5	5175.16	5175.58	5176.36	5173.56	5174.9	-1	0.68	-0.8616	-6
1744215300	XAUUSD	M5	5174.48	5176.6	5176.6	5172.52	5174.56	-1	2.04	-0.41146	-7
1744215600	XAUUSD	M5	5175.4	5177.13	5177.29	5174.71	5176.06	-1	1.07	-0.72816	-8
1744215900	XAUUSD	M5	5176.86	5176.02	5181.03	5176.02	5178.25	1	2.23	-0.34653	1
1744216200	XAUUSD	M5	5179.02	5175.81	5179.06	5173.41	5176.23	1	0.41	-0.94212	2
1744216500	XAUUSD	M5	5173.24	5177.86	5177.86	5170.4	5173.76	-1	4.11	0.27242	-1
1744216800	XAUUSD	M5	5175.13	5180.31	5180.31	5172.43	5175.41	-1	4.9	0.53748	-2
1744217100	XAUUSD	M5	5174.18	5183.88	5183.88	5174.13	5176.74	-1	7.14	1.27493	-3
1744217400	XAUUSD	M5	5177.7	5186.75	5186.75	5176.96	5181.01	-1	5.74	0.82421	-4
1744217700	XAUUSD	M5	5184.63	5189.03	5189.03	5182.99	5184.47	-1	4.56	0.43694	-5
1744218000	XAUUSD	M5	5184.33	5191.26	5191.26	5184.24	5186.8	-1	4.46	0.40791	-6
1744218300	XAUUSD	M5	5188.91	5191.05	5195.14	5188.39	5191.47	1	0.42	-0.92296	1
1744218600	XAUUSD	M5	5193.27	5190.9	5193.7	5187.96	5191.2	1	0.3	-0.96274	2
1744218900	XAUUSD	M5	5190.48	5190.63	5194.54	5189.02	5191.16	1	0.53	-0.88688	3
1744219200	XAUUSD	M5	5190.63	5190.2	5192.04	5190.1	5191.06	1	0.86	-0.78146	4
1744219500	XAUUSD	M5	5191.02	5189.02	5192.96	5189.02	5191.38	1	2.36	-0.29139	5
1744219800	XAUUSD	M5	5191.08	5187.11	5193.83	5187.11	5190.93	1	3.81	0.19291	6
1744220100	XAUUSD	M5	5189.38	5186.3	5189.69	5185.91	5187.93	1	1.63	-0.52964	7
1744220400	XAUUSD	M5	5186.75	5185.52	5188.47	5185.52	5187.07	1	1.54	-0.56208	8
1744220700	XAUUSD	M5	5186.75	5184.55	5188.24	5184.55	5186.5	1	1.95	-0.42781	9
1744221000	XAUUSD	M5	5185.94	5184.68	5186.15	5181.82	5184.41	-1	0.27	-0.98103	-1
1744221300	XAUUSD	M5	5183.72	5184.31	5188.03	5183.58	5185.06	1	0.75	-0.82885	1
1744221600	XAUUSD	M5	5184.69	5185.82	5185.87	5179.09	5182.8	-1	3.02	-0.08211	-1
1744221900	XAUUSD	M5	5181.47	5189.01	5189.01	5176.67	5182.63	-1	6.38	1.02842	-2
1744222200	XAUUSD	M5	5185.37	5191.22	5191.22	5184.13	5186.79	-1	4.43	0.38863	-3
1744222500	XAUUSD	M5	5187.71	5192.65	5192.65	5187.15	5189.79	-1	2.86	-0.12886	-4
1744222800	XAUUSD	M5	5192.13	5193.57	5193.57	5190.36	5191.74	-1	1.83	-0.46761	-5
1744223100	XAUUSD	M5	5192.21	5194.02	5195.04	5191.33	5193.11	-1	0.9	-0.77196	-6
1744223400	XAUUSD	M5	5193.88	5192.93	5197.34	5192.93	5195.11	1	2.17	-0.3536	1
1744223700	XAUUSD	M5	5195.27	5191.55	5195.7	5191.55	5194.32	1	2.77	-0.15553	2
1744224000	XAUUSD	M5	5193.46	5190.53	5193.56	5190.09	5192.58	1	2.05	-0.39297	3
1744224300	XAUUSD	M5	5193.17	5188.43	5194.19	5188.43	5192.62	1	4.19	0.31208	4
1744224600	XAUUSD	M5	5192.5	5187.03	5192.83	5186.74	5189.83	1	2.8	-0.14829	5
1744224900	XAUUSD	M5	5187.3	5186.74	5189.42	5186.23	5187.31	1	0.57	-0.88673	6
1744225200	XAUUSD	M5	5186.77	5186.13	5188.58	5186.12	5187.36	1	1.23	-0.6705	7
1744225500	XAUUSD	M5	5188.03	5185.08	5190.34	5185.08	5187.18	1	2.1	-0.38406	8
1744225800	XAUUSD	M5	5184.69	5186.06	5186.3	5182.64	5184.09	-1	1.97	-0.42581	-1
1744226100	XAUUSD	M5	5182.71	5187.24	5188.68	5180.5	5184.88	-1	2.36	-0.29369	-2
1744226400	XAUUSD	M5	5187.63	5187.37	5189.33	5185.3	5187.12	-1	0.24	-0.98913	-3
1744226700	XAUUSD	M5	5186.27	5187.88	5188.28	5186.05	5186.85	-1	1.03	-0.73094	-4
1744227000	XAUUSD	M5	5186.8	5188.16	5189.36	5185.88	5187.6	-1	0.55	-0.88926	-5
1744227300	XAUUSD	M5	5188.38	5187.59	5190.45	5186.58	5188.72	1	1.13	-0.70394	1
1744227600	XAUUSD	M5	5189.46	5188.1	5189.79	5182.45	5187.08	-1	1.02	-0.74656	-1
1744227900	XAUUSD	M5	5186.63	5189.44	5189.44	5184.42	5186.76	-1	2.68	-0.20639	-2
1744228200	XAUUSD	M5	5186.7	5191.1	5191.1	5185.49	5187.78	-1	3.32	0.00356	-3
1744228500	XAUUSD	M5	5188.68	5191.5	5193.6	5187.44	5190.71	-1	0.79	-0.82199	-4
1744228800	XAUUSD	M5	5193.06	5191.97	5194.38	5188.32	5191.02	-1	0.95	-0.77122	-5
1744229100	XAUUSD	M5	5188.34	5192.51	5195.1	5187.67	5191.43	-1	1.07	-0.73283	-6
1744229400	XAUUSD	M5	5194.61	5191.88	5194.61	5191.41	5193.14	1	1.26	-0.6721	1
1744229700	XAUUSD	M5	5191.93	5191.7	5194.02	5190.5	5192.06	1	0.36	-0.97404	2
1744230000	XAUUSD	M5	5192	5191.93	5193.4	5189.16	5191.47	-1	0.46	-0.94799	-1
1744230300	XAUUSD	M5	5191.41	5192.04	5193.23	5189.36	5191.81	-1	0.24	-1.02384	-2
1744230600	XAUUSD	M5	5193.24	5191.16	5194.35	5191.16	5192.92	1	1.76	-0.52472	1
1744230900	XAUUSD	M5	5192.82	5191.43	5193.2	5188.03	5190.89	-1	0.54	-0.92581	-1
1744231200	XAUUSD	M5	5189.73	5192.46	5192.69	5188.71	5190.41	-1	2.05	-0.43178	-2
1744231500	XAUUSD	M5	5190.48	5192.47	5195.42	5190.17	5192.44	-1	0.04	-1.09262	-3
1744231800	XAUUSD	M5	5193.73	5192.19	5194.8	5190.34	5192.76	1	0.56	-0.92386	1
1744232100	XAUUSD	M5	5191.97	5195.27	5195.27	5185.5	5189.12	-1	6.15	0.91547	-1
1744232400	XAUUSD	M5	5186.7	5201.23	5201.23	5182.47	5189.31	-1	11.92	2.82292	-2
1744232700	XAUUSD	M5	5193.75	5204.77	5204.77	5193.53	5197.68	-1	7.09	1.258	-3
1744233000	XAUUSD	M5	5201.74	5204.73	5208.14	5201.23	5204.81	1	0.07	-1.07923	1
1744233300	XAUUSD	M5	5208.07	5201.83	5210.47	5201.83	5207.64	1	5.8	0.83762	2
1744233600	XAUUSD	M5	5209.19	5197.86	5209.26	5197.86	5205.8	1	7.94	1.56039	3
1744233900	XAUUSD	M5	5202.94	5195.34	5203.74	5195.34	5200.38	1	5.03	0.59576	4
1744234200	XAUUSD	M5	5197.8	5193.58	5198.34	5193.58	5197.11	1	3.53	0.09518	5
1744234500	XAUUSD	M5	5197.44	5190.92	5199.48	5190.92	5196.24	1	5.32	0.69801	6
1744234800	XAUUSD	M5	5195.42	5189.75	5195.96	5188.23	5192.08	1	2.33	-0.3042	7
1744235100	XAUUSD	M5	5188.73	5189.06	5192.75	5187.84	5190.44	1	1.38	-0.62082	8
1744235400	XAUUSD	M5	5192.45	5187.1	5194.8	5187.1	5191.03	1	3.94	0.23655	9
1744235700	XAUUSD	M5	5188.46	5185.91	5189.77	5185.91	5188.28	1	2.38	-0.28441	10
1744239600	XAUUSD	M5	5188	5183.62	5191.48	5183.62	5188.2	1	4.58	0.45586	11
1744239900	XAUUSD	M5	5186.68	5181.93	5188.39	5181.93	5185.32	1	3.39	0.05805	12
1744240200	XAUUSD	M5	5182.75	5181.94	5183.61	5179.99	5181.92	-1	0.02	-1.07234	-1
1744240500	XAUUSD	M5	5181.32	5182.7	5182.7	5180.51	5181.17	-1	1.52	-0.57736	-2
1744240800	XAUUSD	M5	5180.96	5182.72	5185.02	5180.51	5182.67	-1	0.05	-1.07316	-3
1744241100	XAUUSD	M5	5184.2	5182.11	5184.24	5182.11	5183.32	1	1.21	-0.69226	1
1744241400	XAUUSD	M5	5182.73	5182.39	5183.06	5180.02	5181.84	-1	0.55	-0.91518	-1
1744241700	XAUUSD	M5	5181.53	5182.31	5184	5181.46	5182.47	1	0.16	-1.04721	1
1744242000	XAUUSD	M5	5182.9	5181.65	5185.15	5181.65	5182.98	1	1.33	-0.65845	2
1744242300	XAUUSD	M5	5182.11	5180.68	5184.72	5180.68	5182.61	1	1.93	-0.45845	3
1744242600	XAUUSD	M5	5183.09	5178.99	5184.88	5178.99	5182.37	1	3.37	0.02446	4
1744242900	XAUUSD	M5	5180.93	5180.27	5181.96	5172.97	5177.71	-1	2.57	-0.24139	-1
1744243200	XAUUSD	M5	5175.06	5182	5182.35	5174.42	5178.55	-1	3.46	0.05969	-2
1744243500	XAUUSD	M5	5182.35	5182.17	5183.31	5179.87	5181.84	-1	0.33	-0.97868	-3
1744243800	XAUUSD	M5	5181.81	5183.37	5184.63	5178.12	5180.97	-1	2.4	-0.29302	-4
1744244100	XAUUSD	M5	5179.3	5184.52	5185.47	5178.83	5182.22	-1	2.3	-0.32623	-5
1744244400	XAUUSD	M5	5185.3	5183.98	5187.67	5183.28	5185.06	1	1.08	-0.7352	1
1744244700	XAUUSD	M5	5183.99	5184.99	5184.99	5179.44	5182.98	-1	2	-0.42636	-1
1744245000	XAUUSD	M5	5183.64	5184.34	5188.37	5183.19	5185.64	1	1.3	-0.66531	1
1744245300	XAUUSD	M5	5187.35	5183.23	5188.56	5180.64	5185.45	1	2.22	-0.36543	2
1744245600	XAUUSD	M5	5186.32	5183.42	5186.9	5179.44	5183.04	-1	0.38	-0.97783	-1
1744245900	XAUUSD	M5	5179.49	5184.53	5185.7	5179.49	5182.3	-1	2.23	-0.36897	-2
1744246200	XAUUSD	M5	5184.53	5184.16	5187.54	5181.16	5184.89	1	0.73	-0.86019	1
1744246500	XAUUSD	M5	5186.31	5183.22	5186.57	5183.12	5185.11	1	1.89	-0.47968	2
1744246800	XAUUSD	M5	5184.47	5182.21	5186.35	5181.8	5184.23	1	2.02	-0.43353	3
1744247100	XAUUSD	M5	5184.31	5180.23	5190.19	5180.23	5184.19	1	3.95	0.20217	4
1744247400	XAUUSD	M5	5180.66	5181.85	5183.06	5174.93	5178.61	-1	3.23	-0.03452	-1
1744247700	XAUUSD	M5	5175.73	5185.88	5185.88	5166.57	5177.81	-1	8.07	1.55826	-2
1744248000	XAUUSD	M5	5184.68	5186.45	5186.9	5183.64	5185.31	-1	1.15	-0.71203	-3
1744248300	XAUUSD	M5	5186.01	5187.44	5187.44	5182.74	5185.47	-1	1.98	-0.44363	-4
1744248600	XAUUSD	M5	5186.22	5188.62	5188.62	5182.82	5186.27	-1	2.34	-0.32378	-5
1744248900	XAUUSD	M5	5187.94	5188.24	5190.59	5187.66	5188.99	1	0.76	-0.8451	1
1744249200	XAUUSD	M5	5189.77	5188.03	5190.45	5185.81	5188.44	1	0.41	-0.96269	2
1744249500	XAUUSD	M5	5187.74	5187.56	5190.82	5184.88	5188.5	1	0.94	-0.78665	3
1744249800	XAUUSD	M5	5190.56	5184.77	5193.72	5184.77	5190.36	1	5.6	0.60864	4
1744250100	XAUUSD	M5	5188.71	5182.68	5189.3	5182.68	5186.85	1	4.17	0.14589	5
1744250400	XAUUSD	M5	5186.42	5180.77	5186.54	5180.77	5184.59	1	3.82	0.04604	6
1744250700	XAUUSD	M5	5183.28	5181.33	5184.21	5176.48	5180.22	-1	1.1	-0.6282	-1
1744251000	XAUUSD	M5	5176.97	5182.88	5183.88	5174.88	5179.77	-1	3.12	-0.14357	-2
1744251300	XAUUSD	M5	5183.26	5182.74	5184.84	5180.43	5183.03	1	0.29	-0.83258	1
1744251600	XAUUSD	M5	5183.87	5182.74	5186.18	5180.4	5182.74	1	0	-0.9029	2
1744251900	XAUUSD	M5	5180.48	5183.45	5186.21	5178.66	5182.02	-1	1.43	-0.55622	-1
1744252200	XAUUSD	M5	5182.98	5182.46	5189.99	5179.25	5184.45	1	1.99	-0.42006	1
1744252500	XAUUSD	M5	5185.55	5180.02	5186.92	5180.02	5184.9	1	4.88	0.28467	2
1744252800	XAUUSD	M5	5185.4	5177.1	5188.65	5177.1	5182.94	1	5.84	0.52086	3
1744253100	XAUUSD	M5	5178.84	5172.04	5187.1	5172.04	5182.16	1	10.11	1.56412	4
1744253400	XAUUSD	M5	5184.25	5164.59	5185.18	5164.59	5179.49	1	14.9	2.74702	5
1744253700	XAUUSD	M5	5174.67	5158.08	5176.55	5158.08	5171.1	1	13.02	2.32918	6
1744254000	XAUUSD	M5	5168.85	5151.49	5172.05	5151.49	5164.67	1	13.18	2.40085	7
1744254300	XAUUSD	M5	5159.26	5148.5	5162.01	5144.36	5154.48	1	5.99	0.61412	8
1744254600	XAUUSD	M5	5152.3	5146.36	5156.25	5146.36	5150.63	1	4.27	0.17894	9
1744254900	XAUUSD	M5	5147.47	5147.04	5147.73	5142.92	5145.68	-1	1.36	-0.55431	-1
1744255200	XAUUSD	M5	5144.6	5148.69	5148.69	5141.94	5145.4	-1	3.29	-0.06996	-2
1744255500	XAUUSD	M5	5147.8	5146.75	5155.52	5146.75	5150.63	1	3.88	0.08123	1
1744255800	XAUUSD	M5	5152.05	5143.53	5154.77	5143.53	5149.97	1	6.43	0.72701	2
1744256100	XAUUSD	M5	5147.64	5141.99	5151.32	5140.66	5145.07	1	3.08	-0.11404	3
1744256400	XAUUSD	M5	5140.27	5142.99	5142.99	5137.92	5141	-1	1.99	-0.3864	-1
1744256700	XAUUSD	M5	5142.9	5142.22	5146.3	5142.22	5143.75	1	1.53	-0.503	1
1744257000	XAUUSD	M5	5143.05	5142.53	5144.93	5139.08	5141.91	-1	0.62	-0.73143	-1
1744257300	XAUUSD	M5	5140.57	5143.56	5143.56	5138.82	5141.5	-1	2.06	-0.37383	-2
1744257600	XAUUSD	M5	5143.3	5146.03	5146.03	5137.25	5141.09	-1	4.94	0.34642	-3
1744257900	XAUUSD	M5	5140.34	5147.88	5149.73	5139.92	5144.18	-1	3.7	0.03145	-4
1744258200	XAUUSD	M5	5146.72	5147.12	5150.88	5146.35	5148.64	1	1.51	-0.51925	1
1744258500	XAUUSD	M5	5150.6	5143.7	5152.38	5143.7	5150.55	1	6.84	0.81486	2
1744258800	XAUUSD	M5	5150.22	5138.67	5151.63	5138.67	5148.73	1	10.06	1.62588	3
1744259100	XAUUSD	M5	5147.23	5133.91	5150.07	5133.91	5143.44	1	9.53	1.507	4
1744259400	XAUUSD	M5	5138.91	5132.32	5138.95	5132.06	5135.49	1	3.18	-0.08228	5
1744259700	XAUUSD	M5	5131.98	5132.49	5135.98	5129.63	5132.14	-1	0.35	-0.79167	-1
1744260000	XAUUSD	M5	5130.99	5133.66	5133.66	5128.54	5131.33	-1	2.33	-0.29274	-2
1744260300	XAUUSD	M5	5132.69	5135.17	5135.17	5129.88	5132.15	-1	3.02	-0.11942	-3
1744260600	XAUUSD	M5	5132.46	5135.64	5137.91	5131.36	5134.7	-1	0.95	-0.63911	-4
1744260900	XAUUSD	M5	5135.82	5137.5	5137.5	5129.36	5133.78	-1	3.72	0.05812	-5
1744261200	XAUUSD	M5	5133.97	5141.11	5141.11	5128.07	5133.9	-1	7.21	0.93776	-6
1744261500	XAUUSD	M5	5135.96	5146.04	5146.04	5121.81	5136.18	-1	9.87	1.61394	-7
1744261800	XAUUSD	M5	5143.97	5147.66	5147.66	5142.98	5144.42	-1	3.24	-0.05006	-8
1744262100	XAUUSD	M5	5145.11	5149.91	5149.91	5140.07	5145.42	-1	4.49	0.26356	-9
1744262400	XAUUSD	M5	5148.2	5150.64	5150.79	5146.92	5149.18	-1	1.46	-0.50129	-10
1744262700	XAUUSD	M5	5150.79	5151.8	5151.8	5146.12	5149.48	-1	2.32	-0.28293	-11
1744263000	XAUUSD	M5	5149.81	5154.51	5154.51	5146.14	5149.09	-1	5.42	0.50243	-12
1744263300	XAUUSD	M5	5149.86	5156.48	5156.48	5148.94	5152.53	-1	3.95	0.13241	-13
1744263600	XAUUSD	M5	5155.44	5158.03	5158.03	5154	5154.93	-1	3.1	-0.08178	-14
1744263900	XAUUSD	M5	5153.97	5159.9	5159.9	5153.97	5156.17	-1	3.72	0.07763	-15
1744264200	XAUUSD	M5	5158.33	5159.82	5162.26	5158.19	5159.98	1	0.16	-0.82288	1
1744264500	XAUUSD	M5	5161.12	5160.59	5161.12	5156.43	5159.05	-1	1.53	-0.47663	-1
1744264800	XAUUSD	M5	5157.54	5163.38	5163.38	5156.39	5157.8	-1	5.58	0.54494	-2
1744265100	XAUUSD	M5	5158.21	5165.31	5165.64	5157.77	5161.45	-1	3.86	0.11048	-3
1744265400	XAUUSD	M5	5164.24	5167.86	5167.86	5158.22	5162.75	-1	5.11	0.42845	-4
1744265700	XAUUSD	M5	5163.69	5169.76	5170.24	5161.71	5165.96	-1	3.79	0.09884	-5
1744266000	XAUUSD	M5	5168.22	5169.35	5172.28	5168	5170.16	1	0.81	-0.65241	1
1744266300	XAUUSD	M5	5172.26	5167.7	5173.16	5167.7	5171	1	3.3	-0.02498	2
1744266600	XAUUSD	M5	5169.62	5164.98	5172.72	5164.98	5170.41	1	5.43	0.51336	3
1744266900	XAUUSD	M5	5170.42	5161.24	5170.58	5161.24	5168.73	1	7.49	1.03627	4
1744267200	XAUUSD	M5	5168.21	5155.67	5170.15	5155.67	5166.82	1	11.15	1.97175	5
1744267500	XAUUSD	M5	5164.95	5151.29	5165.49	5151.29	5160.05	1	8.76	1.38253	6
1744267800	XAUUSD	M5	5154.84	5150.63	5155.49	5148.28	5151.94	1	1.31	-0.51034	7
1744268100	XAUUSD	M5	5149.23	5152.33	5152.33	5146.62	5148.94	-1	3.39	0.02006	-1
1744268400	XAUUSD	M5	5149.67	5153.6	5153.6	5148.22	5151.06	-1	2.54	-0.1956	-2
1744268700	XAUUSD	M5	5153.22	5153.58	5155.9	5151.35	5153.62	1	0.04	-0.83086	1
1744269000	XAUUSD	M5	5154.01	5153.51	5154.99	5152.78	5153.65	1	0.14	-0.80788	2
1744269300	XAUUSD	M5	5152.8	5153.42	5155.4	5151.84	5153.6	1	0.18	-0.79717	3
1744269600	XAUUSD	M5	5154.36	5153.6	5154.8	5151.52	5153.24	-1	0.37	-0.75234	-1
1744269900	XAUUSD	M5	5152.26	5152.98	5156.83	5152.1	5154.22	1	1.24	-0.52784	1
1744270200	XAUUSD	M5	5155.71	5151.27	5156.56	5151.27	5154.69	1	3.41	0.02832	2
1744270500	XAUUSD	M5	5153.64	5150.47	5154.02	5149.07	5152.08	1	1.61	-0.43059	3
1744270800	XAUUSD	M5	5151.59	5151.34	5152.25	5147.18	5149.59	-1	1.75	-0.39516	-1
1744271100	XAUUSD	M5	5147.34	5154.13	5154.13	5146.42	5148.55	-1	5.58	0.58151	-2
1744271400	XAUUSD	M5	5148.93	5155.36	5157.45	5148.93	5152.9	-1	2.46	-0.2124	-3
1744271700	XAUUSD	M5	5156.29	5156.9	5156.9	5149.63	5153.82	-1	3.09	-0.05164	-4
1744272000	XAUUSD	M5	5152.84	5159.04	5159.04	5152.66	5154.77	-1	4.27	0.24877	-5
1744272300	XAUUSD	M5	5156.4	5160.12	5160.42	5155.2	5157.95	-1	2.17	-0.28806	-6
1744272600	XAUUSD	M5	5160.06	5159.53	5162.93	5159.53	5160.71	1	1.18	-0.54322	1
1744272900	XAUUSD	M5	5160.33	5158.63	5162.71	5158.63	5160.43	1	1.79	-0.3901	2
1744273200	XAUUSD	M5	5159.63	5158.36	5160.87	5156.03	5158.91	1	0.55	-0.70769	3
1744273500	XAUUSD	M5	5159.11	5157.93	5160.12	5157.93	5158.78	1	0.85	-0.63413	4
1744273800	XAUUSD	M5	5157.95	5159	5159.14	5153.83	5156.86	-1	2.14	-0.30892	-1
1744274100	XAUUSD	M5	5156.52	5160.16	5161.35	5155.17	5157.85	-1	2.32	-0.26813	-2
1744274400	XAUUSD	M5	5158.28	5161.98	5161.98	5155.81	5158.35	-1	3.63	0.06919	-3
1744274700	XAUUSD	M5	5159.11	5164.21	5164.21	5157.59	5159.75	-1	4.46	0.28029	-4
1744275000	XAUUSD	M5	5159.84	5166.06	5166.06	5159.84	5162.35	-1	3.71	0.09194	-5
1744275300	XAUUSD	M5	5164.24	5165.62	5169.05	5164.2	5166.5	1	0.88	-0.62642	1
1744275600	XAUUSD	M5	5168.5	5163.03	5170.15	5163.03	5168.2	1	5.17	0.46308	2
1744275900	XAUUSD	M5	5167.21	5160.32	5168.43	5160.32	5165.74	1	5.42	0.52864	3
1744276200	XAUUSD	M5	5163.64	5159.41	5163.74	5158.46	5161.24	1	1.83	-0.38043	4
1744276500	XAUUSD	M5	5159.04	5159.6	5160.15	5157.55	5159.22	-1	0.38	-0.74625	-1
1744276800	XAUUSD	M5	5160.16	5158.9	5161.89	5158.64	5160.3	1	1.4	-0.48805	1
1744277100	XAUUSD	M5	5160.52	5158.13	5161.27	5158.13	5159.67	1	1.54	-0.45301	2
1744277400	XAUUSD	M5	5158.37	5158.11	5159.19	5156.76	5158.15	1	0.04	-0.83513	3
1744277700	XAUUSD	M5	5158.27	5158.09	5159.26	5156.5	5158.13	1	0.04	-0.83544	4
1744278000	XAUUSD	M5	5158.52	5157.74	5160.07	5155.12	5158.44	1	0.7	-0.66792	5
1744278300	XAUUSD	M5	5160.04	5154.69	5163.28	5154.69	5160.79	1	6.09	0.69853	6
1744278600	XAUUSD	M5	5160.92	5150.84	5161.28	5150.84	5158.54	1	7.7	1.09041	7
1744278900	XAUUSD	M5	5156.23	5146.79	5157.78	5146.79	5154.9	1	8.11	1.17671	8
1744279200	XAUUSD	M5	5152.87	5142.58	5153.09	5142.58	5151	1	8.43	1.25184	9
1744279500	XAUUSD	M5	5149.39	5139.47	5149.55	5139.47	5145.68	1	6.21	0.70659	10
1744279800	XAUUSD	M5	5141.8	5139.18	5141.95	5137.31	5139.76	1	0.58	-0.70003	11
1744280100	XAUUSD	M5	5137.98	5142.33	5142.33	5131.27	5136.03	-1	6.3	0.71877	-1
1744280400	XAUUSD	M5	5136.17	5144.07	5145.75	5134.87	5140.58	-1	3.49	0.02605	-2
1744280700	XAUUSD	M5	5145.42	5141.96	5150.81	5141.96	5146.18	1	4.23	0.2086	1
1744281000	XAUUSD	M5	5145.77	5142.36	5146.73	5136.47	5141.56	-1	0.81	-0.64243	-1
1744281300	XAUUSD	M5	5137.39	5144.66	5144.66	5135.25	5140.06	-1	4.6	0.29967	-2
1744281600	XAUUSD	M5	5143.63	5146.19	5146.19	5141.4	5143.13	-1	3.07	-0.07795	-3
1744281900	XAUUSD	M5	5143.16	5147.2	5147.51	5142.56	5145.19	-1	2.02	-0.33633	-4
1744282200	XAUUSD	M5	5147.64	5146.42	5150.63	5146.27	5147.98	1	1.56	-0.4492	1
1744282500	XAUUSD	M5	5147.46	5147.54	5148.3	5141.42	5145.3	-1	2.24	-0.28284	-1
1744282800	XAUUSD	M5	5143.97	5149.21	5149.24	5141.54	5145.88	-1	3.33	-0.01443	-2
1744283100	XAUUSD	M5	5148.95	5148.39	5152.16	5148.39	5150.02	1	1.62	-0.436	1
1744283400	XAUUSD	M5	5150.3	5148.58	5151.23	5145.47	5148.21	-1	0.37	-0.74929	-1
1744283700	XAUUSD	M5	5145.91	5148.09	5152.67	5145.03	5149.07	1	0.98	-0.60032	1
1744284000	XAUUSD	M5	5152.66	5144.3	5155.17	5144.3	5151.88	1	7.57	1.02875	2
1744284300	XAUUSD	M5	5149.82	5141.29	5150.11	5141.29	5147.31	1	6.02	0.6312	3
1744284600	XAUUSD	M5	5144.64	5139.37	5146.85	5139.37	5143.21	1	3.84	0.08593	4
1744284900	XAUUSD	M5	5140.81	5140	5141.65	5134.21	5138.74	-1	1.27	-0.53822	-1
1744285200	XAUUSD	M5	5138.31	5138.5	5146.12	5138.03	5141.51	1	3.01	-0.12528	1
1744285500	XAUUSD	M5	5143.55	5135.42	5144.48	5135.42	5141.58	1	6.16	0.62667	2
1744285800	XAUUSD	M5	5140.13	5132.59	5141.12	5132.59	5138.25	1	5.67	0.5072	3
1744286100	XAUUSD	M5	5136.96	5129.44	5137.82	5129.44	5135.73	1	6.3	0.65681	4
1744286400	XAUUSD	M5	5135.47	5127.87	5137.43	5125.53	5131	1	3.13	-0.09853	5
1744286700	XAUUSD	M5	5125.43	5130.4	5130.4	5118.03	5125.34	-1	5.07	0.36503	-1
1744287000	XAUUSD	M5	5127.73	5131.52	5132.65	5127.13	5129.28	-1	2.24	-0.30983	-2
1744287300	XAUUSD	M5	5129.76	5130.99	5138.76	5126.72	5132.05	1	1.06	-0.59192	1
1744287600	XAUUSD	M5	5132.98	5127.62	5139.22	5127.62	5134.36	1	6.75	0.76878	2
1744287900	XAUUSD	M5	5137.2	5120.35	5138.99	5120.35	5134.89	1	14.55	2.64107	3
1744288200	XAUUSD	M5	5135.1	5115.02	5135.27	5114.87	5125.67	1	10.65	1.74081	4
1744288500	XAUUSD	M5	5117.7	5113.35	5125.08	5110.13	5116.68	1	3.33	-0.02407	5
1744288800	XAUUSD	M5	5115.57	5110.35	5119.44	5110.35	5116.35	1	6	0.62804	6
1744289100	XAUUSD	M5	5118.74	5110.24	5119.38	5101.87	5110.47	1	0.22	-0.77519	7
1744289400	XAUUSD	M5	5101.94	5116.37	5116.37	5100.74	5104.11	-1	12.25	2.14498	-1
1744289700	XAUUSD	M5	5105.37	5122.03	5122.03	5094.27	5110.7	-1	11.33	1.94521	-2
1744290000	XAUUSD	M5	5121.27	5123.02	5127.68	5117.12	5121.05	-1	1.97	-0.34718	-3
1744290300	XAUUSD	M5	5118.1	5129.35	5129.35	5108.71	5116.68	-1	12.68	2.293	-4
1744290600	XAUUSD	M5	5115.35	5135.21	5135.21	5111.29	5123.5	-1	11.72	2.0844	-5
1744290900	XAUUSD	M5	5133.11	5141.3	5141.3	5122.73	5129.13	-1	12.17	2.22073	-6
1744291200	XAUUSD	M5	5126.45	5146.46	5146.46	5126.03	5136.14	-1	10.31	1.77949	-7
1744291500	XAUUSD	M5	5146	5150.4	5150.4	5136.75	5142.51	-1	7.88	1.17509	-8
1744291800	XAUUSD	M5	5138.59	5155.46	5155.46	5133.46	5145.34	-1	10.12	1.74055	-9
1744292100	XAUUSD	M5	5153.87	5156.18	5158.67	5149.97	5154.74	-1	1.44	-0.46009	-10
1744292400	XAUUSD	M5	5156.43	5155.71	5158.35	5154.89	5156.64	1	0.92	-0.59188	1
1744292700	XAUUSD	M5	5156.97	5156.41	5158.14	5152.1	5155.02	-1	1.39	-0.47303	-1
1744293000	XAUUSD	M5	5152.92	5156.8	5159.19	5152.92	5156.01	-1	0.79	-0.62473	-2
1744293300	XAUUSD	M5	5159	5154.68	5161.23	5154.68	5158.93	1	4.25	0.25757	1
1744293600	XAUUSD	M5	5158.55	5153.11	5158.99	5152.58	5156.26	1	3.15	-0.02018	2
1744293900	XAUUSD	M5	5154.93	5151.77	5160.44	5151.2	5154.44	1	2.67	-0.13963	3
1744294200	XAUUSD	M5	5150.85	5153.91	5154.05	5146.68	5149.63	-1	4.28	0.27194	-1
1744294500	XAUUSD	M5	5147.04	5157.24	5157.24	5145.46	5150.58	-1	6.66	0.87918	-2
1744294800	XAUUSD	M5	5154.5	5158.05	5158.9	5154.34	5156.43	-1	1.62	-0.3983	-3
1744295100	XAUUSD	M5	5158.08	5158.91	5159.73	5154.5	5157.19	-1	1.72	-0.3748	-4
1744295400	XAUUSD	M5	5156.46	5160.43	5160.43	5153.94	5157.38	-1	3.05	-0.03447	-5
1744295700	XAUUSD	M5	5159.53	5160.11	5164.51	5157.27	5160.75	1	0.64	-0.64445	1
1744296000	XAUUSD	M5	5161.67	5160.02	5163.24	5157.49	5160.2	1	0.17	-0.76258	2
1744296300	XAUUSD	M5	5158.4	5164.41	5164.41	5150.71	5155.64	-1	8.78	1.42593	-1
1744296600	XAUUSD	M5	5151.32	5170.16	5170.16	5147.17	5158.66	-1	11.5	2.12781	-2
1744296900	XAUUSD	M5	5167.55	5171.68	5171.68	5165.29	5168.64	-1	3.04	-0.02773	-3
1744297200	XAUUSD	M5	5170.71	5173.03	5173.03	5168.32	5170.34	-1	2.7	-0.11718	-4
1744297500	XAUUSD	M5	5169.59	5174.75	5174.75	5169.46	5171.31	-1	3.44	0.07464	-5
1744297800	XAUUSD	M5	5172.69	5175.08	5176.72	5172.34	5174.43	-1	0.66	-0.63987	-6
1744298100	XAUUSD	M5	5175.54	5175.87	5175.87	5172.22	5174.29	-1	1.58	-0.4089	-7
1744298400	XAUUSD	M5	5173.77	5175.87	5178.59	5172.92	5175.86	-1	0.01	-0.81373	-8
1744298700	XAUUSD	M5	5178.18	5174.57	5178.24	5174.57	5177.17	1	2.6	-0.15007	1
1744299000	XAUUSD	M5	5176.43	5174.02	5176.71	5173.12	5175.12	1	1.1	-0.53225	2
1744299300	XAUUSD	M5	5174.23	5173.62	5175.15	5173.61	5174.42	1	0.79	-0.61254	3
1744299600	XAUUSD	M5	5174.68	5173.86	5175.05	5171.87	5173.39	-1	0.47	-0.69537	-1
1744299900	XAUUSD	M5	5171.96	5174.86	5174.86	5171.1	5172.86	-1	2	-0.30486	-2
1744300200	XAUUSD	M5	5174	5174.5	5176.88	5173.38	5175.22	1	0.73	-0.63394	1
1744300500	XAUUSD	M5	5176.37	5173.84	5177.23	5173.38	5175.16	1	1.32	-0.48263	2
1744300800	XAUUSD	M5	5173.66	5173.08	5176.64	5172.32	5174.6	1	1.52	-0.43168	3
1744301100	XAUUSD	M5	5175.76	5171.79	5176.14	5171.79	5174.37	1	2.58	-0.15745	4
1744301400	XAUUSD	M5	5172.82	5170.69	5174.54	5170.69	5172.89	1	2.2	-0.25652	5
1744301700	XAUUSD	M5	5172.72	5170.03	5173.07	5169.34	5171.35	1	1.32	-0.48222	6
1744302000	XAUUSD	M5	5170.29	5169.71	5171.59	5169.12	5170.35	1	0.64	-0.6553	7
1744302300	XAUUSD	M5	5170.39	5170.79	5171.82	5165.51	5168.63	-1	2.16	-0.26412	-1
1744302600	XAUUSD	M5	5166.79	5174.25	5174.25	5163.38	5167.33	-1	6.92	0.95613	-2
1744302900	XAUUSD	M5	5167.24	5176.95	5176.95	5166.27	5171.55	-1	5.4	0.57335	-3
1744303200	XAUUSD	M5	5175.97	5175.62	5180.66	5175.62	5178.28	1	2.65	-0.12955	1
1744303500	XAUUSD	M5	5180.58	5173.84	5181.1	5173.84	5177.41	1	3.56	0.10486	2
1744303800	XAUUSD	M5	5173.97	5173.61	5175.32	5172.43	5174.07	1	0.46	-0.69187	3
1744304100	XAUUSD	M5	5174.63	5173.32	5174.85	5172.96	5173.91	1	0.59	-0.66123	4
1744304400	XAUUSD	M5	5173.19	5172.19	5176.05	5172.19	5174.45	1	2.25	-0.23607	5
1744304700	XAUUSD	M5	5175.98	5170.79	5176	5170.79	5173.6	1	2.8	-0.09661	6
1744305000	XAUUSD	M5	5171.47	5170.35	5173.02	5169.96	5171.24	1	0.89	-0.59143	7
1744305300	XAUUSD	M5	5170.5	5170.1	5171.98	5169.9	5170.59	1	0.49	-0.69709	8
1744305600	XAUUSD	M5	5170	5170.67	5170.78	5167.35	5169.53	-1	1.14	-0.53583	-1
1744305900	XAUUSD	M5	5170.03	5170.9	5172.33	5169.06	5170.44	-1	0.45	-0.71468	-2
1744306200	XAUUSD	M5	5170.42	5171	5173.46	5166.57	5170.8	-1	0.2	-0.78161	-3
1744306500	XAUUSD	M5	5172.74	5171.25	5173.51	5168.37	5170.75	-1	0.5	-0.70454	-4
