Fractal_timestamp	Fractal_symbol	Fractal_timeframe	Fractal_close	Fractal_Best_FL	Fractal_UOEDT	Fractal_LOEDT
1790239800	XAUUSD	M5	4262.42			
1790240100	XAUUSD	M5	4261.35			
1790240400	XAUUSD	M5	4259.42			
1790240700	XAUUSD	M5	4263.09			
1790241000	XAUUSD	M5	4262.97			
1790241300	XAUUSD	M5	4262.92			
1790241600	XAUUSD	M5	4263.35			
1790241900	XAUUSD	M5	4255.57			
1790242200	XAUUSD	M5	4257.74			
1790242500	XAUUSD	M5	4257.67			
1790242800	XAUUSD	M5	4252.11			
1790243100	XAUUSD	M5	4252.86			
1790243400	XAUUSD	M5	4253.70			
1790243700	XAUUSD	M5	4255.42			
1790244000	XAUUSD	M5	4253.79			
1790244300	XAUUSD	M5	4252.78			
1790244600	XAUUSD	M5	4252.16			
1790244900	XAUUSD	M5	4252.07			
1790245200	XAUUSD	M5	4247.71			
1790245500	XAUUSD	M5	4245.71			
1790245800	XAUUSD	M5	4253.97	4244.41000	4280.78842	4210.40221
1790246100	XAUUSD	M5	4260.52	4244.54905	4280.92747	4210.54126
1790246400	XAUUSD	M5	4258.38	4244.68811	4281.06653	4210.68032
1790246700	XAUUSD	M5	4262.76	4244.82716	4281.20558	4210.81937
1790247000	XAUUSD	M5	4257.24	4244.96621	4281.34463	4210.95842
1790247300	XAUUSD	M5	4258.29	4245.10526	4281.48368	4211.09747
1790247600	XAUUSD	M5	4256.01	4245.24432	4281.62274	4211.23653
1790247900	XAUUSD	M5	4254.89	4245.38337	4281.76179	4211.37558
1790248200	XAUUSD	M5	4258.83	4245.52242	4281.90084	4211.51463
1790248500	XAUUSD	M5	4261.72	4245.66147	4282.03989	4211.65368
1790248800	XAUUSD	M5	4266.20	4245.80053	4282.17895	4211.79274
1790249100	XAUUSD	M5	4263.80	4245.93958	4282.31800	4211.93179
1790249400	XAUUSD	M5	4261.35	4246.07863	4282.45705	4212.07084
1790249700	XAUUSD	M5	4259.63	4246.21768	4282.59611	4212.20989
1790250000	XAUUSD	M5	4260.69	4246.35674	4282.73516	4212.34895
1790250300	XAUUSD	M5	4260.59	4246.49579	4282.87421	4212.48800
1790250600	XAUUSD	M5	4260.62	4246.63484	4283.01326	4212.62705
1790250900	XAUUSD	M5	4265.91	4246.77389	4283.15232	4212.76611
1790251200	XAUUSD	M5	4261.78	4246.91295	4283.29137	4212.90516
1790251500	XAUUSD	M5	4265.11	4247.05200	4283.43042	4213.04421
1790251800	XAUUSD	M5	4268.82	4247.19105	4283.56947	4213.18326
1790252100	XAUUSD	M5	4269.13	4247.33011	4283.70853	4213.32232
1790252400	XAUUSD	M5	4270.08	4247.46916	4283.84758	4213.46137
1790252700	XAUUSD	M5	4271.41	4247.60821	4283.98663	4213.60042
1790253000	XAUUSD	M5	4266.87	4247.74726	4284.12568	4213.73947
1790253300	XAUUSD	M5	4268.43	4247.88632	4284.26474	4213.87853
1790253600	XAUUSD	M5	4271.87	4248.02537	4284.40379	4214.01758
1790253900	XAUUSD	M5	4274.19	4248.16442	4284.54284	4214.15663
1790254200	XAUUSD	M5	4280.19	4248.30347	4284.68189	4214.29568
1790254500	XAUUSD	M5	4281.09	4248.44253	4284.82095	4214.43474
1790254800	XAUUSD	M5	4280.44	4248.58158	4284.96000	4214.57379
1790255100	XAUUSD	M5	4279.63	4248.72063	4285.09905	4214.71284
1790255400	XAUUSD	M5	4278.37	4248.85968	4285.23811	4214.85189
1790255700	XAUUSD	M5	4277.94	4248.99874	4285.37716	4214.99095
1790256000	XAUUSD	M5	4277.15	4249.13779	4285.51621	4215.13000
1790256300	XAUUSD	M5	4276.38	4249.27684	4285.65526	4215.26905
1790256600	XAUUSD	M5	4272.86	4249.41589	4285.79432	4215.40811
1790256900	XAUUSD	M5	4271.71	4249.55495	4285.93337	4215.54716
1790257200	XAUUSD	M5	4273.36	4249.69400	4286.07242	4215.68621
1790257500	XAUUSD	M5	4271.36	4249.83305	4286.21147	4215.82526
1790257800	XAUUSD	M5	4266.29	4249.97211	4286.35053	4215.96432
1790258100	XAUUSD	M5	4267.63	4250.11116	4286.48958	4216.10337
1790258400	XAUUSD	M5	4270.79	4250.25021	4286.62863	4216.24242
1790258700	XAUUSD	M5	4270.32	4250.38926	4286.76768	4216.38147
1790259000	XAUUSD	M5	4269.66	4250.52832	4286.90674	4216.52053
1790259300	XAUUSD	M5	4264.91	4250.66737	4287.04579	4216.65958
1790259600	XAUUSD	M5	4263.73	4250.80642	4287.18484	4216.79863
1790259900	XAUUSD	M5	4267.12	4250.94547	4287.32389	4216.93768
1790260200	XAUUSD	M5	4261.90	4251.08453	4287.46295	4217.07674
1790260500	XAUUSD	M5	4256.88	4251.22358	4287.60200	4217.21579
1790260800	XAUUSD	M5	4256.48	4251.36263	4287.74105	4217.35484
1790261100	XAUUSD	M5	4257.34	4251.50168	4287.88011	4217.49389
1790261400	XAUUSD	M5	4259.85	4251.64074	4288.01916	4217.63295
1790261700	XAUUSD	M5	4253.25	4251.77979	4288.15821	4217.77200
1790262000	XAUUSD	M5	4250.68	4251.91884	4288.29726	4217.91105
1790262300	XAUUSD	M5	4249.65	4252.05789	4288.43632	4218.05011
1790262600	XAUUSD	M5	4246.96	4252.19695	4288.57537	4218.18916
1790262900	XAUUSD	M5	4250.53	4252.33600	4288.71442	4218.32821
1790263200	XAUUSD	M5	4255.24	4252.47505	4288.85347	4218.46726
1790263500	XAUUSD	M5	4250.32	4252.61411	4288.99253	4218.60632
1790263800	XAUUSD	M5	4248.21	4252.75316	4289.13158	4218.74537
1790264100	XAUUSD	M5	4253.74	4252.89221	4289.27063	4218.88442
1790264400	XAUUSD	M5	4255.22	4253.03126	4289.40968	4219.02347
1790264700	XAUUSD	M5	4254.66	4253.17032	4289.54874	4219.16253
1790265000	XAUUSD	M5	4257.55	4253.30937	4289.68779	4219.30158
1790265300	XAUUSD	M5	4256.67	4253.44842	4289.82684	4219.44063
1790265600	XAUUSD	M5	4258.38	4253.58747	4289.96589	4219.57968
1790265900	XAUUSD	M5	4253.21	4253.72653	4290.10495	4219.71874
1790266200	XAUUSD	M5	4258.23	4253.86558	4290.24400	4219.85779
1790266500	XAUUSD	M5	4274.19	4254.00463	4290.38305	4219.99684
1790266800	XAUUSD	M5	4276.09	4254.14368	4290.52211	4220.13589
1790267100	XAUUSD	M5	4275.49	4254.28274	4290.66116	4220.27495
1790267400	XAUUSD	M5	4273.91	4254.42179	4290.80021	4220.41400
1790267700	XAUUSD	M5	4277.19	4254.56084	4290.93926	4220.55305
1790268000	XAUUSD	M5	4274.27	4254.69989	4291.07832	4220.69211
1790268300	XAUUSD	M5	4275.19	4254.83895	4291.21737	4220.83116
1790268600	XAUUSD	M5	4272.93	4254.97800	4291.35642	4220.97021
1790268900	XAUUSD	M5	4273.16	4255.11705	4291.49547	4221.10926
1790269200	XAUUSD	M5	4271.99	4255.25611	4291.63453	4221.24832
1790269500	XAUUSD	M5	4271.01	4255.39516	4291.77358	4221.38737
1790269800	XAUUSD	M5	4271.14	4255.53421	4291.91263	4221.52642
1790270100	XAUUSD	M5	4262.55	4255.67326	4292.05168	4221.66547
1790270400	XAUUSD	M5	4261.28	4255.81232	4292.19074	4221.80453
1790270700	XAUUSD	M5	4262.96	4255.95137	4292.32979	4221.94358
1790271000	XAUUSD	M5	4263.09	4256.09042	4292.46884	4222.08263
1790271300	XAUUSD	M5	4262.49	4256.22947	4292.60789	4222.22168
1790271600	XAUUSD	M5	4258.95	4256.36853	4292.74695	4222.36074
1790271900	XAUUSD	M5	4258.80	4256.50758	4292.88600	4222.49979
1790272200	XAUUSD	M5	4260.75	4256.64663	4293.02505	4222.63884
1790272500	XAUUSD	M5	4264.89	4256.78568	4293.16411	4222.77789
1790272800	XAUUSD	M5	4257.85	4256.92474	4293.30316	4222.91695
1790273100	XAUUSD	M5	4262.53	4257.06379	4293.44221	4223.05600
1790273400	XAUUSD	M5	4269.71	4257.20284	4293.58126	4223.19505
1790273700	XAUUSD	M5	4269.02	4257.34189	4293.72032	4223.33411
1790274000	XAUUSD	M5	4269.28	4257.48095	4293.85937	4223.47316
1790274300	XAUUSD	M5	4274.70	4257.62000	4293.99842	4223.61221
1790274600	XAUUSD	M5	4270.50	4257.75905	4294.13747	4223.75126
1790274900	XAUUSD	M5	4277.65	4257.89811	4294.27653	4223.89032
1790275200	XAUUSD	M5	4271.52	4258.03716	4294.41558	4224.02937
1790275500	XAUUSD	M5	4272.66	4258.17621	4294.55463	4224.16842
1790275800	XAUUSD	M5	4273.41	4258.31526	4294.69368	4224.30747
1790276100	XAUUSD	M5	4271.91	4258.45432	4294.83274	4224.44653
1790276400	XAUUSD	M5	4268.37	4258.59337	4294.97179	4224.58558
1790276700	XAUUSD	M5	4269.73	4258.73242	4295.11084	4224.72463
1790277000	XAUUSD	M5	4267.60	4258.87147	4295.24989	4224.86368
1790277300	XAUUSD	M5	4271.00	4259.01053	4295.38895	4225.00274
1790277600	XAUUSD	M5	4274.47	4259.14958	4295.52800	4225.14179
1790277900	XAUUSD	M5	4272.16	4259.28863	4295.66705	4225.28084
1790278200	XAUUSD	M5	4272.99	4259.42768	4295.80611	4225.41989
1790278500	XAUUSD	M5	4275.55	4259.56674	4295.94516	4225.55895
1790278800	XAUUSD	M5	4274.43	4259.70579	4296.08421	4225.69800
1790279100	XAUUSD	M5	4273.65	4259.84484	4296.22326	4225.83705
1790279400	XAUUSD	M5	4274.83	4259.98389	4296.36232	4225.97611
1790279700	XAUUSD	M5	4273.86	4260.12295	4296.50137	4226.11516
1790280000	XAUUSD	M5	4272.11	4260.26200	4296.64042	4226.25421
1790280300	XAUUSD	M5	4270.46	4260.40105	4296.77947	4226.39326
1790280600	XAUUSD	M5	4269.85	4260.54011	4296.91853	4226.53232
1790280900	XAUUSD	M5	4265.30	4260.67916	4297.05758	4226.67137
1790281200	XAUUSD	M5	4265.87	4260.81821	4297.19663	4226.81042
1790281500	XAUUSD	M5	4265.41	4260.95726	4297.33568	4226.94947
1790281800	XAUUSD	M5	4266.84	4261.09632	4297.47474	4227.08853
1790282100	XAUUSD	M5	4268.79	4261.23537	4297.61379	4227.22758
1790282400	XAUUSD	M5	4270.88	4261.37442	4297.75284	4227.36663
1790282700	XAUUSD	M5	4271.72	4261.51347	4297.89189	4227.50568
1790283000	XAUUSD	M5	4272.89	4261.65253	4298.03095	4227.64474
1790283300	XAUUSD	M5	4273.93	4261.79158	4298.17000	4227.78379
1790287200	XAUUSD	M5	4274.40	4261.93063	4298.30905	4227.92284
1790287500	XAUUSD	M5	4271.81	4262.06968	4298.44811	4228.06189
1790287800	XAUUSD	M5	4270.43	4262.20874	4298.58716	4228.20095
1790288100	XAUUSD	M5	4268.45	4262.34779	4298.72621	4228.34000
1790288400	XAUUSD	M5	4270.09	4262.48684	4298.86526	4228.47905
1790288700	XAUUSD	M5	4271.14	4262.62589	4299.00432	4228.61811
1790289000	XAUUSD	M5	4272.01	4262.76495	4299.14337	4228.75716
1790289300	XAUUSD	M5	4270.00	4262.90400	4299.28242	4228.89621
1790289600	XAUUSD	M5	4270.87	4263.04305	4299.42147	4229.03526
1790289900	XAUUSD	M5	4271.37	4263.18211	4299.56053	4229.17432
1790290200	XAUUSD	M5	4272.14	4263.32116	4299.69958	4229.31337
1790290500	XAUUSD	M5	4272.48	4263.46021	4299.83863	4229.45242
1790290800	XAUUSD	M5	4273.87	4263.59926	4299.97768	4229.59147
1790291100	XAUUSD	M5	4273.60	4263.73832	4300.11674	4229.73053
1790291400	XAUUSD	M5	4273.38	4263.87737	4300.25579	4229.86958
1790291700	XAUUSD	M5	4273.41	4264.01642	4300.39484	4230.00863
1790292000	XAUUSD	M5	4273.04	4264.15547	4300.53389	4230.14768
1790292300	XAUUSD	M5	4271.95	4264.29453	4300.67295	4230.28674
1790292600	XAUUSD	M5	4272.60	4264.43358	4300.81200	4230.42579
1790292900	XAUUSD	M5	4274.46	4264.57263	4300.95105	4230.56484
1790293200	XAUUSD	M5	4274.49	4264.71168	4301.09011	4230.70389
1790293500	XAUUSD	M5	4271.59	4264.85074	4301.22916	4230.84295
1790293800	XAUUSD	M5	4267.52	4264.98979	4301.36821	4230.98200
1790294100	XAUUSD	M5	4264.93	4265.12884	4301.50726	4231.12105
1790294400	XAUUSD	M5	4269.76	4265.26789	4301.64632	4231.26011
1790294700	XAUUSD	M5	4268.73	4265.40695	4301.78537	4231.39916
1790295000	XAUUSD	M5	4266.33	4265.54600	4301.92442	4231.53821
1790295300	XAUUSD	M5	4267.79	4265.68505	4302.06347	4231.67726
1790295600	XAUUSD	M5	4269.39	4265.82411	4302.20253	4231.81632
1790295900	XAUUSD	M5	4270.50	4265.96316	4302.34158	4231.95537
1790296200	XAUUSD	M5	4269.71	4266.10221	4302.48063	4232.09442
1790296500	XAUUSD	M5	4269.74	4266.24126	4302.61968	4232.23347
1790296800	XAUUSD	M5	4271.42	4266.38032	4302.75874	4232.37253
1790297100	XAUUSD	M5	4273.33	4266.51937	4302.89779	4232.51158
1790297400	XAUUSD	M5	4273.19	4266.65842	4303.03684	4232.65063
1790297700	XAUUSD	M5	4278.48	4266.79747	4303.17589	4232.78968
1790298000	XAUUSD	M5	4281.66	4266.93653	4303.31495	4232.92874
1790298300	XAUUSD	M5	4284.41	4267.07558	4303.45400	4233.06779
1790298600	XAUUSD	M5	4289.96	4267.21463	4303.59305	4233.20684
1790298900	XAUUSD	M5	4289.70	4267.35368	4303.73211	4233.34589
1790299200	XAUUSD	M5	4293.00	4267.49274	4303.87116	4233.48495
1790299500	XAUUSD	M5	4293.70	4267.63179	4304.01021	4233.62400
1790299800	XAUUSD	M5	4292.48	4267.77084	4304.14926	4233.76305
1790300100	XAUUSD	M5	4294.79	4267.90989	4304.28832	4233.90211
1790300400	XAUUSD	M5	4292.65	4268.04895	4304.42737	4234.04116
1790300700	XAUUSD	M5	4288.37	4268.18800	4304.56642	4234.18021
1790301000	XAUUSD	M5	4287.61	4268.32705	4304.70547	4234.31926
1790301300	XAUUSD	M5	4287.83	4268.46611	4304.84453	4234.45832
1790301600	XAUUSD	M5	4291.20	4268.60516	4304.98358	4234.59737
1790301900	XAUUSD	M5	4294.74	4268.74421	4305.12263	4234.73642
1790302200	XAUUSD	M5	4290.20	4268.88326	4305.26168	4234.87547
1790302500	XAUUSD	M5	4290.49	4269.02232	4305.40074	4235.01453
1790302800	XAUUSD	M5	4290.47	4269.16137	4305.53979	4235.15358
1790303100	XAUUSD	M5	4288.09	4269.30042	4305.67884	4235.29263
1790303400	XAUUSD	M5	4287.62	4269.43947	4305.81789	4235.43168
1790303700	XAUUSD	M5	4285.07	4269.57853	4305.95695	4235.57074
1790304000	XAUUSD	M5	4285.95	4269.71758	4306.09600	4235.70979
1790304300	XAUUSD	M5	4280.73	4269.85663	4306.23505	4235.84884
1790304600	XAUUSD	M5	4282.47	4269.99568	4306.37411	4235.98789
1790304900	XAUUSD	M5	4283.79	4270.13474	4306.51316	4236.12695
1790305200	XAUUSD	M5	4283.68	4270.27379	4306.65221	4236.26600
1790305500	XAUUSD	M5	4284.66	4270.41284	4306.79126	4236.40505
1790305800	XAUUSD	M5	4282.66	4270.55189	4306.93032	4236.54411
1790306100	XAUUSD	M5	4283.74	4270.69095	4307.06937	4236.68316
1790306400	XAUUSD	M5	4282.50	4270.83000	4307.20842	4236.82221
1790306700	XAUUSD	M5	4278.12	4270.96905	4307.34747	4236.96126
1790307000	XAUUSD	M5	4276.62	4271.10811	4307.48653	4237.10032
1790307300	XAUUSD	M5	4274.80	4271.24716	4307.62558	4237.23937
1790307600	XAUUSD	M5	4273.57	4271.38621	4307.76463	4237.37842
1790307900	XAUUSD	M5	4271.71	4271.52526	4307.90368	4237.51747
1790308200	XAUUSD	M5	4271.83	4271.66432	4308.04274	4237.65653
1790308500	XAUUSD	M5	4270.03	4271.80337	4308.18179	4237.79558
1790308800	XAUUSD	M5	4271.05	4271.94242	4308.32084	4237.93463
1790309100	XAUUSD	M5	4270.67	4272.08147	4308.45989	4238.07368
1790309400	XAUUSD	M5	4268.22	4272.22053	4308.59895	4238.21274
1790309700	XAUUSD	M5	4268.45	4272.35958	4308.73800	4238.35179
1790310000	XAUUSD	M5	4270.71	4272.49863	4308.87705	4238.49084
1790310300	XAUUSD	M5	4271.35	4272.63768	4309.01611	4238.62989
1790310600	XAUUSD	M5	4271.49	4272.77674	4309.15516	4238.76895
1790310900	XAUUSD	M5	4270.72	4272.91579	4309.29421	4238.90800
1790311200	XAUUSD	M5	4272.03	4273.05484	4309.43326	4239.04705
1790311500	XAUUSD	M5	4270.06	4273.19389	4309.57232	4239.18611
1790311800	XAUUSD	M5	4268.19	4273.33295	4309.71137	4239.32516
1790312100	XAUUSD	M5	4263.06	4273.47200	4309.85042	4239.46421
1790312400	XAUUSD	M5	4259.94	4273.61105	4309.98947	4239.60326
1790312700	XAUUSD	M5	4259.86	4273.75011	4310.12853	4239.74232
1790313000	XAUUSD	M5	4256.96	4273.88916	4310.26758	4239.88137
1790313300	XAUUSD	M5	4260.57	4274.02821	4310.40663	4240.02042
1790313600	XAUUSD	M5	4259.63	4274.16726	4310.54568	4240.15947
1790313900	XAUUSD	M5	4264.09	4274.30632	4310.68474	4240.29853
1790314200	XAUUSD	M5	4269.11	4274.44537	4310.82379	4240.43758
1790314500	XAUUSD	M5	4273.26	4274.58442	4310.96284	4240.57663
1790314800	XAUUSD	M5	4274.58	4274.72347	4311.10189	4240.71568
1790315100	XAUUSD	M5	4270.95	4274.86253	4311.24095	4240.85474
1790315400	XAUUSD	M5	4268.48	4275.00158	4311.38000	4240.99379
1790315700	XAUUSD	M5	4266.75	4275.14063	4311.51905	4241.13284
1790316000	XAUUSD	M5	4271.97	4275.27968	4311.65811	4241.27189
1790316300	XAUUSD	M5	4268.14	4275.41874	4311.79716	4241.41095
1790316600	XAUUSD	M5	4274.67	4275.55779	4311.93621	4241.55000
1790316900	XAUUSD	M5	4278.02	4275.69684	4312.07526	4241.68905
1790317200	XAUUSD	M5	4278.43	4275.83589	4312.21432	4241.82811
1790317500	XAUUSD	M5	4274.98	4275.97495	4312.35337	4241.96716
1790317800	XAUUSD	M5	4276.54	4276.11400	4312.49242	4242.10621
1790318100	XAUUSD	M5	4276.98	4276.25305	4312.63147	4242.24526
1790318400	XAUUSD	M5	4277.02	4276.39211	4312.77053	4242.38432
1790318700	XAUUSD	M5	4276.83	4276.53116	4312.90958	4242.52337
1790319000	XAUUSD	M5	4276.35	4276.67021	4313.04863	4242.66242
1790319300	XAUUSD	M5	4275.81	4276.80926	4313.18768	4242.80147
1790319600	XAUUSD	M5	4273.81	4276.94832	4313.32674	4242.94053
1790319900	XAUUSD	M5	4276.97	4277.08737	4313.46579	4243.07958
1790320200	XAUUSD	M5	4275.20	4277.22642	4313.60484	4243.21863
1790320500	XAUUSD	M5	4272.57	4277.36547	4313.74389	4243.35768
1790320800	XAUUSD	M5	4274.13	4277.50453	4313.88295	4243.49674
1790321100	XAUUSD	M5	4273.79	4277.64358	4314.02200	4243.63579
1790321400	XAUUSD	M5	4275.54	4277.78263	4314.16105	4243.77484
1790321700	XAUUSD	M5	4276.34	4277.92168	4314.30011	4243.91389
1790322000	XAUUSD	M5	4276.74	4278.06074	4314.43916	4244.05295
1790322300	XAUUSD	M5	4278.94	4278.19979	4314.57821	4244.19200
1790322600	XAUUSD	M5	4278.16	4278.33884	4314.71726	4244.33105
1790322900	XAUUSD	M5	4279.72	4278.47789	4314.85632	4244.47011
1790323200	XAUUSD	M5	4275.49	4278.61695	4314.99537	4244.60916
1790323500	XAUUSD	M5	4278.31	4278.75600	4315.13442	4244.74821
1790323800	XAUUSD	M5	4281.79	4278.89505	4315.27347	4244.88726
1790324100	XAUUSD	M5	4281.21	4279.03411	4315.41253	4245.02632
1790324400	XAUUSD	M5	4281.47	4279.17316	4315.55158	4245.16537
1790324700	XAUUSD	M5	4284.25	4279.31221	4315.69063	4245.30442
1790325000	XAUUSD	M5	4287.69	4279.45126	4315.82968	4245.44347
1790325300	XAUUSD	M5	4286.99	4279.59032	4315.96874	4245.58253
1790325600	XAUUSD	M5	4292.25	4279.72937	4316.10779	4245.72158
1790325900	XAUUSD	M5	4291.32	4279.86842	4316.24684	4245.86063
1790326200	XAUUSD	M5	4292.42	4280.00747	4316.38589	4245.99968
1790326500	XAUUSD	M5	4293.45	4280.14653	4316.52495	4246.13874
1790326800	XAUUSD	M5	4295.40	4280.28558	4316.66400	4246.27779
1790327100	XAUUSD	M5	4297.45	4280.42463	4316.80305	4246.41684
1790327400	XAUUSD	M5	4293.99	4280.56368	4316.94211	4246.55589
1790327700	XAUUSD	M5	4293.27	4280.70274	4317.08116	4246.69495
1790328000	XAUUSD	M5	4296.13	4280.84179	4317.22021	4246.83400
1790328300	XAUUSD	M5	4290.54	4280.98084	4317.35926	4246.97305
1790328600	XAUUSD	M5	4296.63	4281.11989	4317.49832	4247.11211
1790328900	XAUUSD	M5	4293.82	4281.25895	4317.63737	4247.25116
1790329200	XAUUSD	M5	4294.66	4281.39800	4317.77642	4247.39021
1790329500	XAUUSD	M5	4292.60	4281.53705	4317.91547	4247.52926
1790329800	XAUUSD	M5	4292.92	4281.67611	4318.05453	4247.66832
1790330100	XAUUSD	M5	4295.13	4281.81516	4318.19358	4247.80737
1790330400	XAUUSD	M5	4295.24	4281.95421	4318.33263	4247.94642
1790330700	XAUUSD	M5	4301.52	4282.09326	4318.47168	4248.08547
1790331000	XAUUSD	M5	4307.29	4282.23232	4318.61074	4248.22453
1790331300	XAUUSD	M5	4305.02	4282.37137	4318.74979	4248.36358
1790331600	XAUUSD	M5	4306.28	4282.51042	4318.88884	4248.50263
1790331900	XAUUSD	M5	4308.28	4282.64947	4319.02789	4248.64168
1790332200	XAUUSD	M5	4305.69	4282.78853	4319.16695	4248.78074
1790332500	XAUUSD	M5	4303.78	4282.92758	4319.30600	4248.91979
1790332800	XAUUSD	M5	4305.38	4283.06663	4319.44505	4249.05884
1790333100	XAUUSD	M5	4305.45	4283.20568	4319.58411	4249.19789
1790333400	XAUUSD	M5	4309.06	4283.34474	4319.72316	4249.33695
1790333700	XAUUSD	M5	4311.07	4283.48379	4319.86221	4249.47600
1790334000	XAUUSD	M5	4310.34	4283.62284	4320.00126	4249.61505
1790334300	XAUUSD	M5	4314.29	4283.76189	4320.14032	4249.75411
1790334600	XAUUSD	M5	4312.51	4283.90095	4320.27937	4249.89316
1790334900	XAUUSD	M5	4310.90	4284.04000	4320.41842	4250.03221
1790335200	XAUUSD	M5	4309.98	4284.17905	4320.55747	4250.17126
1790335500	XAUUSD	M5	4304.69	4284.31811	4320.69653	4250.31032
1790335800	XAUUSD	M5	4304.40	4284.45716	4320.83558	4250.44937
1790336100	XAUUSD	M5	4300.04	4284.59621	4320.97463	4250.58842
1790336400	XAUUSD	M5	4301.67	4284.73526	4321.11368	4250.72747
1790336700	XAUUSD	M5	4302.95	4284.87432	4321.25274	4250.86653
1790337000	XAUUSD	M5	4303.63	4285.01337	4321.39179	4251.00558
1790337300	XAUUSD	M5	4303.00	4285.15242	4321.53084	4251.14463
1790337600	XAUUSD	M5	4304.20	4285.29147	4321.66989	4251.28368
1790337900	XAUUSD	M5	4303.68	4285.43053	4321.80895	4251.42274
1790338200	XAUUSD	M5	4299.88	4285.56958	4321.94800	4251.56179
1790338500	XAUUSD	M5	4299.63	4285.70863	4322.08705	4251.70084
1790338800	XAUUSD	M5	4303.52	4285.84768	4322.22611	4251.83989
1790339100	XAUUSD	M5	4306.66	4285.98674	4322.36516	4251.97895
1790339400	XAUUSD	M5	4302.17	4286.12579	4322.50421	4252.11800
1790339700	XAUUSD	M5	4302.35	4286.26484	4322.64326	4252.25705
1790340000	XAUUSD	M5	4301.70	4286.40389	4322.78232	4252.39611
1790340300	XAUUSD	M5	4301.86	4286.54295	4322.92137	4252.53516
1790340600	XAUUSD	M5	4299.23	4286.68200	4323.06042	4252.67421
1790340900	XAUUSD	M5	4298.13	4286.82105	4323.19947	4252.81326
1790341200	XAUUSD	M5	4291.67	4286.96011	4323.33853	4252.95232
1790341500	XAUUSD	M5	4297.75	4287.09916	4323.47758	4253.09137
1790341800	XAUUSD	M5	4292.77	4287.23821	4323.61663	4253.23042
1790342100	XAUUSD	M5	4290.35	4287.37726	4323.75568	4253.36947
1790342400	XAUUSD	M5	4285.82	4287.51632	4323.89474	4253.50853
1790342700	XAUUSD	M5	4278.22	4287.65537	4324.03379	4253.64758
1790343000	XAUUSD	M5	4280.05	4287.79442	4324.17284	4253.78663
1790343300	XAUUSD	M5	4281.11	4287.93347	4324.31189	4253.92568
1790343600	XAUUSD	M5	4278.93	4288.07253	4324.45095	4254.06474
1790343900	XAUUSD	M5	4278.10	4288.21158	4324.59000	4254.20379
1790344200	XAUUSD	M5	4280.53	4288.35063	4324.72905	4254.34284
1790344500	XAUUSD	M5	4275.61	4288.48968	4324.86811	4254.48189
1790344800	XAUUSD	M5	4258.47	4288.62874	4325.00716	4254.62095
1790345100	XAUUSD	M5	4266.32	4288.76779	4325.14621	4254.76000
1790345400	XAUUSD	M5	4267.51	4288.90684	4325.28526	4254.89905
1790345700	XAUUSD	M5	4266.09	4289.04589	4325.42432	4255.03811
1790346000	XAUUSD	M5	4268.36	4289.18495	4325.56337	4255.17716
1790346300	XAUUSD	M5	4265.99	4289.32400	4325.70242	4255.31621
1790346600	XAUUSD	M5	4264.98	4289.46305	4325.84147	4255.45526
1790346900	XAUUSD	M5	4271.78	4289.60211	4325.98053	4255.59432
1790347200	XAUUSD	M5	4273.19	4289.74116	4326.11958	4255.73337
1790347500	XAUUSD	M5	4277.90	4289.88021	4326.25863	4255.87242
1790347800	XAUUSD	M5	4277.10	4290.01926	4326.39768	4256.01147
1790348100	XAUUSD	M5	4279.08	4290.15832	4326.53674	4256.15053
1790348400	XAUUSD	M5	4281.98	4290.29737	4326.67579	4256.28958
1790348700	XAUUSD	M5	4275.67	4290.43642	4326.81484	4256.42863
1790349000	XAUUSD	M5	4280.10	4290.57547	4326.95389	4256.56768
1790349300	XAUUSD	M5	4274.98	4290.71453	4327.09295	4256.70674
1790349600	XAUUSD	M5	4275.96	4290.85358	4327.23200	4256.84579
1790349900	XAUUSD	M5	4279.74	4290.99263	4327.37105	4256.98484
1790350200	XAUUSD	M5	4282.80	4291.13168	4327.51011	4257.12389
1790350500	XAUUSD	M5	4276.48	4291.27074	4327.64916	4257.26295
1790350800	XAUUSD	M5	4275.01	4291.40979	4327.78821	4257.40200
1790351100	XAUUSD	M5	4271.62	4291.54884	4327.92726	4257.54105
1790351400	XAUUSD	M5	4277.52	4291.68789	4328.06632	4257.68011
1790351700	XAUUSD	M5	4290.71	4291.82695	4328.20537	4257.81916
1790352000	XAUUSD	M5	4294.65	4291.96600	4328.34442	4257.95821
1790352300	XAUUSD	M5	4293.77	4292.10505	4328.48347	4258.09726
1790352600	XAUUSD	M5	4290.48	4292.24411	4328.62253	4258.23632
1790352900	XAUUSD	M5	4288.74	4292.38316	4328.76158	4258.37537
1790353200	XAUUSD	M5	4288.22	4292.52221	4328.90063	4258.51442
1790353500	XAUUSD	M5	4292.12	4292.66126	4329.03968	4258.65347
1790353800	XAUUSD	M5	4284.00	4292.80032	4329.17874	4258.79253
1790354100	XAUUSD	M5	4287.28	4292.93937	4329.31779	4258.93158
1790354400	XAUUSD	M5	4287.15	4293.07842	4329.45684	4259.07063
1790354700	XAUUSD	M5	4282.82	4293.21747	4329.59589	4259.20968
1790355000	XAUUSD	M5	4284.65	4293.35653	4329.73495	4259.34874
1790355300	XAUUSD	M5	4286.47	4293.49558	4329.87400	4259.48779
1790355600	XAUUSD	M5	4291.13	4293.63463	4330.01305	4259.62684
1790355900	XAUUSD	M5	4292.83	4293.77368	4330.15211	4259.76589
1790356200	XAUUSD	M5	4291.41	4293.91274	4330.29116	4259.90495
1790356500	XAUUSD	M5	4290.74	4294.05179	4330.43021	4260.04400
1790356800	XAUUSD	M5	4292.18	4294.19084	4330.56926	4260.18305
1790357100	XAUUSD	M5	4286.66	4294.32989	4330.70832	4260.32211
1790357400	XAUUSD	M5	4285.12	4294.46895	4330.84737	4260.46116
1790357700	XAUUSD	M5	4284.18	4294.60800	4330.98642	4260.60021
1790358000	XAUUSD	M5	4285.68	4294.74705	4331.12547	4260.73926
1790358300	XAUUSD	M5	4284.23	4294.88611	4331.26453	4260.87832
1790358600	XAUUSD	M5	4283.94	4295.02516	4331.40358	4261.01737
1790358900	XAUUSD	M5	4283.19	4295.16421	4331.54263	4261.15642
1790359200	XAUUSD	M5	4283.33	4295.30326	4331.68168	4261.29547
1790359500	XAUUSD	M5	4285.50	4295.44232	4331.82074	4261.43453
1790359800	XAUUSD	M5	4284.78	4295.58137	4331.95979	4261.57358
1790360100	XAUUSD	M5	4288.47	4295.72042	4332.09884	4261.71263
1790360400	XAUUSD	M5	4288.96	4295.85947	4332.23789	4261.85168
1790360700	XAUUSD	M5	4287.52	4295.99853	4332.37695	4261.99074
1790361000	XAUUSD	M5	4292.26	4296.13758	4332.51600	4262.12979
1790361300	XAUUSD	M5	4287.74	4296.27663	4332.65505	4262.26884
1790361600	XAUUSD	M5	4291.77	4296.41568	4332.79411	4262.40789
1790361900	XAUUSD	M5	4294.78	4296.55474	4332.93316	4262.54695
1790362200	XAUUSD	M5	4294.68	4296.69379	4333.07221	4262.68600
1790362500	XAUUSD	M5	4294.88	4296.83284	4333.21126	4262.82505
1790362800	XAUUSD	M5	4289.76	4296.97189	4333.35032	4262.96411
1790363100	XAUUSD	M5	4293.86	4297.11095	4333.48937	4263.10316
1790363400	XAUUSD	M5	4296.77	4297.25000	4333.62842	4263.24221
1790363700	XAUUSD	M5	4292.87	4297.38905	4333.76747	4263.38126
1790364000	XAUUSD	M5	4290.08	4297.52811	4333.90653	4263.52032
1790364300	XAUUSD	M5	4289.00	4297.66716	4334.04558	4263.65937
1790364600	XAUUSD	M5	4288.78	4297.80621	4334.18463	4263.79842
1790364900	XAUUSD	M5	4293.30	4297.94526	4334.32368	4263.93747
1790365200	XAUUSD	M5	4292.38	4298.08432	4334.46274	4264.07653
1790365500	XAUUSD	M5	4292.90	4298.22337	4334.60179	4264.21558
1790365800	XAUUSD	M5	4290.93	4298.36242	4334.74084	4264.35463
1790366100	XAUUSD	M5	4291.36	4298.50147	4334.87989	4264.49368
1790366400	XAUUSD	M5	4291.32	4298.64053	4335.01895	4264.63274
1790366700	XAUUSD	M5	4291.55	4298.77958	4335.15800	4264.77179
1790367000	XAUUSD	M5	4290.72	4298.91863	4335.29705	4264.91084
1790367300	XAUUSD	M5	4289.97	4299.05768	4335.43611	4265.04989
1790367600	XAUUSD	M5	4288.57	4299.19674	4335.57516	4265.18895
1790367900	XAUUSD	M5	4287.39	4299.33579	4335.71421	4265.32800
1790368200	XAUUSD	M5	4286.27	4299.47484	4335.85326	4265.46705
1790368500	XAUUSD	M5	4285.78	4299.61389	4335.99232	4265.60611
1790368800	XAUUSD	M5	4284.81	4299.75295	4336.13137	4265.74516
1790369100	XAUUSD	M5	4285.16	4299.89200	4336.27042	4265.88421
1790369400	XAUUSD	M5	4285.10	4300.03105	4336.40947	4266.02326
1790369700	XAUUSD	M5	4285.96	4300.17011	4336.54853	4266.16232
1790546400	XAUUSD	M5	4272.70	4300.30916	4336.68758	4266.30137
1790546700	XAUUSD	M5	4273.68	4300.44821	4336.82663	4266.44042
1790547000	XAUUSD	M5	4266.18	4300.58726	4336.96568	4266.57947
1790547300	XAUUSD	M5	4268.21	4300.72632	4337.10474	4266.71853
1790547600	XAUUSD	M5	4268.58	4300.86537	4337.24379	4266.85758
1790547900	XAUUSD	M5	4268.66	4301.00442	4337.38284	4266.99663
1790548200	XAUUSD	M5	4263.19	4301.14347	4337.52189	4267.13568
1790548500	XAUUSD	M5	4263.09	4301.28253	4337.66095	4267.27474
1790548800	XAUUSD	M5	4261.58	4301.42158	4337.80000	4267.41379
1790549100	XAUUSD	M5	4259.37	4301.56063	4337.93905	4267.55284
1790549400	XAUUSD	M5	4258.85	4301.69968	4338.07811	4267.69189
1790549700	XAUUSD	M5	4260.09	4301.83874	4338.21716	4267.83095
1790550000	XAUUSD	M5	4264.72	4301.97779	4338.35621	4267.97000
1790550300	XAUUSD	M5	4264.96	4302.11684	4338.49526	4268.10905
1790550600	XAUUSD	M5	4264.92	4302.25589	4338.63432	4268.24811
1790550900	XAUUSD	M5	4264.55	4302.39495	4338.77337	4268.38716
1790551200	XAUUSD	M5	4265.28	4302.53400	4338.91242	4268.52621
1790551500	XAUUSD	M5	4263.33	4302.67305	4339.05147	4268.66526
1790551800	XAUUSD	M5	4261.07	4302.81211	4339.19053	4268.80432
1790552100	XAUUSD	M5	4260.32	4302.95116	4339.32958	4268.94337
1790552400	XAUUSD	M5	4260.31	4303.09021	4339.46863	4269.08242
