zigzag_TimeStamp	zigzag_symbol	zigzag_timeframe	zigzag_close	zigzag_Type	CurrentPoint	CurrentPrChg	Current%Chg	Current%ChgClass	CurrentBars	CurrentBarsClass	CurrentPrPerBar	CurrentPrPerBarClass	CurrentSlope	CurrentCategory
1789098600	XAUUSD	M5	4304.21000	Bottom	4300.88000	-39.61000	-0.91	3	34	4	-1.16500	3	-49.3582	LL
1789107000	XAUUSD	M5	4359.03000	Peak	4360.76000	59.88000	1.39	2	28	0	2.13857	0	64.9391	HH
1789113000	XAUUSD	M5	4342.65000	Bottom	4340.57000	-20.19000	-0.46	3	20	3	-1.00950	3	-45.2709	HL
1789114800	XAUUSD	M5	4352.31000	Peak	4357.46000	16.89000	0.39	0	6	0	2.81500	0	70.4429	LH
1789119600	XAUUSD	M5	4343.48000	Bottom	4340.89000	-16.57000	-0.38	3	16	3	-1.03562	3	-46.0026	HL
1789122300	XAUUSD	M5	4349.22000	Peak	4349.98000	9.09000	0.21	0	9	0	1.01000	0	45.2851	LH
1789128600	XAUUSD	M5	4327.76000	Bottom	4324.98000	-25.00000	-0.57	3	21	3	-1.19048	3	-49.9697	LL
1789129500	XAUUSD	M5	4341.27000	Peak	4343.21000	18.23000	0.42	0	3	0	6.07667	1	80.6549	LH
1789129800	XAUUSD	M5	4329.90000	Bottom	4292.06000	-51.15000	-1.18	4	1	3	-51.15000	5	-88.8800	LL
1789135200	XAUUSD	M5	4390.39000	Peak	4402.51000	110.45000	2.57	2	18	0	6.13611	0	80.7439	HH
1789143600	XAUUSD	M5	4353.03000	Bottom	4351.95000	-50.56000	-1.15	3	28	3	-1.80571	3	-61.0224	HL
1789147800	XAUUSD	M5	4369.06000	Peak	4370.43000	18.48000	0.42	0	14	0	1.32000	0	52.8533	LH
1789150800	XAUUSD	M5	4349.04000	Bottom	4344.28000	-26.15000	-0.60	3	10	3	-2.61500	3	-69.0727	LL
1789154100	XAUUSD	M5	4349.50000	Peak	4353.68000	9.40000	0.22	0	11	0	0.85455	0	40.5154	LH
1789338000	XAUUSD	M5	4329.14000	Bottom	4328.31000	-25.37000	-0.58	3	25	3	-1.01480	3	-45.4209	LL
1789341000	XAUUSD	M5	4339.60000	Peak	4342.44000	14.13000	0.33	0	10	0	1.41300	0	54.7124	LH
1789344000	XAUUSD	M5	4333.74000	Bottom	4329.88000	-12.56000	-0.29	3	10	3	-1.25600	3	-51.4740	HL
1789344600	XAUUSD	M5	4342.68000	Peak	4347.51000	17.63000	0.41	0	2	0	8.81500	0	83.5279	HH
1789348800	XAUUSD	M5	4335.07000	Bottom	4326.31000	-21.20000	-0.49	3	14	3	-1.51429	3	-56.5601	LL
1789353000	XAUUSD	M5	4354.39000	Peak	4355.34000	29.03000	0.67	0	14	0	2.07357	0	64.2539	HH
1789361100	XAUUSD	M5	4324.93000	Bottom	4322.17000	-33.17000	-0.76	3	27	3	-1.22852	3	-50.8548	LL
1789364100	XAUUSD	M5	4335.15000	Peak	4337.11000	14.94000	0.35	0	10	0	1.49400	0	56.2039	LH
1789365000	XAUUSD	M5	4334.61000	Bottom	4323.40000	-13.71000	-0.32	3	3	3	-4.57000	3	-77.6572	HL
1789365600	XAUUSD	M5	4334.47000	Peak	4338.75000	15.35000	0.36	0	2	0	7.67500	0	82.5766	HH
1789380000	XAUUSD	M5	4281.62000	Bottom	4278.28000	-60.47000	-1.39	4	48	5	-1.25979	3	-51.5581	LL
1789384800	XAUUSD	M5	4296.69000	Peak	4296.84000	18.56000	0.43	0	16	0	1.16000	0	49.2364	LH
1789386900	XAUUSD	M5	4287.08000	Bottom	4284.24000	-12.60000	-0.29	3	7	3	-1.80000	3	-60.9454	HL
1789388100	XAUUSD	M5	4290.28000	Peak	4297.60000	13.36000	0.31	0	4	0	3.34000	0	73.3322	HH
1789391100	XAUUSD	M5	4260.24000	Bottom	4253.61000	-43.99000	-1.02	3	10	3	-4.39900	3	-77.1929	LL
1789395300	XAUUSD	M5	4276.24000	Peak	4282.95000	29.34000	0.69	0	14	0	2.09571	0	64.4912	LH
1789395900	XAUUSD	M5	4270.03000	Bottom	4264.15000	-18.80000	-0.44	3	2	3	-9.40000	3	-83.9275	HL
1789404600	XAUUSD	M5	4316.65000	Peak	4317.63000	53.48000	1.25	0	29	0	1.84414	0	61.5308	HH
1789416000	XAUUSD	M5	4284.61000	Bottom	4282.31000	-35.32000	-0.82	3	38	5	-0.92947	3	-42.9067	HL
1789423200	XAUUSD	M5	4299.55000	Peak	4302.35000	20.04000	0.47	0	12	0	1.67000	0	59.0867	LH
1789431600	XAUUSD	M5	4287.54000	Bottom	4283.71000	-18.64000	-0.43	3	28	3	-0.66571	3	-33.6523	HL
1789440300	XAUUSD	M5	4316.82000	Peak	4317.41000	33.70000	0.79	0	29	0	1.16207	0	49.2869	HH
1789453800	XAUUSD	M5	4287.14000	Bottom	4286.03000	-31.38000	-0.73	3	45	5	-0.69733	3	-34.8893	HL
1789455600	XAUUSD	M5	4291.56000	Peak	4295.37000	9.34000	0.22	0	6	0	1.55667	0	57.2834	LH
1789462500	XAUUSD	M5	4262.39000	Bottom	4261.38000	-33.99000	-0.79	3	23	3	-1.47783	3	-55.9150	LL
1789473300	XAUUSD	M5	4284.62000	Peak	4286.71000	25.33000	0.59	0	36	1	0.70361	0	35.1306	LH
1789474800	XAUUSD	M5	4273.38000	Bottom	4271.40000	-15.31000	-0.36	3	5	3	-3.06200	3	-71.9138	HL
1789481100	XAUUSD	M5	4297.93000	Peak	4300.36000	28.96000	0.68	0	21	0	1.37905	0	54.0527	HH
1789483800	XAUUSD	M5	4280.00000	Bottom	4274.14000	-26.22000	-0.61	3	9	3	-2.91333	3	-71.0552	HL
1789498800	XAUUSD	M5	4305.03000	Peak	4310.70000	36.56000	0.86	0	50	2	0.73120	0	36.1743	HH
1789510800	XAUUSD	M5	4294.65000	Bottom	4291.75000	-18.95000	-0.44	3	28	3	-0.67679	3	-34.0896	HL
1789511100	XAUUSD	M5	4298.77000	Peak	4298.92000	7.17000	0.17	0	1	0	7.17000	0	82.0602	LH
1789520100	XAUUSD	M5	4277.53000	Bottom	4275.58000	-23.34000	-0.54	3	30	3	-0.77800	3	-37.8829	LL
1789528800	XAUUSD	M5	4336.62000	Peak	4341.00000	65.42000	1.53	2	29	0	2.25586	0	66.0928	HH
1789534200	XAUUSD	M5	4321.48000	Bottom	4320.65000	-20.35000	-0.47	3	18	3	-1.13056	3	-48.5066	HL
1789544400	XAUUSD	M5	4336.21000	Peak	4339.08000	18.43000	0.43	0	34	0	0.54206	0	28.4603	LH
1789546200	XAUUSD	M5	4327.54000	Bottom	4323.08000	-16.00000	-0.37	3	6	3	-2.66667	3	-69.4440	HL
1789557900	XAUUSD	M5	4350.73000	Peak	4353.59000	30.51000	0.71	0	39	1	0.78231	0	38.0363	HH
1789561800	XAUUSD	M5	4341.41000	Bottom	4335.21000	-18.38000	-0.42	3	13	3	-1.41385	3	-54.7286	HL
1789564500	XAUUSD	M5	4353.64000	Peak	4360.24000	25.03000	0.58	0	9	0	2.78111	0	70.2230	HH
1789567500	XAUUSD	M5	4329.56000	Bottom	4324.16000	-36.08000	-0.83	3	10	3	-3.60800	3	-74.5087	LL
1789573500	XAUUSD	M5	4353.10000	Peak	4361.34000	37.18000	0.86	0	20	0	1.85900	0	61.7231	HH
1789578600	XAUUSD	M5	4343.63000	Bottom	4341.81000	-19.53000	-0.45	3	17	3	-1.14882	3	-48.9619	HL
1789581300	XAUUSD	M5	4361.38000	Peak	4364.82000	23.01000	0.53	0	9	0	2.55667	0	68.6378	HH
1789585800	XAUUSD	M5	4252.97000	Bottom	4235.22000	-129.60000	-2.97	5	15	3	-8.64000	5	-83.3979	LL
1789608900	XAUUSD	M5	4312.01000	Peak	4318.19000	82.97000	1.96	2	65	2	1.27646	0	51.9243	LH
1789613700	XAUUSD	M5	4277.27000	Bottom	4274.01000	-44.18000	-1.02	3	16	3	-2.76125	3	-70.0919	HL
1789621200	XAUUSD	M5	4297.97000	Peak	4299.10000	25.09000	0.59	0	25	0	1.00360	0	45.1029	LH
1789622400	XAUUSD	M5	4286.89000	Bottom	4285.47000	-13.63000	-0.32	3	4	3	-3.40750	3	-73.6446	HL
1789631100	XAUUSD	M5	4332.26000	Peak	4335.30000	49.83000	1.16	0	29	0	1.71828	0	59.8015	HH
1789637400	XAUUSD	M5	4307.66000	Bottom	4305.16000	-30.14000	-0.70	3	21	3	-1.43524	3	-55.1332	HL
1789647900	XAUUSD	M5	4381.09000	Peak	4381.24000	76.08000	1.77	2	35	0	2.17371	0	65.2956	HH
1789652700	XAUUSD	M5	4367.54000	Bottom	4355.49000	-25.75000	-0.59	3	16	3	-1.60938	3	-58.1449	HL
1789653900	XAUUSD	M5	4377.16000	Peak	4379.91000	24.42000	0.56	0	4	0	6.10500	1	80.6976	LH
1789657200	XAUUSD	M5	4355.88000	Bottom	4351.41000	-28.50000	-0.65	3	11	3	-2.59091	3	-68.8952	LL
1789660800	XAUUSD	M5	4369.77000	Peak	4372.44000	21.03000	0.48	0	12	0	1.75250	0	60.2903	LH
1789664100	XAUUSD	M5	4362.37000	Bottom	4356.04000	-16.40000	-0.38	3	11	3	-1.49091	3	-56.1490	HL
1789668900	XAUUSD	M5	4360.97000	Peak	4365.59000	9.55000	0.22	0	16	0	0.59688	0	30.8319	LH
1789678200	XAUUSD	M5	4341.80000	Bottom	4340.60000	-24.99000	-0.57	3	31	3	-0.80613	3	-38.8733	LL
1789684500	XAUUSD	M5	4348.82000	Peak	4349.48000	8.88000	0.20	0	9	0	0.98667	0	44.6155	LH
1789686300	XAUUSD	M5	4344.39000	Bottom	4339.75000	-9.73000	-0.22	3	6	3	-1.62167	3	-58.3400	LL
1789693500	XAUUSD	M5	4361.40000	Peak	4365.57000	25.82000	0.59	0	24	0	1.07583	0	47.0922	HH
1789696200	XAUUSD	M5	4349.17000	Bottom	4343.99000	-21.58000	-0.49	3	9	3	-2.39778	3	-67.3613	HL
1789698900	XAUUSD	M5	4352.15000	Peak	4356.52000	12.53000	0.29	0	9	0	1.39222	0	54.3112	LH
1789701900	XAUUSD	M5	4340.96000	Bottom	4334.45000	-22.07000	-0.51	3	10	3	-2.20700	3	-65.6245	LL
1789717800	XAUUSD	M5	4397.16000	Peak	4399.56000	65.11000	1.50	1	53	2	1.22849	0	50.8542	HH
1789720800	XAUUSD	M5	4386.82000	Bottom	4385.20000	-14.36000	-0.33	3	10	3	-1.43600	3	-55.1475	HL
1789722600	XAUUSD	M5	4394.49000	Peak	4398.14000	12.94000	0.30	0	6	0	2.15667	0	65.1239	LH
1789724700	XAUUSD	M5	4374.73000	Bottom	4373.38000	-24.76000	-0.56	3	7	3	-3.53714	3	-74.2137	LL
1789729800	XAUUSD	M5	4388.22000	Peak	4388.49000	15.11000	0.35	0	17	0	0.88882	0	41.6314	LH
1789741800	XAUUSD	M5	4346.94000	Bottom	4342.77000	-45.72000	-1.04	3	40	3	-1.14300	3	-48.8176	LL
1789753800	XAUUSD	M5	4393.28000	Peak	4396.81000	54.04000	1.24	0	40	0	1.35100	0	53.4914	HH
1789950000	XAUUSD	M5	4366.00000	Bottom	4358.78000	-38.03000	-0.86	3	66	5	-0.57621	3	-29.9511	HL
1789953300	XAUUSD	M5	4377.71000	Peak	4383.39000	24.61000	0.56	0	11	0	2.23727	0	65.9167	LH
1789974000	XAUUSD	M5	4355.13000	Bottom	4345.83000	-37.56000	-0.86	3	69	5	-0.54435	3	-28.5616	LL
1789974300	XAUUSD	M5	4352.56000	Peak	4356.06000	10.23000	0.24	0	1	0	10.23000	2	84.4170	LH
1789976400	XAUUSD	M5	4346.91000	Bottom	4341.97000	-14.09000	-0.32	3	7	3	-2.01286	3	-63.5815	LL
1789980000	XAUUSD	M5	4357.50000	Peak	4357.68000	15.71000	0.36	0	12	0	1.30917	0	52.6258	HH
1789983300	XAUUSD	M5	4344.23000	Bottom	4340.11000	-17.57000	-0.40	3	11	3	-1.59727	3	-57.9507	LL
1789985700	XAUUSD	M5	4352.92000	Peak	4356.70000	16.59000	0.38	0	8	0	2.07375	0	64.2558	LH
1789988400	XAUUSD	M5	4344.89000	Bottom	4341.95000	-14.75000	-0.34	3	9	3	-1.63889	3	-58.6097	HL
1789992300	XAUUSD	M5	4367.33000	Peak	4374.81000	32.86000	0.76	0	13	0	2.52769	0	68.4154	HH
1789994100	XAUUSD	M5	4356.98000	Bottom	4351.36000	-23.45000	-0.54	3	6	3	-3.90833	3	-75.6480	HL
1789997100	XAUUSD	M5	4364.14000	Peak	4369.00000	17.64000	0.41	0	10	0	1.76400	0	60.4514	LH
1789999500	XAUUSD	M5	4336.94000	Bottom	4322.79000	-46.21000	-1.06	3	8	3	-5.77625	4	-80.1782	LL
1790004900	XAUUSD	M5	4350.18000	Peak	4355.97000	33.18000	0.77	0	18	0	1.84333	0	61.5204	LH
1790006400	XAUUSD	M5	4350.42000	Bottom	4344.83000	-11.14000	-0.26	3	5	3	-2.22800	3	-65.8279	HL
1790007300	XAUUSD	M5	4356.60000	Peak	4356.95000	12.12000	0.28	0	3	0	4.04000	0	76.0973	HH
1790012100	XAUUSD	M5	4338.57000	Bottom	4337.53000	-19.42000	-0.45	3	16	3	-1.21375	3	-50.5151	LL
1790014500	XAUUSD	M5	4350.65000	Peak	4352.41000	14.88000	0.34	0	8	0	1.86000	0	61.7360	LH
1790017200	XAUUSD	M5	4343.32000	Bottom	4342.21000	-10.20000	-0.23	3	9	3	-1.13333	3	-48.5763	HL
1790019300	XAUUSD	M5	4353.01000	Peak	4353.75000	11.54000	0.27	0	7	0	1.64857	0	58.7596	HH
1790022600	XAUUSD	M5	4340.52000	Bottom	4339.26000	-14.49000	-0.33	3	11	3	-1.31727	3	-52.7963	LL
1790035200	XAUUSD	M5	4372.59000	Peak	4376.09000	36.83000	0.85	0	30	0	1.22767	0	50.8353	HH
1790049600	XAUUSD	M5	4336.81000	Bottom	4335.07000	-41.02000	-0.94	3	48	4	-0.85458	3	-40.5166	LL
1790053800	XAUUSD	M5	4346.25000	Peak	4347.32000	12.25000	0.28	0	14	0	0.87500	0	41.1859	LH
1790060700	XAUUSD	M5	4320.23000	Bottom	4315.07000	-32.25000	-0.74	3	23	3	-1.40217	3	-54.5044	LL
1790061300	XAUUSD	M5	4322.61000	Peak	4324.24000	9.17000	0.21	0	2	0	4.58500	1	77.6963	LH
1790065800	XAUUSD	M5	4297.30000	Bottom	4291.56000	-32.68000	-0.76	3	15	3	-2.17867	3	-65.3451	LL
1790071200	XAUUSD	M5	4336.35000	Peak	4338.01000	46.45000	1.08	1	18	0	2.58056	0	68.8180	HH
1790075100	XAUUSD	M5	4310.33000	Bottom	4309.09000	-28.92000	-0.67	3	13	3	-2.22462	3	-65.7953	HL
1790080200	XAUUSD	M5	4339.60000	Peak	4343.98000	34.89000	0.81	0	17	0	2.05235	0	64.0225	HH
1790083500	XAUUSD	M5	4330.55000	Bottom	4329.74000	-14.24000	-0.33	3	11	3	-1.29455	3	-52.3149	HL
1790084700	XAUUSD	M5	4339.95000	Peak	4343.78000	14.04000	0.32	0	4	0	3.51000	0	74.0977	LH
1790088000	XAUUSD	M5	4319.99000	Bottom	4315.05000	-28.73000	-0.66	3	11	3	-2.61182	3	-69.0494	LL
1790090100	XAUUSD	M5	4337.27000	Peak	4340.60000	25.55000	0.59	0	7	0	3.65000	0	74.6785	LH
1790093400	XAUUSD	M5	4323.77000	Bottom	4322.57000	-18.03000	-0.42	3	11	3	-1.63909	3	-58.6129	HL
1790105700	XAUUSD	M5	4369.48000	Peak	4371.10000	48.53000	1.12	1	41	1	1.18366	0	49.8076	HH
1790109300	XAUUSD	M5	4357.65000	Bottom	4357.51000	-13.59000	-0.31	3	12	3	-1.13250	3	-48.5554	HL
1790118900	XAUUSD	M5	4365.05000	Peak	4365.47000	7.96000	0.18	0	20	0	0.39800	0	21.7026	LH
1790121000	XAUUSD	M5	4363.59000	Bottom	4358.37000	-7.10000	-0.16	3	7	3	-1.01429	3	-45.4063	HL
1790121600	XAUUSD	M5	4367.23000	Peak	4369.25000	10.88000	0.25	0	2	0	5.44000	2	79.5840	HH
1790132400	XAUUSD	M5	4334.89000	Bottom	4333.28000	-35.97000	-0.82	3	36	3	-0.99917	3	-44.9761	LL
1790137200	XAUUSD	M5	4344.75000	Peak	4347.19000	13.91000	0.32	0	16	0	0.86937	0	41.0029	LH
1790144400	XAUUSD	M5	4329.92000	Bottom	4326.07000	-21.12000	-0.49	3	24	3	-0.88000	3	-41.3478	LL
1790145900	XAUUSD	M5	4335.76000	Peak	4336.98000	10.91000	0.25	0	5	0	2.18200	0	65.3782	LH
1790156700	XAUUSD	M5	4308.90000	Bottom	4308.38000	-28.60000	-0.66	3	36	3	-0.79444	3	-38.4652	LL
1790159400	XAUUSD	M5	4315.99000	Peak	4318.98000	10.60000	0.25	0	9	0	1.17778	0	49.6669	LH
1790163300	XAUUSD	M5	4299.66000	Bottom	4294.87000	-24.11000	-0.56	3	13	3	-1.85462	3	-61.6667	LL
1790165400	XAUUSD	M5	4318.81000	Peak	4319.05000	24.18000	0.56	0	7	0	3.45429	0	73.8545	HH
1790169000	XAUUSD	M5	4302.26000	Bottom	4298.11000	-20.94000	-0.48	3	12	3	-1.74500	3	-60.1844	HL
1790170200	XAUUSD	M5	4301.16000	Peak	4313.42000	15.31000	0.36	0	4	0	3.82750	0	75.3578	LH
1790173500	XAUUSD	M5	4280.62000	Bottom	4277.97000	-35.45000	-0.82	3	11	3	-3.22273	3	-72.7611	LL
1790175000	XAUUSD	M5	4297.32000	Peak	4298.58000	20.61000	0.48	0	5	0	4.12200	0	76.3635	LH
1790178600	XAUUSD	M5	4280.94000	Bottom	4277.59000	-20.99000	-0.49	3	12	3	-1.74917	3	-60.2434	LL
1790181300	XAUUSD	M5	4287.77000	Peak	4289.64000	12.05000	0.28	0	9	0	1.33889	0	53.2444	LH
1790184900	XAUUSD	M5	4276.33000	Bottom	4275.64000	-14.00000	-0.33	3	12	3	-1.16667	3	-49.3987	LL
1790186400	XAUUSD	M5	4290.57000	Peak	4294.88000	19.24000	0.45	0	5	0	3.84800	0	75.4325	HH
1790189100	XAUUSD	M5	4286.93000	Bottom	4282.92000	-11.96000	-0.28	3	9	3	-1.32889	3	-53.0382	HL
1790190300	XAUUSD	M5	4289.52000	Peak	4293.30000	10.38000	0.24	0	4	0	2.59500	0	68.9255	LH
1790192100	XAUUSD	M5	4281.98000	Bottom	4281.13000	-12.17000	-0.28	3	6	3	-2.02833	3	-63.7560	LL
1790201100	XAUUSD	M5	4292.80000	Peak	4294.52000	13.39000	0.31	0	18	0	0.74389	0	36.6451	HH
1790209200	XAUUSD	M5	4287.86000	Bottom	4283.93000	-10.59000	-0.25	3	27	3	-0.39222	3	-21.4162	HL
1790212500	XAUUSD	M5	4300.04000	Peak	4303.22000	19.29000	0.45	0	11	0	1.75364	0	60.3063	HH
1790215500	XAUUSD	M5	4276.16000	Bottom	4273.69000	-29.53000	-0.69	3	10	3	-2.95300	3	-71.2919	LL
1790217600	XAUUSD	M5	4295.45000	Peak	4296.97000	23.28000	0.54	0	7	0	3.32571	0	73.2646	LH
1790221500	XAUUSD	M5	4283.22000	Bottom	4280.59000	-16.38000	-0.38	3	13	3	-1.26000	3	-51.5627	HL
1790226300	XAUUSD	M5	4293.66000	Peak	4296.29000	15.70000	0.37	0	16	0	0.98125	0	44.4578	LH
1790233200	XAUUSD	M5	4279.80000	Bottom	4274.31000	-21.98000	-0.51	3	23	3	-0.95565	3	-43.7009	LL
1790234100	XAUUSD	M5	4286.67000	Peak	4287.94000	13.63000	0.32	0	3	0	4.54333	2	77.5870	LH
1790245800	XAUUSD	M5	4253.97000	Bottom	4244.41000	-43.53000	-1.02	5	39	5	-1.11615	3	-48.1418	LL
1790254800	XAUUSD	M5	4280.44000	Peak	4284.96000	40.55000	0.96	1	30	0	1.35167	0	53.5050	LH
1790262600	XAUUSD	M5	4246.96000	Bottom	4244.82000	-40.14000	-0.94	4	26	3	-1.54385	3	-57.0675	HL
1790266500	XAUUSD	M5	4274.19000	Peak	4288.47000	43.65000	1.03	2	13	0	3.35769	0	73.4152	HH
1790272800	XAUUSD	M5	4257.85000	Bottom	4256.33000	-32.14000	-0.75	3	21	3	-1.53048	3	-56.8397	HL
1790274900	XAUUSD	M5	4277.65000	Peak	4281.37000	25.04000	0.59	0	7	0	3.57714	0	74.3815	LH
1790281500	XAUUSD	M5	4265.41000	Bottom	4264.43000	-16.94000	-0.40	3	22	3	-0.77000	3	-37.5963	HL
1790292900	XAUUSD	M5	4274.46000	Peak	4275.85000	11.42000	0.27	0	26	0	0.43923	0	23.7126	LH
1790294400	XAUUSD	M5	4269.76000	Bottom	4264.38000	-11.47000	-0.27	3	5	3	-2.29400	3	-66.4467	LL
1790300400	XAUUSD	M5	4292.65000	Peak	4295.68000	31.30000	0.73	0	20	0	1.56500	0	57.4223	HH
1790313000	XAUUSD	M5	4256.96000	Bottom	4256.44000	-39.24000	-0.91	4	42	5	-0.93429	3	-43.0542	LL
1790316900	XAUUSD	M5	4278.02000	Peak	4281.54000	25.10000	0.59	0	13	0	1.93077	0	62.6191	LH
1790321400	XAUUSD	M5	4275.54000	Bottom	4271.19000	-10.35000	-0.24	3	15	3	-0.69000	3	-34.6057	HL
1790334600	XAUUSD	M5	4312.51000	Peak	4315.73000	44.54000	1.04	2	44	2	1.01227	0	45.3494	HH
1790338800	XAUUSD	M5	4303.52000	Bottom	4297.54000	-18.19000	-0.42	3	14	3	-1.29929	3	-52.4162	HL
1790339100	XAUUSD	M5	4306.66000	Peak	4309.47000	11.93000	0.28	0	1	0	11.93000	2	85.2085	LH
1790345100	XAUUSD	M5	4266.32000	Bottom	4254.76000	-54.71000	-1.27	5	20	3	-2.73550	3	-69.9194	LL
1790350200	XAUUSD	M5	4282.80000	Peak	4285.71000	30.95000	0.73	0	17	0	1.82059	0	61.2212	LH
1790351400	XAUUSD	M5	4277.52000	Bottom	4270.07000	-15.64000	-0.36	3	4	3	-3.91000	3	-75.6539	HL
1790352300	XAUUSD	M5	4293.77000	Peak	4300.24000	30.17000	0.71	0	3	0	10.05667	2	84.3214	HH
1790357700	XAUUSD	M5	4284.18000	Bottom	4279.61000	-20.63000	-0.48	3	18	3	-1.14611	3	-48.8948	HL
1790363400	XAUUSD	M5	4296.77000	Peak	4297.25000	17.64000	0.41	0	19	0	0.92842	0	42.8743	LH
1790550000	XAUUSD	M5	4264.72000	Bottom	4257.49000	-39.76000	-0.93	4	34	4	-1.16941	3	-49.4652	LL
1790552400	XAUUSD	M5	4260.31000	Peak	4266.26000	8.77000	0.21	0	8	0	1.09625	0	47.6289	LH
