z-score_timestamp	z-score_symbol	z-score_timeframe	z-score_close	z-score_open	z-score_high	z-score_low	body_direction	body_size	body_classification
1789735500	XAUUSD	M15	4368.91	4369.37	4370.61	4366.42	-1	0.90269	3
1789736400	XAUUSD	M15	4371.41	4368.89	4375.63	4363.91	1	0.41574	0
1789737300	XAUUSD	M15	4367.15	4371.62	4374.55	4363.07	-1	0.05135	3
1789738200	XAUUSD	M15	4353.50	4367.12	4367.63	4352.29	-1	2.18947	4
1789739100	XAUUSD	M15	4349.44	4353.49	4358.07	4347.38	-1	0.08902	3
1789740000	XAUUSD	M15	4351.54	4349.40	4356.54	4347.74	1	0.52877	0
1789740900	XAUUSD	M15	4343.01	4351.65	4355.07	4342.97	-1	0.98134	3
1789741800	XAUUSD	M15	4353.60	4342.90	4354.81	4342.77	1	1.40666	0
1789742700	XAUUSD	M15	4353.07	4353.56	4361.72	4351.66	-1	0.95841	3
1789743600	XAUUSD	M15	4352.18	4353.01	4356.44	4348.07	-1	0.85156	3
1789744500	XAUUSD	M15	4356.24	4352.18	4357.03	4351.73	1	0.09790	0
1789745400	XAUUSD	M15	4354.88	4356.31	4357.42	4348.80	-1	0.72227	3
1789746300	XAUUSD	M15	4356.71	4354.88	4358.09	4352.35	1	0.62229	0
1789747200	XAUUSD	M15	4361.85	4356.75	4364.92	4354.87	1	0.14091	0
1789748100	XAUUSD	M15	4377.67	4361.64	4378.37	4360.05	1	2.53624	1
1789749000	XAUUSD	M15	4378.06	4377.67	4383.67	4374.62	1	0.95872	0
1789749900	XAUUSD	M15	4382.85	4378.06	4383.65	4376.98	1	0.01872	0
1789750800	XAUUSD	M15	4385.46	4382.83	4387.22	4381.63	1	0.43526	0
1789751700	XAUUSD	M15	4386.93	4385.49	4389.14	4383.03	1	0.71758	0
1789752600	XAUUSD	M15	4393.18	4386.92	4396.60	4385.40	1	0.41791	0
1789753500	XAUUSD	M15	4393.15	4393.18	4396.81	4392.15	-1	1.06578	3
1789754400	XAUUSD	M15	4392.15	4393.10	4394.34	4389.21	-1	0.81835	3
1789755300	XAUUSD	M15	4390.64	4392.16	4392.70	4389.18	-1	0.67744	3
1789756200	XAUUSD	M15	4380.94	4390.71	4390.81	4380.94	-1	1.22852	3
1789757100	XAUUSD	M15	4382.17	4380.92	4383.87	4379.74	1	0.77357	0
1789758000	XAUUSD	M15	4384.31	4382.19	4386.07	4379.51	1	0.54087	0
1789758900	XAUUSD	M15	4380.55	4384.37	4384.93	4379.02	-1	0.14855	3
1789759800	XAUUSD	M15	4381.45	4380.59	4382.35	4379.57	1	0.83924	0
1789760700	XAUUSD	M15	4376.88	4381.44	4383.21	4374.90	-1	0.07688	3
1789761600	XAUUSD	M15	4381.57	4376.70	4383.35	4375.53	1	0.14869	0
1789762500	XAUUSD	M15	4381.08	4381.57	4383.26	4379.17	-1	0.92567	3
1789763400	XAUUSD	M15	4380.93	4381.08	4383.00	4379.35	-1	0.98831	3
1789764300	XAUUSD	M15	4377.99	4380.89	4380.89	4376.37	-1	0.30351	3
1789941600	XAUUSD	M15	4379.50	4375.99	4382.25	4373.31	1	0.16135	0
1789942500	XAUUSD	M15	4375.90	4379.50	4379.50	4374.68	-1	0.15509	3
1789943400	XAUUSD	M15	4374.50	4375.90	4377.78	4374.42	-1	0.68932	3
1789944300	XAUUSD	M15	4373.70	4374.59	4376.83	4373.69	-1	0.80366	3
1789945200	XAUUSD	M15	4373.00	4373.69	4374.73	4370.99	-1	0.84963	3
1789946100	XAUUSD	M15	4374.31	4373.10	4374.79	4371.71	1	0.70058	0
1789947000	XAUUSD	M15	4371.13	4374.28	4376.21	4370.99	-1	0.23157	3
1789947900	XAUUSD	M15	4372.75	4371.12	4373.29	4368.95	1	0.58139	0
1789948800	XAUUSD	M15	4364.32	4372.77	4372.85	4363.72	-1	1.11877	3
1789949700	XAUUSD	M15	4368.00	4364.32	4369.61	4358.78	1	0.08661	0
1789950600	XAUUSD	M15	4369.16	4368.00	4376.03	4366.01	1	0.71107	0
1789951500	XAUUSD	M15	4366.69	4369.24	4370.88	4362.40	-1	0.36393	3
1789952400	XAUUSD	M15	4380.62	4366.54	4380.62	4366.54	1	2.34764	1
1789953300	XAUUSD	M15	4374.94	4380.63	4383.39	4374.57	-1	0.32020	3
1789954200	XAUUSD	M15	4379.34	4375.00	4380.60	4373.79	1	0.00434	0
1789955100	XAUUSD	M15	4377.41	4379.34	4382.87	4375.44	-1	0.54958	3
1789956000	XAUUSD	M15	4368.92	4377.37	4377.70	4368.41	-1	1.01806	3
1789956900	XAUUSD	M15	4369.61	4368.92	4369.93	4361.21	1	0.85090	0
1789957800	XAUUSD	M15	4366.45	4369.60	4372.51	4364.19	-1	0.23321	3
1789958700	XAUUSD	M15	4363.89	4366.49	4370.23	4363.02	-1	0.33509	3
1789959600	XAUUSD	M15	4363.18	4363.89	4366.94	4359.16	-1	0.80659	3
1789960500	XAUUSD	M15	4360.26	4363.19	4365.24	4359.31	-1	0.21765	3
1789961400	XAUUSD	M15	4367.37	4360.08	4368.12	4359.58	1	0.94328	0
1789962300	XAUUSD	M15	4358.97	4367.40	4368.16	4357.83	-1	1.21550	3
1789963200	XAUUSD	M15	4360.01	4358.97	4361.12	4356.33	1	0.74624	0
1789964100	XAUUSD	M15	4361.54	4360.04	4365.35	4359.34	1	0.59947	0
1789965000	XAUUSD	M15	4361.78	4361.59	4363.27	4358.16	1	0.95496	0
1789965900	XAUUSD	M15	4355.85	4361.78	4362.27	4355.13	-1	0.69095	3
1789966800	XAUUSD	M15	4355.89	4355.73	4357.23	4353.07	1	0.93946	0
1789967700	XAUUSD	M15	4357.57	4355.89	4361.13	4353.97	1	0.49717	0
1789968600	XAUUSD	M15	4354.55	4357.53	4361.97	4352.03	-1	0.12219	3
1789969500	XAUUSD	M15	4351.03	4354.54	4355.89	4349.28	-1	0.03969	3
1789970400	XAUUSD	M15	4353.05	4350.85	4355.78	4349.42	1	0.35801	0
1789971300	XAUUSD	M15	4347.16	4353.05	4354.59	4346.33	-1	0.72566	3
1789972200	XAUUSD	M15	4351.83	4347.15	4353.99	4347.14	1	0.36597	0
1789973100	XAUUSD	M15	4353.17	4351.82	4354.80	4350.20	1	0.64349	0
1789974000	XAUUSD	M15	4353.04	4353.23	4356.06	4345.83	-1	1.04704	3
1789974900	XAUUSD	M15	4350.65	4352.97	4355.68	4347.26	-1	0.28672	3
1789975800	XAUUSD	M15	4346.91	4350.66	4355.04	4341.97	-1	0.20725	3
1789976700	XAUUSD	M15	4344.40	4347.10	4349.86	4344.12	-1	0.16950	3
1789977600	XAUUSD	M15	4350.57	4344.00	4353.28	4343.52	1	1.18652	0
1789978500	XAUUSD	M15	4353.16	4350.43	4355.34	4350.00	1	0.18022	0
1789979400	XAUUSD	M15	4357.50	4353.00	4357.68	4350.96	1	0.42661	0
1789980300	XAUUSD	M15	4353.18	4357.52	4357.52	4349.89	-1	0.35190	3
1789981200	XAUUSD	M15	4353.81	4353.14	4353.89	4349.43	1	0.94112	0
1789982100	XAUUSD	M15	4346.56	4353.90	4354.89	4346.56	-1	1.48556	3
1789983000	XAUUSD	M15	4347.61	4346.49	4347.76	4340.11	1	0.79144	0
1789983900	XAUUSD	M15	4345.61	4347.59	4348.39	4343.41	-1	0.46328	3
1789984800	XAUUSD	M15	4353.41	4345.61	4353.41	4345.18	1	1.58910	0
1789985700	XAUUSD	M15	4350.89	4353.43	4356.70	4350.09	-1	0.28709	3
1789986600	XAUUSD	M15	4348.39	4350.87	4351.95	4347.82	-1	0.29337	3
1789987500	XAUUSD	M15	4342.71	4348.38	4350.72	4342.63	-1	0.82414	3
1789988400	XAUUSD	M15	4348.27	4342.69	4348.43	4341.95	1	0.76114	0
1789989300	XAUUSD	M15	4353.70	4348.30	4355.17	4348.30	1	0.67601	0
1789990200	XAUUSD	M15	4366.53	4353.69	4367.13	4352.26	1	3.01061	2
1789991100	XAUUSD	M15	4369.13	4366.53	4371.05	4364.85	1	0.35940	0
1789992000	XAUUSD	M15	4369.28	4368.96	4374.81	4363.02	1	1.09689	0
1789992900	XAUUSD	M15	4355.48	4369.25	4370.92	4351.50	-1	2.96555	5
1789993800	XAUUSD	M15	4362.95	4355.49	4363.23	4351.36	1	1.02883	0
1789994700	XAUUSD	M15	4359.75	4363.07	4363.62	4353.80	-1	0.22805	3
1789995600	XAUUSD	M15	4363.10	4359.72	4364.22	4355.91	1	0.21127	0
1789996500	XAUUSD	M15	4364.14	4363.19	4369.00	4360.78	1	0.93936	0
1789997400	XAUUSD	M15	4353.08	4364.28	4364.39	4349.28	-1	2.07986	4
1789998300	XAUUSD	M15	4346.05	4352.83	4356.15	4345.98	-1	0.76099	3
1789999200	XAUUSD	M15	4340.16	4346.12	4347.15	4322.79	-1	0.49809	3
1790000100	XAUUSD	M15	4341.46	4340.00	4342.84	4334.15	1	0.81367	0
1790001000	XAUUSD	M15	4332.07	4341.42	4343.54	4332.07	-1	1.61416	3
1790001900	XAUUSD	M15	4338.79	4332.06	4342.58	4332.06	1	0.79099	0
1790002800	XAUUSD	M15	4349.32	4338.85	4350.33	4338.85	1	1.84958	1
1790003700	XAUUSD	M15	4350.84	4349.51	4353.66	4348.38	1	0.87938	0
1790004600	XAUUSD	M15	4349.86	4350.72	4355.97	4348.17	-1	0.98332	3
1790005500	XAUUSD	M15	4347.94	4349.90	4354.19	4346.43	-1	0.66431	3
1790006400	XAUUSD	M15	4351.61	4348.03	4355.76	4344.83	1	0.17765	0
1790007300	XAUUSD	M15	4350.74	4351.59	4356.95	4348.96	-1	0.98551	3
1790008200	XAUUSD	M15	4343.86	4350.72	4352.62	4343.58	-1	0.78640	3
1790009100	XAUUSD	M15	4343.31	4343.93	4346.78	4343.01	-1	1.07011	3
1790010000	XAUUSD	M15	4346.01	4343.27	4346.82	4341.83	1	0.41516	0
1790010900	XAUUSD	M15	4345.71	4346.01	4346.45	4341.45	-1	1.10759	3
1790011800	XAUUSD	M15	4340.66	4345.78	4346.46	4337.53	-1	0.32567	3
1790012700	XAUUSD	M15	4344.47	4340.66	4346.13	4339.31	1	0.08556	0
1790013600	XAUUSD	M15	4349.94	4344.61	4350.86	4343.99	1	0.35397	0
1790014500	XAUUSD	M15	4350.26	4349.97	4352.41	4348.64	1	1.16031	0
1790015400	XAUUSD	M15	4346.96	4350.23	4351.51	4346.06	-1	0.26940	3
1790016300	XAUUSD	M15	4346.06	4346.88	4348.84	4346.00	-1	1.01984	3
1790017200	XAUUSD	M15	4345.56	4346.04	4346.62	4342.21	-1	1.09888	3
1790018100	XAUUSD	M15	4348.94	4345.47	4350.46	4344.82	1	0.18503	0
1790019000	XAUUSD	M15	4347.98	4348.88	4353.75	4347.41	-1	0.95743	3
1790019900	XAUUSD	M15	4345.11	4347.98	4348.14	4344.59	-1	0.34259	3
1790020800	XAUUSD	M15	4341.50	4345.11	4345.20	4341.49	-1	0.11136	3
1790021700	XAUUSD	M15	4340.59	4341.49	4341.73	4339.91	-1	0.93183	3
1790022600	XAUUSD	M15	4341.95	4340.56	4342.79	4339.26	1	0.79505	0
1790023500	XAUUSD	M15	4343.67	4341.95	4344.12	4340.59	1	0.68929	0
1790028000	XAUUSD	M15	4349.58	4345.85	4350.61	4345.66	1	0.07573	0
1790028900	XAUUSD	M15	4352.24	4349.57	4352.80	4349.23	1	0.39904	0
1790029800	XAUUSD	M15	4352.86	4352.64	4353.08	4351.43	1	1.10439	0
1790030700	XAUUSD	M15	4361.02	4352.81	4365.14	4352.68	1	1.27031	0
1790031600	XAUUSD	M15	4359.84	4361.03	4366.15	4359.74	-1	0.80548	3
1790032500	XAUUSD	M15	4360.10	4359.84	4364.62	4358.25	1	1.04834	0
1790033400	XAUUSD	M15	4368.51	4360.11	4370.35	4358.25	1	1.29312	0
1790034300	XAUUSD	M15	4368.75	4368.63	4370.64	4363.92	1	1.08145	0
1790035200	XAUUSD	M15	4370.18	4368.71	4376.09	4367.13	1	0.69124	0
1790036100	XAUUSD	M15	4358.36	4370.14	4370.15	4357.94	-1	2.16406	4
1790037000	XAUUSD	M15	4355.36	4358.34	4359.23	4348.50	-1	0.26847	3
1790037900	XAUUSD	M15	4360.16	4355.42	4360.35	4353.36	1	0.21620	0
1790038800	XAUUSD	M15	4353.64	4360.27	4365.12	4353.28	-1	0.72519	3
1790039700	XAUUSD	M15	4355.86	4353.66	4358.87	4349.84	1	0.50190	0
1790040600	XAUUSD	M15	4349.32	4355.86	4357.16	4349.27	-1	0.71055	3
1790041500	XAUUSD	M15	4348.43	4349.18	4351.15	4343.51	-1	0.88216	3
1790042400	XAUUSD	M15	4342.41	4348.43	4352.96	4341.81	-1	0.65830	3
1790043300	XAUUSD	M15	4351.53	4342.52	4352.25	4340.14	1	1.47634	0
1790044200	XAUUSD	M15	4347.02	4351.49	4355.80	4346.81	-1	0.14126	3
1790045100	XAUUSD	M15	4344.67	4347.01	4347.14	4340.60	-1	0.45644	3
1790046000	XAUUSD	M15	4345.40	4344.54	4345.82	4339.56	1	0.89324	0
1790046900	XAUUSD	M15	4346.15	4345.39	4346.28	4341.42	1	0.90299	0
1790047800	XAUUSD	M15	4342.84	4346.05	4349.28	4341.12	-1	0.12456	3
1790048700	XAUUSD	M15	4341.67	4342.89	4344.16	4340.52	-1	0.75852	3
1790049600	XAUUSD	M15	4338.24	4341.66	4341.90	4335.07	-1	0.01467	3
1790050500	XAUUSD	M15	4337.53	4338.38	4339.50	4335.98	-1	0.84840	3
1790051400	XAUUSD	M15	4340.25	4337.52	4341.12	4336.36	1	0.19246	0
1790052300	XAUUSD	M15	4342.85	4340.24	4343.02	4338.92	1	0.24146	0
1790053200	XAUUSD	M15	4346.25	4342.82	4347.32	4340.58	1	0.08021	0
1790054100	XAUUSD	M15	4332.04	4346.07	4346.68	4323.19	-1	3.41667	5
1790055000	XAUUSD	M15	4320.63	4331.41	4333.07	4316.30	-1	2.36575	4
1790055900	XAUUSD	M15	4323.61	4320.68	4333.08	4319.82	1	0.14251	0
1790056800	XAUUSD	M15	4319.60	4323.65	4324.29	4315.28	-1	0.19757	3
1790057700	XAUUSD	M15	4318.23	4319.61	4320.85	4315.76	-1	0.65566	3
1790058600	XAUUSD	M15	4320.27	4318.22	4320.85	4315.72	1	0.43094	0
1790059500	XAUUSD	M15	4318.72	4320.27	4321.81	4315.26	-1	0.59694	3
1790060400	XAUUSD	M15	4320.34	4318.50	4322.89	4315.07	1	0.47861	0
1790061300	XAUUSD	M15	4315.42	4320.26	4324.24	4315.26	-1	0.47124	3
1790062200	XAUUSD	M15	4310.80	4315.39	4315.65	4308.87	-1	0.37823	3
1790063100	XAUUSD	M15	4301.14	4310.89	4315.85	4299.59	-1	1.94679	4
1790064000	XAUUSD	M15	4303.66	4301.24	4312.02	4299.17	1	0.35937	0
1790064900	XAUUSD	M15	4300.90	4303.74	4306.80	4298.19	-1	0.22043	3
1790065800	XAUUSD	M15	4320.24	4300.95	4321.71	4291.56	1	4.06789	2
1790066700	XAUUSD	M15	4330.18	4320.24	4335.46	4315.94	1	1.54282	0
1790067600	XAUUSD	M15	4318.34	4330.16	4331.14	4316.71	-1	1.91705	4
1790068500	XAUUSD	M15	4314.55	4318.28	4323.63	4314.38	-1	0.11418	3
1790069400	XAUUSD	M15	4320.19	4314.55	4320.47	4311.97	1	0.34363	0
1790070300	XAUUSD	M15	4336.39	4320.23	4337.79	4318.84	1	2.72611	1
1790071200	XAUUSD	M15	4330.57	4336.66	4338.01	4328.97	-1	0.34810	3
1790072100	XAUUSD	M15	4329.67	4330.77	4332.21	4328.35	-1	0.81523	3
1790073000	XAUUSD	M15	4330.84	4329.67	4333.89	4327.87	1	0.78396	0
1790073900	XAUUSD	M15	4321.81	4330.98	4331.44	4321.79	-1	1.04112	3
1790074800	XAUUSD	M15	4315.12	4321.79	4323.35	4309.09	-1	0.43951	3
1790075700	XAUUSD	M15	4317.75	4315.05	4318.43	4312.08	1	0.49147	0
1790076600	XAUUSD	M15	4317.62	4317.78	4320.00	4313.66	-1	1.05872	3
1790077500	XAUUSD	M15	4322.63	4317.62	4323.41	4316.76	1	0.05332	0
1790078400	XAUUSD	M15	4323.98	4322.72	4326.69	4320.51	1	0.82405	0
1790079300	XAUUSD	M15	4336.96	4323.95	4342.40	4322.77	1	1.83965	1
1790080200	XAUUSD	M15	4332.06	4336.96	4343.98	4332.06	-1	0.01297	3
1790081100	XAUUSD	M15	4333.90	4332.12	4337.29	4330.79	1	0.73524	0
1790082000	XAUUSD	M15	4340.38	4333.87	4342.03	4330.41	1	0.35955	0
1790082900	XAUUSD	M15	4330.55	4340.46	4342.69	4329.74	-1	1.10169	3
1790083800	XAUUSD	M15	4340.72	4330.56	4342.90	4327.76	1	1.11637	0
1790084700	XAUUSD	M15	4333.41	4341.11	4343.78	4330.02	-1	0.58016	3
1790085600	XAUUSD	M15	4333.65	4333.48	4337.18	4327.47	1	1.15483	0
1790086500	XAUUSD	M15	4327.91	4333.63	4334.22	4325.52	-1	0.12421	3
1790087400	XAUUSD	M15	4319.99	4327.92	4333.22	4315.05	-1	0.62788	3
1790088300	XAUUSD	M15	4328.09	4320.01	4328.68	4317.61	1	0.63782	0
1790089200	XAUUSD	M15	4336.11	4328.03	4340.33	4325.70	1	0.62931	0
1790090100	XAUUSD	M15	4332.20	4336.10	4340.60	4332.14	-1	0.34901	3
1790091000	XAUUSD	M15	4327.87	4332.17	4332.95	4327.33	-1	0.24860	3
1790091900	XAUUSD	M15	4331.14	4327.70	4332.03	4325.30	1	0.42652	0
1790092800	XAUUSD	M15	4323.77	4331.18	4332.35	4322.57	-1	0.48634	3
1790093700	XAUUSD	M15	4326.75	4323.72	4327.35	4323.34	1	0.53786	0
1790094600	XAUUSD	M15	4332.12	4326.79	4332.40	4326.20	1	0.02066	0
1790095500	XAUUSD	M15	4336.29	4332.10	4341.85	4331.21	1	0.30782	0
1790096400	XAUUSD	M15	4338.03	4336.28	4341.02	4334.72	1	0.87900	0
1790097300	XAUUSD	M15	4339.68	4338.03	4340.40	4335.66	1	0.90629	0
1790098200	XAUUSD	M15	4338.69	4339.55	4340.28	4335.00	-1	1.07321	3
1790099100	XAUUSD	M15	4350.85	4338.81	4352.85	4338.41	1	1.49615	0
1790100000	XAUUSD	M15	4358.37	4350.82	4360.19	4347.65	1	0.42979	0
1790100900	XAUUSD	M15	4356.39	4358.37	4360.63	4354.12	-1	0.86739	3
1790101800	XAUUSD	M15	4350.41	4356.42	4356.97	4349.11	-1	0.06144	3
1790102700	XAUUSD	M15	4353.49	4350.41	4354.41	4350.40	1	0.59618	0
1790103600	XAUUSD	M15	4358.19	4353.49	4359.20	4353.40	1	0.17978	0
1790104500	XAUUSD	M15	4359.89	4358.19	4361.21	4356.38	1	0.90721	0
1790105400	XAUUSD	M15	4369.16	4359.90	4371.10	4359.87	1	0.91191	0
1790106300	XAUUSD	M15	4364.10	4369.23	4370.50	4363.41	-1	0.10913	3
1790107200	XAUUSD	M15	4359.33	4364.01	4364.49	4358.40	-1	0.23299	3
1790108100	XAUUSD	M15	4359.60	4359.33	4360.66	4358.37	1	1.30691	0
1790109000	XAUUSD	M15	4358.56	4359.62	4360.14	4357.51	-1	1.10562	3
1790109900	XAUUSD	M15	4358.42	4358.42	4359.87	4357.55	0	1.32041	0
1790114400	XAUUSD	M15	4364.37	4359.60	4364.57	4359.23	1	0.17523	0
1790115300	XAUUSD	M15	4364.70	4364.33	4365.19	4362.54	1	1.18651	0
1790116200	XAUUSD	M15	4362.99	4364.68	4365.28	4362.80	-1	0.86500	3
1790117100	XAUUSD	M15	4362.21	4362.99	4363.10	4360.56	-1	1.06502	3
1790118000	XAUUSD	M15	4361.61	4362.35	4364.24	4360.78	-1	1.10559	3
1790118900	XAUUSD	M15	4363.71	4361.61	4365.47	4360.66	1	0.71709	0
1790119800	XAUUSD	M15	4363.79	4363.71	4364.67	4360.75	1	1.22335	0
1790120700	XAUUSD	M15	4363.96	4363.79	4365.41	4358.37	1	1.16590	0
1790121600	XAUUSD	M15	4365.79	4363.94	4369.25	4361.96	1	0.69226	0
1790122500	XAUUSD	M15	4359.00	4365.72	4366.07	4358.86	-1	0.73016	3
1790123400	XAUUSD	M15	4359.24	4358.97	4361.90	4355.22	1	1.13870	0
1790124300	XAUUSD	M15	4357.72	4359.19	4360.79	4356.34	-1	0.78982	3
1790125200	XAUUSD	M15	4349.57	4357.60	4359.23	4346.34	-1	1.09718	3
1790126100	XAUUSD	M15	4343.57	4349.60	4349.60	4342.60	-1	0.53780	3
1790127000	XAUUSD	M15	4344.78	4343.56	4346.14	4341.71	1	0.86332	0
1790127900	XAUUSD	M15	4341.35	4344.77	4346.57	4338.97	-1	0.21350	3
1790128800	XAUUSD	M15	4337.18	4341.35	4341.35	4337.18	-1	0.01252	3
1790129700	XAUUSD	M15	4338.24	4337.21	4339.53	4334.49	1	0.93053	0
1790130600	XAUUSD	M15	4336.99	4338.25	4338.72	4333.56	-1	0.86166	3
1790131500	XAUUSD	M15	4333.98	4336.96	4338.00	4333.32	-1	0.31276	3
1790132400	XAUUSD	M15	4338.84	4333.97	4339.60	4333.28	1	0.29556	0
1790133300	XAUUSD	M15	4337.99	4338.82	4340.28	4335.86	-1	0.99390	3
1790134200	XAUUSD	M15	4341.38	4338.00	4341.62	4337.27	1	0.15981	0
1790135100	XAUUSD	M15	4342.61	4341.38	4345.45	4341.38	1	0.82617	0
1790136000	XAUUSD	M15	4345.91	4342.61	4346.66	4342.54	1	0.10031	0
1790136900	XAUUSD	M15	4345.59	4345.88	4347.19	4344.54	-1	1.10935	3
1790137800	XAUUSD	M15	4344.44	4345.57	4346.70	4343.54	-1	0.82598	3
1790138700	XAUUSD	M15	4344.14	4344.44	4346.74	4343.44	-1	1.07807	3
1790139600	XAUUSD	M15	4342.29	4344.13	4345.74	4341.94	-1	0.50884	3
1790140500	XAUUSD	M15	4341.03	4342.29	4343.45	4340.28	-1	0.68908	3
1790141400	XAUUSD	M15	4329.40	4341.17	4342.05	4329.03	-1	2.97548	5
1790142300	XAUUSD	M15	4334.61	4329.38	4335.14	4328.10	1	0.69406	0
1790143200	XAUUSD	M15	4330.77	4334.59	4336.67	4329.41	-1	0.20991	3
1790144100	XAUUSD	M15	4328.82	4330.66	4331.03	4326.07	-1	0.46399	3
1790145000	XAUUSD	M15	4334.18	4328.80	4334.61	4328.60	1	0.78301	0
1790145900	XAUUSD	M15	4331.38	4334.09	4336.98	4330.13	-1	0.15076	3
1790146800	XAUUSD	M15	4324.73	4331.29	4332.78	4324.48	-1	1.18110	3
1790147700	XAUUSD	M15	4323.83	4324.73	4328.58	4322.20	-1	0.76226	3
1790148600	XAUUSD	M15	4322.29	4323.83	4324.86	4319.48	-1	0.53900	3
1790149500	XAUUSD	M15	4319.59	4322.43	4325.46	4319.01	-1	0.09715	3
1790150400	XAUUSD	M15	4319.64	4319.57	4321.40	4317.12	1	1.04756	0
1790151300	XAUUSD	M15	4319.07	4319.70	4322.72	4317.19	-1	0.85821	3
1790152200	XAUUSD	M15	4316.36	4319.00	4320.30	4315.97	-1	0.06385	3
1790153100	XAUUSD	M15	4318.13	4316.18	4319.30	4315.49	1	0.33332	0
1790154000	XAUUSD	M15	4319.97	4318.13	4320.38	4317.26	1	0.35106	0
1790154900	XAUUSD	M15	4316.95	4319.92	4320.02	4315.70	-1	0.09772	3
1790155800	XAUUSD	M15	4316.41	4316.93	4319.04	4313.27	-1	0.84216	3
1790156700	XAUUSD	M15	4314.13	4316.26	4316.30	4308.38	-1	0.20778	3
1790157600	XAUUSD	M15	4316.63	4314.17	4318.92	4313.73	1	0.02900	0
1790158500	XAUUSD	M15	4317.65	4316.63	4317.80	4314.39	1	0.61443	0
1790159400	XAUUSD	M15	4315.74	4317.65	4318.98	4314.55	-1	0.21234	3
1790160300	XAUUSD	M15	4315.59	4315.73	4316.14	4312.35	-1	0.97617	3
1790161200	XAUUSD	M15	4315.02	4315.61	4317.02	4312.76	-1	0.77588	3
1790162100	XAUUSD	M15	4306.23	4315.00	4315.73	4303.84	-1	2.53565	4
1790163000	XAUUSD	M15	4304.86	4306.35	4306.93	4294.87	-1	0.41090	3
1790163900	XAUUSD	M15	4309.56	4304.78	4309.94	4304.59	1	0.90516	0
1790164800	XAUUSD	M15	4318.81	4309.55	4319.05	4309.12	1	2.51910	1
1790165700	XAUUSD	M15	4311.14	4318.80	4318.80	4310.03	-1	1.80504	4
1790166600	XAUUSD	M15	4303.80	4310.91	4311.12	4301.94	-1	1.52866	3
1790167500	XAUUSD	M15	4309.90	4303.85	4310.93	4300.84	1	1.09948	0
1790168400	XAUUSD	M15	4302.26	4309.78	4310.44	4298.11	-1	1.56451	3
1790169300	XAUUSD	M15	4312.17	4302.13	4312.25	4301.66	1	2.30482	1
1790170200	XAUUSD	M15	4292.62	4312.37	4313.42	4286.81	-1	4.39910	5
1790171100	XAUUSD	M15	4283.87	4288.70	4289.79	4280.98	-1	0.32529	3
1790172000	XAUUSD	M15	4283.55	4283.80	4293.41	4282.17	-1	0.93570	3
1790172900	XAUUSD	M15	4280.62	4283.51	4287.39	4277.97	-1	0.21669	3
1790173800	XAUUSD	M15	4286.69	4280.62	4291.71	4280.46	1	0.67808	0
1790174700	XAUUSD	M15	4294.31	4286.65	4298.58	4284.17	1	1.10464	0
1790175600	XAUUSD	M15	4294.17	4294.41	4297.37	4289.50	-1	0.93993	3
1790176500	XAUUSD	M15	4283.28	4294.16	4295.29	4282.91	-1	1.88650	4
1790177400	XAUUSD	M15	4284.25	4283.42	4285.80	4278.80	1	0.76630	0
1790178300	XAUUSD	M15	4282.16	4283.95	4285.07	4277.59	-1	0.51727	3
1790179200	XAUUSD	M15	4283.13	4282.18	4284.47	4278.48	1	0.73768	0
1790180100	XAUUSD	M15	4285.72	4283.14	4285.72	4282.11	1	0.30382	0
1790181000	XAUUSD	M15	4286.22	4285.82	4289.64	4284.90	1	0.85375	0
1790181900	XAUUSD	M15	4284.93	4286.19	4286.84	4278.99	-1	0.63049	3
1790182800	XAUUSD	M15	4279.00	4285.07	4285.76	4275.83	-1	0.62152	3
1790183700	XAUUSD	M15	4282.31	4279.00	4284.09	4276.62	1	0.11363	0
1790184600	XAUUSD	M15	4288.23	4282.31	4289.31	4274.94	1	0.55988	0
1790185500	XAUUSD	M15	4292.92	4288.21	4293.28	4287.13	1	0.22208	0
1790186400	XAUUSD	M15	4289.38	4292.89	4294.88	4288.26	-1	0.10795	3
1790187300	XAUUSD	M15	4286.21	4289.40	4291.35	4283.76	-1	0.20915	3
1790188200	XAUUSD	M15	4284.23	4286.10	4287.73	4284.19	-1	0.56371	3
1790189100	XAUUSD	M15	4290.44	4284.35	4290.59	4282.92	1	0.54648	0
1790190000	XAUUSD	M15	4284.44	4290.36	4293.30	4284.44	-1	0.55166	3
1790190900	XAUUSD	M15	4286.59	4284.60	4287.08	4283.27	1	0.53167	0
1790191800	XAUUSD	M15	4282.46	4286.61	4287.22	4281.13	-1	0.07081	3
1790192700	XAUUSD	M15	4284.05	4282.49	4287.25	4282.09	1	0.65159	0
1790193600	XAUUSD	M15	4284.92	4284.05	4287.96	4283.47	1	0.81714	0
1790194500	XAUUSD	M15	4285.44	4284.93	4285.89	4282.68	1	0.89967	0
1790195400	XAUUSD	M15	4285.50	4285.44	4286.09	4282.66	1	0.98705	0
1790196300	XAUUSD	M15	4287.40	4285.50	4290.08	4284.89	1	0.48740	0
1790200800	XAUUSD	M15	4288.14	4290.92	4294.52	4286.89	-1	0.25149	3
1790201700	XAUUSD	M15	4288.52	4288.16	4292.49	4287.06	1	0.90200	0
1790202600	XAUUSD	M15	4289.32	4288.52	4291.24	4287.53	1	0.78745	0
1790203500	XAUUSD	M15	4289.53	4289.21	4291.27	4287.68	1	0.91691	0
1790204400	XAUUSD	M15	4291.31	4289.51	4291.52	4288.91	1	0.50430	0
1790205300	XAUUSD	M15	4288.13	4291.31	4293.19	4287.91	-1	0.13152	3
1790206200	XAUUSD	M15	4285.29	4288.13	4288.71	4285.06	-1	0.23068	3
1790207100	XAUUSD	M15	4288.54	4285.29	4291.68	4285.29	1	0.11902	0
1790208000	XAUUSD	M15	4289.04	4288.58	4291.96	4287.31	1	0.88839	0
1790208900	XAUUSD	M15	4291.95	4289.04	4292.30	4283.93	1	0.21675	0
1790209800	XAUUSD	M15	4294.51	4291.86	4294.75	4290.23	1	0.28964	0
1790210700	XAUUSD	M15	4298.48	4294.50	4299.19	4291.21	1	0.06307	0
1790211600	XAUUSD	M15	4302.91	4298.49	4302.92	4289.81	1	0.17277	0
1790212500	XAUUSD	M15	4299.28	4302.93	4303.22	4295.30	-1	0.06031	3
1790213400	XAUUSD	M15	4289.83	4299.31	4300.69	4289.42	-1	1.51124	3
1790214300	XAUUSD	M15	4279.22	4289.77	4290.46	4277.96	-1	1.77324	4
1790215200	XAUUSD	M15	4282.64	4279.10	4282.64	4273.69	1	0.15375	0
1790216100	XAUUSD	M15	4286.02	4282.64	4287.40	4282.55	1	0.19056	0
1790217000	XAUUSD	M15	4295.45	4286.03	4296.97	4284.47	1	1.46517	0
1790217900	XAUUSD	M15	4290.76	4295.42	4295.44	4287.07	-1	0.17669	3
1790218800	XAUUSD	M15	4287.08	4290.75	4293.82	4285.12	-1	0.08019	3
1790219700	XAUUSD	M15	4285.77	4287.08	4290.53	4285.36	-1	0.71224	3
1790220600	XAUUSD	M15	4281.75	4285.88	4287.05	4281.66	-1	0.09070	3
1790221500	XAUUSD	M15	4285.10	4281.75	4285.25	4280.59	1	0.09655	0
1790222400	XAUUSD	M15	4284.94	4285.08	4286.70	4281.64	-1	1.18913	3
1790223300	XAUUSD	M15	4286.26	4284.94	4288.27	4284.08	1	0.72218	0
1790224200	XAUUSD	M15	4286.57	4286.26	4289.16	4285.80	1	1.10003	0
1790225100	XAUUSD	M15	4289.49	4286.64	4290.28	4286.18	1	0.15141	0
1790226000	XAUUSD	M15	4290.34	4289.52	4296.29	4289.52	1	0.87589	0
1790226900	XAUUSD	M15	4290.62	4290.23	4291.35	4286.20	1	1.00475	0
1790227800	XAUUSD	M15	4281.19	4290.62	4291.01	4280.54	-1	2.28174	4
1790228700	XAUUSD	M15	4279.23	4280.99	4285.64	4277.51	-1	0.50142	3
1790229600	XAUUSD	M15	4282.19	4279.20	4286.66	4278.92	1	0.02995	0
1790230500	XAUUSD	M15	4282.12	4282.28	4286.49	4280.55	-1	1.13639	3
1790231400	XAUUSD	M15	4277.61	4282.09	4283.61	4275.36	-1	0.54744	3
1790232300	XAUUSD	M15	4276.33	4277.81	4278.15	4274.32	-1	0.63254	3
1790233200	XAUUSD	M15	4284.13	4276.33	4285.18	4274.31	1	1.77559	1
1790234100	XAUUSD	M15	4284.91	4284.10	4287.94	4281.15	1	0.92666	0
1790235000	XAUUSD	M15	4282.96	4284.96	4287.66	4280.22	-1	0.44219	3
1790235900	XAUUSD	M15	4278.65	4282.88	4285.49	4276.02	-1	0.42068	3
1790236800	XAUUSD	M15	4277.34	4278.52	4285.53	4276.56	-1	0.73781	3
1790237700	XAUUSD	M15	4264.36	4277.30	4279.14	4262.58	-1	3.38070	5
1790238600	XAUUSD	M15	4268.02	4264.42	4273.82	4263.72	1	0.13331	0
1790239500	XAUUSD	M15	4261.35	4268.02	4270.45	4260.67	-1	1.16263	3
1790240400	XAUUSD	M15	4262.97	4261.21	4267.27	4258.77	1	0.52087	0
1790241300	XAUUSD	M15	4255.57	4262.97	4265.32	4255.24	-1	1.39104	3
1790242200	XAUUSD	M15	4252.11	4255.61	4260.41	4250.89	-1	0.08268	3
1790243100	XAUUSD	M15	4255.42	4252.04	4256.28	4252.03	1	0.03288	0
1790244000	XAUUSD	M15	4252.16	4255.40	4259.36	4250.21	-1	0.00934	3
1790244900	XAUUSD	M15	4245.71	4252.13	4255.01	4244.98	-1	1.04302	3
1790245800	XAUUSD	M15	4258.38	4245.71	4262.55	4244.41	1	2.86248	2
1790246700	XAUUSD	M15	4258.29	4258.36	4263.96	4255.90	-1	1.09793	3
1790247600	XAUUSD	M15	4258.83	4258.23	4260.44	4252.13	1	0.93776	0
1790248500	XAUUSD	M15	4263.80	4258.88	4267.90	4256.88	1	0.40561	0
1790249400	XAUUSD	M15	4260.69	4263.80	4265.96	4258.26	-1	0.16706	3
1790250300	XAUUSD	M15	4265.91	4260.69	4266.28	4259.10	1	0.47398	0
1790251200	XAUUSD	M15	4268.82	4265.91	4269.79	4260.64	1	0.27520	0
1790252100	XAUUSD	M15	4271.41	4268.72	4272.04	4266.93	1	0.36361	0
1790253000	XAUUSD	M15	4271.87	4271.54	4274.08	4264.82	1	1.11040	0
1790253900	XAUUSD	M15	4281.09	4271.85	4283.30	4271.27	1	1.67071	0
1790254800	XAUUSD	M15	4278.37	4281.08	4284.96	4277.01	-1	0.37054	3
1790255700	XAUUSD	M15	4276.38	4278.33	4279.13	4275.66	-1	0.59878	3
1790256600	XAUUSD	M15	4273.36	4276.40	4277.74	4267.55	-1	0.27676	3
1790257500	XAUUSD	M15	4267.63	4273.29	4276.37	4264.88	-1	0.53130	3
1790258400	XAUUSD	M15	4269.66	4267.65	4273.13	4265.48	1	0.61114	0
1790259300	XAUUSD	M15	4267.12	4269.70	4271.51	4261.11	-1	0.42345	3
1790260200	XAUUSD	M15	4256.48	4267.35	4267.35	4254.14	-1	2.04806	4
1790261100	XAUUSD	M15	4253.25	4256.50	4262.11	4252.51	-1	0.23842	3
1790262000	XAUUSD	M15	4246.96	4253.12	4254.05	4244.82	-1	0.66828	3
1790262900	XAUUSD	M15	4250.32	4247.02	4255.45	4246.48	1	0.17522	0
1790263800	XAUUSD	M15	4255.22	4250.45	4255.41	4246.38	1	0.28705	0
1790264700	XAUUSD	M15	4256.67	4255.22	4260.53	4253.38	1	0.75770	0
1790265600	XAUUSD	M15	4258.23	4256.67	4258.43	4252.68	1	0.69471	0
1790266500	XAUUSD	M15	4275.49	4259.30	4288.47	4258.34	1	3.50579	2
1790267400	XAUUSD	M15	4274.27	4275.59	4285.38	4270.63	-1	0.72109	3
1790268300	XAUUSD	M15	4273.16	4274.31	4278.72	4271.12	-1	0.76803	3
1790269200	XAUUSD	M15	4271.14	4273.12	4277.90	4266.65	-1	0.51990	3
1790270100	XAUUSD	M15	4262.96	4271.02	4271.21	4259.25	-1	1.16098	3
1790271000	XAUUSD	M15	4258.95	4263.08	4267.18	4258.39	-1	0.04288	3
1790271900	XAUUSD	M15	4264.89	4258.98	4265.96	4258.01	1	0.52298	0
1790272800	XAUUSD	M15	4269.71	4264.84	4269.93	4256.33	1	0.20674	0
1790273700	XAUUSD	M15	4274.70	4269.75	4275.42	4267.12	1	0.21870	0
1790274600	XAUUSD	M15	4271.52	4274.68	4281.37	4267.77	-1	0.30892	3
1790275500	XAUUSD	M15	4271.91	4271.53	4276.91	4270.47	1	1.11156	0
1790276400	XAUUSD	M15	4267.60	4271.91	4272.59	4267.01	-1	0.05172	3
1790277300	XAUUSD	M15	4272.16	4267.56	4275.79	4267.55	1	0.12236	0
1790278200	XAUUSD	M15	4274.43	4272.23	4275.67	4271.45	1	0.58385	0
1790279100	XAUUSD	M15	4273.86	4274.43	4275.84	4272.50	-1	1.07127	3
1790280000	XAUUSD	M15	4269.85	4273.90	4274.51	4269.77	-1	0.03632	3
1790280900	XAUUSD	M15	4265.41	4269.90	4270.61	4264.43	-1	0.07818	3
1790281800	XAUUSD	M15	4270.88	4265.45	4271.56	4265.06	1	0.37555	0
1790282700	XAUUSD	M15	4273.93	4270.85	4275.22	4270.37	1	0.34865	0
1790287200	XAUUSD	M15	4270.43	4272.87	4275.79	4270.22	-1	0.54663	3
1790288100	XAUUSD	M15	4271.14	4270.41	4271.58	4267.85	1	1.03692	0
1790289000	XAUUSD	M15	4270.87	4271.26	4273.00	4268.85	-1	1.12984	3
1790289900	XAUUSD	M15	4272.48	4270.89	4274.64	4270.85	1	0.75502	0
1790290800	XAUUSD	M15	4273.38	4272.52	4275.30	4272.03	1	0.96420	0
1790291700	XAUUSD	M15	4271.95	4273.38	4274.89	4271.50	-1	0.75376	3
1790292600	XAUUSD	M15	4274.49	4271.95	4275.85	4270.87	1	0.40589	0
1790293500	XAUUSD	M15	4264.93	4274.48	4274.48	4264.87	-1	1.78524	4
1790294400	XAUUSD	M15	4266.33	4264.91	4270.30	4264.38	1	0.74566	0
1790295300	XAUUSD	M15	4270.50	4266.33	4270.60	4264.76	1	0.10677	0
1790296200	XAUUSD	M15	4271.42	4270.50	4272.40	4267.21	1	0.88622	0
1790297100	XAUUSD	M15	4278.48	4271.41	4280.97	4270.36	1	1.00929	0
1790298000	XAUUSD	M15	4289.96	4278.48	4290.54	4276.93	1	2.41896	1
1790298900	XAUUSD	M15	4293.70	4289.94	4294.24	4288.95	1	0.02633	0
1790299800	XAUUSD	M15	4292.65	4293.69	4295.68	4291.55	-1	0.89639	3
1790300700	XAUUSD	M15	4287.83	4292.63	4292.69	4286.39	-1	0.30344	3
1790301600	XAUUSD	M15	4290.20	4287.83	4295.20	4287.83	1	0.46656	0
1790302500	XAUUSD	M15	4288.09	4290.20	4292.47	4287.92	-1	0.53058	3
1790303400	XAUUSD	M15	4285.95	4288.09	4288.66	4282.22	-1	0.51555	3
1790304300	XAUUSD	M15	4283.79	4285.96	4286.33	4277.66	-1	0.50230	3
1790305200	XAUUSD	M15	4282.66	4283.84	4286.33	4282.19	-1	0.82534	3
1790306100	XAUUSD	M15	4278.12	4282.65	4284.57	4278.12	-1	0.27835	3
1790307000	XAUUSD	M15	4273.57	4278.14	4278.28	4273.57	-1	0.28024	3
1790307900	XAUUSD	M15	4270.03	4273.53	4274.28	4269.67	-1	0.08076	3
1790308800	XAUUSD	M15	4268.22	4270.03	4271.91	4268.21	-1	0.62784	3
1790309700	XAUUSD	M15	4271.35	4268.23	4271.84	4267.67	1	0.18298	0
1790310600	XAUUSD	M15	4272.03	4271.27	4273.60	4270.23	1	0.94741	0
1790311500	XAUUSD	M15	4263.06	4272.03	4273.35	4262.67	-1	1.65946	3
1790312400	XAUUSD	M15	4256.96	4262.98	4264.01	4256.44	-1	0.78178	3
1790313300	XAUUSD	M15	4264.09	4257.04	4264.95	4256.78	1	1.09005	0
1790314200	XAUUSD	M15	4274.58	4264.15	4275.53	4263.20	1	2.09918	1
1790315100	XAUUSD	M15	4266.75	4274.63	4275.86	4265.72	-1	1.24261	3
1790316000	XAUUSD	M15	4274.67	4266.76	4275.50	4266.31	1	1.21694	0
1790316900	XAUUSD	M15	4274.98	4274.64	4281.54	4274.29	1	1.10992	0
1790317800	XAUUSD	M15	4277.02	4274.98	4278.10	4274.47	1	0.59144	0
1790318700	XAUUSD	M15	4275.81	4276.97	4277.99	4274.52	-1	0.90328	3
1790319600	XAUUSD	M15	4275.20	4275.84	4280.31	4273.16	-1	1.08015	3
1790320500	XAUUSD	M15	4273.79	4275.15	4277.30	4271.45	-1	0.82592	3
1790321400	XAUUSD	M15	4276.74	4273.81	4279.94	4271.19	1	0.27270	0
1790322300	XAUUSD	M15	4279.72	4276.73	4281.66	4276.73	1	0.22282	0
1790323200	XAUUSD	M15	4281.79	4279.85	4282.29	4275.00	1	0.59091	0
1790324100	XAUUSD	M15	4284.25	4281.79	4284.72	4278.93	1	0.37979	0
1790325000	XAUUSD	M15	4292.25	4284.25	4292.48	4283.80	1	1.59769	0
1790325900	XAUUSD	M15	4293.45	4292.26	4297.36	4290.13	1	0.81988	0
1790326800	XAUUSD	M15	4293.99	4293.44	4297.91	4293.08	1	1.02126	0
1790327700	XAUUSD	M15	4290.54	4293.98	4296.90	4289.69	-1	0.01804	3
1790328600	XAUUSD	M15	4294.66	4290.60	4297.54	4290.20	1	0.20578	0
1790329500	XAUUSD	M15	4295.13	4294.66	4295.13	4291.02	1	1.04379	0
1790330400	XAUUSD	M15	4307.29	4294.87	4308.12	4293.96	1	2.87764	2
1790331300	XAUUSD	M15	4308.28	4307.37	4309.47	4303.61	1	0.88079	0
1790332200	XAUUSD	M15	4305.38	4308.33	4308.81	4302.31	-1	0.20732	3
1790333100	XAUUSD	M15	4311.07	4305.44	4311.68	4303.94	1	0.65933	0
1790334000	XAUUSD	M15	4312.51	4311.07	4315.73	4309.52	1	0.68050	0
1790334900	XAUUSD	M15	4304.69	4312.51	4314.07	4304.66	-1	1.34298	3
1790335800	XAUUSD	M15	4301.67	4304.69	4308.06	4299.80	-1	0.19528	3
1790336700	XAUUSD	M15	4303.00	4301.65	4305.47	4300.24	1	0.73570	0
1790337600	XAUUSD	M15	4299.88	4303.05	4304.85	4297.90	-1	0.16969	3
1790338500	XAUUSD	M15	4306.66	4299.88	4309.47	4297.54	1	0.96567	0
1790339400	XAUUSD	M15	4301.70	4306.85	4307.05	4297.13	-1	0.41662	3
1790340300	XAUUSD	M15	4298.13	4301.58	4308.65	4296.83	-1	0.14918	3
1790341200	XAUUSD	M15	4292.77	4298.13	4299.08	4291.67	-1	0.45840	3
1790342100	XAUUSD	M15	4278.22	4292.53	4293.78	4278.10	-1	3.12688	5
1790343000	XAUUSD	M15	4278.93	4278.36	4284.33	4273.42	1	1.04960	0
1790343900	XAUUSD	M15	4275.61	4278.81	4283.49	4274.21	-1	0.24637	3
1790344800	XAUUSD	M15	4267.51	4275.48	4278.02	4254.76	-1	1.15476	3
1790345700	XAUUSD	M15	4265.99	4267.48	4270.80	4259.85	-1	0.77090	3
1790346600	XAUUSD	M15	4273.19	4266.02	4273.23	4262.58	1	1.01121	0
1790347500	XAUUSD	M15	4279.08	4273.11	4280.68	4269.75	1	0.61802	0
1790348400	XAUUSD	M15	4280.10	4279.13	4282.74	4274.29	1	0.95066	0
1790349300	XAUUSD	M15	4279.74	4280.16	4281.27	4272.80	-1	1.08593	3
1790350200	XAUUSD	M15	4275.01	4279.77	4285.71	4274.78	-1	0.24779	3
1790351100	XAUUSD	M15	4290.71	4275.01	4290.76	4270.07	1	3.20821	2
1790352000	XAUUSD	M15	4290.48	4290.92	4300.24	4287.08	-1	1.03804	3
1790352900	XAUUSD	M15	4292.12	4290.29	4292.94	4284.83	1	0.65013	0
1790353800	XAUUSD	M15	4287.15	4292.13	4293.00	4279.48	-1	0.20427	3
1790354700	XAUUSD	M15	4286.47	4286.98	4288.01	4281.78	-1	1.01102	3
1790355600	XAUUSD	M15	4291.41	4286.47	4292.97	4285.48	1	0.20982	0
1790356500	XAUUSD	M15	4286.66	4291.38	4293.15	4285.09	-1	0.14290	3
1790357400	XAUUSD	M15	4285.68	4286.46	4288.23	4279.61	-1	0.93520	3
1790358300	XAUUSD	M15	4283.19	4285.68	4286.83	4282.09	-1	0.46151	3
1790359200	XAUUSD	M15	4284.78	4283.54	4285.77	4282.83	1	0.80879	0
1790360100	XAUUSD	M15	4287.52	4284.86	4290.34	4284.19	1	0.39208	0
1790361000	XAUUSD	M15	4291.77	4287.26	4294.09	4287.22	1	0.13290	0
1790361900	XAUUSD	M15	4294.88	4291.76	4296.12	4290.80	1	0.23758	0
1790362800	XAUUSD	M15	4296.77	4294.86	4297.25	4288.63	1	0.55052	0
1790363700	XAUUSD	M15	4289.00	4296.78	4297.00	4288.02	-1	1.15607	3
1790364600	XAUUSD	M15	4292.38	4288.89	4294.17	4287.91	1	0.06818	0
1790365500	XAUUSD	M15	4291.36	4292.40	4294.42	4289.56	-1	0.79692	3
1790366400	XAUUSD	M15	4290.72	4291.19	4292.06	4289.82	-1	0.95087	3
1790367300	XAUUSD	M15	4287.39	4290.67	4290.96	4286.88	-1	0.13722	3
1790368200	XAUUSD	M15	4284.81	4287.37	4287.53	4284.79	-1	0.36294	3
1790369100	XAUUSD	M15	4285.96	4284.81	4287.26	4284.31	1	0.78057	0
1790546400	XAUUSD	M15	4266.18	4278.10	4280.03	4265.29	-1	2.25377	4
1790547300	XAUUSD	M15	4268.66	4266.18	4270.48	4266.02	1	0.41016	0
1790548200	XAUUSD	M15	4261.58	4268.66	4268.80	4261.56	-1	0.85786	3
1790549100	XAUUSD	M15	4260.09	4261.58	4262.85	4257.96	-1	0.70642	3
1790550000	XAUUSD	M15	4264.92	4260.14	4266.26	4257.49	1	0.23515	0
1790550900	XAUUSD	M15	4263.33	4264.92	4265.70	4262.46	-1	0.67257	3
1790551800	XAUUSD	M15	4260.38	4263.33	4263.81	4259.01	-1	0.30141	3
