z-score_timestamp	z-score_symbol	z-score_timeframe	z-score_close	z-score_open	z-score_high	z-score_low	body_direction	body_size	body_classification
1790222700	XAUUSD	M5	4284.00	4284.25	4284.55	4283.00	-1	1.11079	3
1790223000	XAUUSD	M5	4284.94	4284.00	4286.10	4283.44	1	0.72226	0
1790223300	XAUUSD	M5	4286.58	4284.94	4288.27	4284.81	1	0.31132	0
1790223600	XAUUSD	M5	4284.85	4286.56	4287.39	4284.52	-1	0.28139	3
1790223900	XAUUSD	M5	4286.26	4284.85	4286.41	4284.08	1	0.44159	0
1790224200	XAUUSD	M5	4288.82	4286.26	4289.00	4286.02	1	0.19126	0
1790224500	XAUUSD	M5	4287.06	4288.82	4289.16	4286.92	-1	0.26018	3
1790224800	XAUUSD	M5	4286.57	4287.06	4287.45	4285.80	-1	0.94524	3
1790225100	XAUUSD	M5	4288.68	4286.64	4288.92	4286.18	1	0.10347	0
1790225400	XAUUSD	M5	4289.91	4288.73	4289.97	4287.81	1	0.59206	0
1790225700	XAUUSD	M5	4289.49	4289.90	4290.28	4289.19	-1	0.99041	3
1790226000	XAUUSD	M5	4295.08	4289.52	4296.01	4289.52	1	1.83507	1
1790226300	XAUUSD	M5	4293.66	4295.08	4296.29	4292.84	-1	0.48389	3
1790226600	XAUUSD	M5	4290.34	4293.68	4293.73	4290.13	-1	0.58936	3
1790226900	XAUUSD	M5	4289.60	4290.23	4290.32	4286.20	-1	0.90821	3
1790227200	XAUUSD	M5	4289.52	4289.60	4291.35	4288.21	-1	1.17148	3
1790227500	XAUUSD	M5	4290.62	4289.52	4291.08	4288.55	1	0.58974	0
1790227800	XAUUSD	M5	4285.19	4290.62	4291.01	4285.12	-1	1.82249	4
1790228100	XAUUSD	M5	4284.29	4285.19	4287.45	4283.73	-1	0.67519	3
1790228400	XAUUSD	M5	4281.19	4284.31	4286.73	4280.54	-1	0.64974	3
1790228700	XAUUSD	M5	4283.00	4280.99	4285.64	4280.14	1	0.00635	0
1790229000	XAUUSD	M5	4280.57	4282.99	4284.42	4280.47	-1	0.23858	3
1790229300	XAUUSD	M5	4279.23	4280.50	4281.25	4277.51	-1	0.44927	3
1790229600	XAUUSD	M5	4279.94	4279.20	4283.43	4278.92	1	0.75249	0
1790229900	XAUUSD	M5	4286.08	4279.86	4286.30	4279.71	1	2.39696	1
1790230200	XAUUSD	M5	4282.19	4286.08	4286.66	4281.10	-1	1.05467	3
1790230500	XAUUSD	M5	4283.15	4282.28	4284.70	4280.55	1	0.64429	0
1790230800	XAUUSD	M5	4284.02	4282.82	4286.49	4282.72	1	0.44248	0
1790231100	XAUUSD	M5	4282.12	4283.96	4285.15	4281.36	-1	0.04949	3
1790231400	XAUUSD	M5	4281.04	4282.09	4283.61	4280.07	-1	0.49498	3
1790231700	XAUUSD	M5	4279.95	4281.06	4281.58	4275.36	-1	0.46202	3
1790232000	XAUUSD	M5	4277.61	4279.99	4280.35	4276.97	-1	0.37874	3
1790232300	XAUUSD	M5	4275.71	4277.81	4278.07	4274.32	-1	0.19659	3
1790232600	XAUUSD	M5	4276.91	4275.52	4277.96	4275.20	1	0.27720	0
1790232900	XAUUSD	M5	4276.33	4276.90	4278.15	4276.17	-1	0.81488	3
1790233200	XAUUSD	M5	4279.80	4276.33	4280.41	4274.31	1	1.24472	0
1790233500	XAUUSD	M5	4283.30	4279.93	4284.84	4279.48	1	1.14658	0
1790233800	XAUUSD	M5	4284.13	4283.27	4285.18	4281.60	1	0.66187	0
1790234100	XAUUSD	M5	4286.67	4284.10	4287.94	4283.23	1	0.57848	0
1790234400	XAUUSD	M5	4281.70	4286.67	4286.67	4281.15	-1	2.18581	4
1790234700	XAUUSD	M5	4284.91	4281.80	4285.04	4281.77	1	0.86704	0
1790235000	XAUUSD	M5	4282.78	4284.96	4287.66	4282.14	-1	0.20637	3
1790235300	XAUUSD	M5	4284.46	4282.81	4286.63	4282.67	1	0.14072	0
1790235600	XAUUSD	M5	4282.96	4284.42	4284.49	4280.22	-1	0.29113	3
1790235900	XAUUSD	M5	4280.11	4282.88	4285.49	4279.66	-1	0.61225	3
1790236200	XAUUSD	M5	4283.25	4280.15	4283.86	4278.85	1	0.81534	0
1790236500	XAUUSD	M5	4278.65	4283.24	4283.33	4276.02	-1	1.78715	4
1790236800	XAUUSD	M5	4284.40	4278.52	4284.78	4277.57	1	2.47071	1
1790237100	XAUUSD	M5	4282.57	4284.28	4285.53	4281.39	-1	0.26903	3
1790237400	XAUUSD	M5	4277.34	4282.60	4283.27	4276.56	-1	1.98196	4
1790237700	XAUUSD	M5	4271.03	4277.30	4279.14	4267.82	-1	2.42434	4
1790238000	XAUUSD	M5	4265.74	4271.12	4273.64	4264.28	-1	1.80142	4
1790238300	XAUUSD	M5	4264.36	4265.70	4266.87	4262.58	-1	0.58600	3
1790238600	XAUUSD	M5	4267.30	4264.42	4273.82	4263.72	1	0.30468	0
1790238900	XAUUSD	M5	4268.27	4267.31	4268.85	4264.47	1	0.85195	0
1790239200	XAUUSD	M5	4268.02	4268.28	4270.07	4266.25	-1	1.25393	3
1790239500	XAUUSD	M5	4267.86	4268.02	4270.45	4266.86	-1	1.27887	3
1790239800	XAUUSD	M5	4262.42	4267.79	4268.13	4261.52	-1	1.69056	3
1790240100	XAUUSD	M5	4261.35	4262.30	4263.41	4260.67	-1	0.82488	3
1790240400	XAUUSD	M5	4259.42	4261.21	4267.27	4259.13	-1	0.33856	3
1790240700	XAUUSD	M5	4263.09	4259.41	4264.61	4258.77	1	0.71269	0
1790241000	XAUUSD	M5	4262.97	4262.99	4265.35	4261.02	-1	1.34646	3
1790241300	XAUUSD	M5	4262.92	4262.97	4265.32	4261.27	-1	1.28833	3
1790241600	XAUUSD	M5	4263.35	4262.90	4265.10	4261.02	1	1.05237	0
1790241900	XAUUSD	M5	4255.57	4263.43	4263.81	4255.24	-1	2.75654	5
1790242200	XAUUSD	M5	4257.74	4255.61	4260.41	4254.54	1	0.16157	0
1790242500	XAUUSD	M5	4257.67	4257.66	4259.53	4255.75	1	1.24910	0
1790242800	XAUUSD	M5	4252.11	4257.55	4258.19	4250.89	-1	1.52438	3
1790243100	XAUUSD	M5	4252.86	4252.04	4255.73	4252.03	1	0.83371	0
1790243400	XAUUSD	M5	4253.70	4252.86	4256.28	4252.65	1	0.83697	0
1790243700	XAUUSD	M5	4255.42	4253.72	4255.88	4253.37	1	0.40158	0
1790244000	XAUUSD	M5	4253.79	4255.40	4259.36	4253.74	-1	0.42030	3
1790244300	XAUUSD	M5	4252.78	4253.59	4253.71	4250.21	-1	0.84048	3
1790244600	XAUUSD	M5	4252.16	4252.85	4257.53	4251.48	-1	0.87468	3
1790244900	XAUUSD	M5	4252.07	4252.13	4255.01	4249.52	-1	1.17026	3
1790245200	XAUUSD	M5	4247.71	4252.09	4253.23	4247.55	-1	1.03265	3
1790245500	XAUUSD	M5	4245.71	4247.70	4252.13	4244.98	-1	0.19704	3
1790245800	XAUUSD	M5	4253.97	4245.71	4254.21	4244.41	1	2.74377	1
1790246100	XAUUSD	M5	4260.52	4254.01	4262.55	4253.52	1	1.89655	1
1790246400	XAUUSD	M5	4258.38	4260.52	4262.36	4257.98	-1	0.16528	3
1790246700	XAUUSD	M5	4262.76	4258.36	4263.96	4257.95	1	0.88006	0
1790247000	XAUUSD	M5	4257.24	4262.63	4263.82	4257.21	-1	1.29824	3
1790247300	XAUUSD	M5	4258.29	4257.24	4259.83	4255.90	1	0.73307	0
1790247600	XAUUSD	M5	4256.01	4258.23	4260.44	4255.93	-1	0.19605	3
1790247900	XAUUSD	M5	4254.89	4255.97	4256.83	4252.13	-1	0.73228	3
1790248200	XAUUSD	M5	4258.83	4254.87	4259.33	4254.33	1	0.60731	0
1790248500	XAUUSD	M5	4261.72	4258.88	4263.88	4256.88	1	0.07561	0
1790248800	XAUUSD	M5	4266.20	4261.61	4267.76	4261.48	1	0.86589	0
1790249100	XAUUSD	M5	4263.80	4266.17	4267.90	4263.77	-1	0.18954	3
1790249400	XAUUSD	M5	4261.35	4263.80	4265.96	4261.35	-1	0.14298	3
1790249700	XAUUSD	M5	4259.63	4261.34	4262.38	4258.26	-1	0.47745	3
1790250000	XAUUSD	M5	4260.69	4259.60	4261.20	4258.60	1	0.77332	0
1790250300	XAUUSD	M5	4260.59	4260.69	4261.48	4259.59	-1	1.20262	3
1790250600	XAUUSD	M5	4260.62	4260.66	4261.36	4259.10	-1	1.18493	3
1790250900	XAUUSD	M5	4265.91	4260.67	4266.28	4259.43	1	1.19776	0
1790251200	XAUUSD	M5	4261.78	4265.91	4266.58	4260.64	-1	0.66946	3
1790251500	XAUUSD	M5	4265.11	4261.76	4266.32	4260.84	1	0.29909	0
1790251800	XAUUSD	M5	4268.82	4265.15	4269.79	4264.45	1	0.42731	0
1790252100	XAUUSD	M5	4269.13	4268.72	4271.03	4267.75	1	1.03498	0
1790252400	XAUUSD	M5	4270.08	4269.31	4272.04	4266.93	1	0.84663	0
1790252700	XAUUSD	M5	4271.41	4270.08	4271.52	4267.02	1	0.56970	0
1790253000	XAUUSD	M5	4266.87	4271.54	4272.75	4265.91	-1	0.96302	3
1790253300	XAUUSD	M5	4268.43	4266.87	4269.21	4264.82	1	0.45988	0
1790253600	XAUUSD	M5	4271.87	4268.41	4274.08	4268.23	1	0.43071	0
1790253900	XAUUSD	M5	4274.19	4271.85	4274.88	4271.27	1	0.05663	0
1790254200	XAUUSD	M5	4280.19	4274.38	4280.34	4272.60	1	1.58827	0
1790254500	XAUUSD	M5	4281.09	4280.08	4283.30	4279.23	1	0.68773	0
1790254800	XAUUSD	M5	4280.44	4281.08	4284.96	4279.49	-1	0.83811	3
1790255100	XAUUSD	M5	4279.63	4280.28	4282.54	4277.01	-1	0.82896	3
1790255400	XAUUSD	M5	4278.37	4279.65	4282.77	4277.44	-1	0.54549	3
1790255700	XAUUSD	M5	4277.94	4278.33	4278.82	4276.18	-1	0.97096	3
1790256000	XAUUSD	M5	4277.15	4278.07	4279.13	4275.90	-1	0.69023	3
1790256300	XAUUSD	M5	4276.38	4277.02	4278.14	4275.66	-1	0.82052	3
1790256600	XAUUSD	M5	4272.86	4276.40	4277.74	4272.14	-1	0.55568	3
1790256900	XAUUSD	M5	4271.71	4272.89	4275.88	4270.12	-1	0.55363	3
1790257200	XAUUSD	M5	4273.36	4271.60	4273.93	4267.55	1	0.29415	0
1790257500	XAUUSD	M5	4271.36	4273.29	4276.37	4270.43	-1	0.23129	3
1790257800	XAUUSD	M5	4266.29	4271.38	4271.95	4265.92	-1	1.26865	3
1790258100	XAUUSD	M5	4267.63	4266.28	4269.12	4264.88	1	0.53040	0
1790258400	XAUUSD	M5	4270.79	4267.65	4270.84	4265.48	1	0.39317	0
1790258700	XAUUSD	M5	4270.32	4270.70	4273.13	4267.74	-1	1.05277	3
1790259000	XAUUSD	M5	4269.66	4270.22	4271.61	4266.87	-1	0.92670	3
1790259300	XAUUSD	M5	4264.91	4269.70	4271.51	4264.14	-1	1.27211	3
1790259600	XAUUSD	M5	4263.73	4264.93	4264.96	4261.11	-1	0.62434	3
1790259900	XAUUSD	M5	4267.12	4263.72	4268.94	4261.92	1	0.52034	0
1790260200	XAUUSD	M5	4261.90	4267.35	4267.35	4256.65	-1	1.53114	3
1790260500	XAUUSD	M5	4256.88	4261.76	4262.34	4255.63	-1	1.19007	3
1790260800	XAUUSD	M5	4256.48	4256.95	4257.28	4254.14	-1	1.06770	3
1790261100	XAUUSD	M5	4257.34	4256.50	4258.47	4254.70	1	0.89301	0
1790261400	XAUUSD	M5	4259.85	4257.39	4262.11	4257.29	1	0.03894	0
1790261700	XAUUSD	M5	4253.25	4259.88	4259.88	4252.51	-1	2.00586	4
1790262000	XAUUSD	M5	4250.68	4253.12	4254.05	4249.70	-1	0.03966	3
1790262300	XAUUSD	M5	4249.65	4250.70	4251.34	4248.68	-1	0.77194	3
1790262600	XAUUSD	M5	4246.96	4249.63	4251.05	4244.82	-1	0.14077	3
1790262900	XAUUSD	M5	4250.53	4247.02	4253.27	4246.48	1	0.63154	0
1790263200	XAUUSD	M5	4255.24	4250.43	4255.45	4249.64	1	1.39433	0
1790263500	XAUUSD	M5	4250.32	4255.27	4255.40	4248.98	-1	1.41385	3
1790263800	XAUUSD	M5	4248.21	4250.45	4250.74	4246.38	-1	0.12926	3
1790264100	XAUUSD	M5	4253.74	4247.82	4253.74	4246.89	1	1.86125	1
1790264400	XAUUSD	M5	4255.22	4253.81	4255.41	4252.29	1	0.60979	0
1790264700	XAUUSD	M5	4254.66	4255.22	4256.90	4253.38	-1	1.04695	3
1790265000	XAUUSD	M5	4257.55	4254.64	4260.53	4254.15	1	0.26342	0
1790265300	XAUUSD	M5	4256.67	4257.66	4257.87	4254.88	-1	0.78497	3
1790265600	XAUUSD	M5	4258.38	4256.67	4258.39	4254.57	1	0.37902	0
1790265900	XAUUSD	M5	4253.21	4258.19	4258.43	4252.68	-1	1.36862	3
1790266200	XAUUSD	M5	4258.23	4253.30	4258.23	4253.08	1	1.28878	0
1790266500	XAUUSD	M5	4274.19	4259.30	4288.47	4258.34	1	4.86722	2
1790266800	XAUUSD	M5	4276.09	4274.49	4281.25	4271.46	1	0.50059	0
1790267100	XAUUSD	M5	4275.49	4276.12	4278.00	4271.88	-1	0.86206	3
1790267400	XAUUSD	M5	4273.91	4275.59	4278.01	4270.63	-1	0.41637	3
1790267700	XAUUSD	M5	4277.19	4273.82	4278.68	4272.75	1	0.27296	0
1790268000	XAUUSD	M5	4274.27	4277.26	4285.38	4274.27	-1	0.12324	3
1790268300	XAUUSD	M5	4275.19	4274.31	4277.30	4272.79	1	0.74456	0
1790268600	XAUUSD	M5	4272.93	4275.22	4278.72	4271.12	-1	0.17935	3
1790268900	XAUUSD	M5	4273.16	4273.11	4276.30	4272.91	1	1.08376	0
1790269200	XAUUSD	M5	4271.99	4273.12	4277.90	4269.11	-1	0.61712	3
1790269500	XAUUSD	M5	4271.01	4271.93	4274.12	4270.02	-1	0.69636	3
1790269800	XAUUSD	M5	4271.14	4270.94	4271.73	4266.65	1	0.95843	0
1790270100	XAUUSD	M5	4262.55	4271.02	4271.21	4262.36	-1	2.23355	4
1790270400	XAUUSD	M5	4261.28	4262.54	4265.76	4260.92	-1	0.51996	3
1790270700	XAUUSD	M5	4262.96	4261.34	4263.19	4259.25	1	0.38481	0
1790271000	XAUUSD	M5	4263.09	4263.08	4267.18	4262.96	1	1.00555	0
1790271300	XAUUSD	M5	4262.49	4263.08	4263.87	4261.69	-1	0.77902	3
1790271600	XAUUSD	M5	4258.95	4262.37	4263.08	4258.39	-1	0.30755	3
1790271900	XAUUSD	M5	4258.80	4258.98	4260.69	4258.01	-1	0.95270	3
1790272200	XAUUSD	M5	4260.75	4258.70	4261.48	4258.39	1	0.23373	0
1790272500	XAUUSD	M5	4264.89	4260.85	4265.96	4260.59	1	0.52101	0
1790272800	XAUUSD	M5	4257.85	4264.84	4265.74	4256.33	-1	1.61236	3
1790273100	XAUUSD	M5	4262.53	4257.88	4263.37	4257.45	1	0.69195	0
1790273400	XAUUSD	M5	4269.71	4262.55	4269.93	4262.34	1	1.57647	0
1790273700	XAUUSD	M5	4269.02	4269.75	4272.15	4268.01	-1	0.81278	3
1790274000	XAUUSD	M5	4269.28	4268.98	4269.90	4267.12	1	0.93754	0
1790274300	XAUUSD	M5	4274.70	4269.28	4275.42	4268.76	1	0.92800	0
1790274600	XAUUSD	M5	4270.50	4274.68	4276.96	4270.41	-1	0.46267	3
1790274900	XAUUSD	M5	4277.65	4270.50	4281.37	4267.77	1	1.48972	0
1790275200	XAUUSD	M5	4271.52	4277.54	4277.54	4269.89	-1	1.03988	3
1790275500	XAUUSD	M5	4272.66	4271.53	4272.74	4270.47	1	0.70601	0
1790275800	XAUUSD	M5	4273.41	4272.68	4276.91	4272.26	1	0.84550	0
1790276100	XAUUSD	M5	4271.91	4273.50	4274.81	4271.50	-1	0.52175	3
1790276400	XAUUSD	M5	4268.37	4271.91	4272.59	4267.01	-1	0.19426	3
1790276700	XAUUSD	M5	4269.73	4268.36	4270.36	4268.15	1	0.56950	0
1790277000	XAUUSD	M5	4267.60	4269.73	4269.73	4267.42	-1	0.30692	3
1790277300	XAUUSD	M5	4271.00	4267.56	4271.29	4267.55	1	0.15511	0
1790277600	XAUUSD	M5	4274.47	4270.99	4274.47	4269.40	1	0.16289	0
1790277900	XAUUSD	M5	4272.16	4274.47	4275.79	4271.56	-1	0.24172	3
1790278200	XAUUSD	M5	4272.99	4272.23	4273.07	4271.45	1	0.80455	0
1790278500	XAUUSD	M5	4275.55	4272.97	4275.57	4271.65	1	0.13959	0
1790278800	XAUUSD	M5	4274.43	4275.55	4275.67	4273.64	-1	0.67085	3
1790279100	XAUUSD	M5	4273.65	4274.43	4275.84	4273.38	-1	0.77426	3
1790279400	XAUUSD	M5	4274.83	4273.63	4274.97	4272.67	1	0.59522	0
1790279700	XAUUSD	M5	4273.86	4274.51	4275.18	4272.50	-1	0.76961	3
1790280000	XAUUSD	M5	4272.11	4273.90	4274.51	4271.30	-1	0.34410	3
1790280300	XAUUSD	M5	4270.46	4272.11	4272.49	4270.20	-1	0.37119	3
1790280600	XAUUSD	M5	4269.85	4270.42	4272.91	4269.77	-1	0.76712	3
1790280900	XAUUSD	M5	4265.30	4269.90	4270.61	4264.97	-1	0.70969	3
1790281200	XAUUSD	M5	4265.87	4265.30	4266.78	4264.48	1	0.77509	0
1790281500	XAUUSD	M5	4265.41	4265.87	4266.63	4264.43	-1	0.81015	3
1790281800	XAUUSD	M5	4266.84	4265.45	4267.22	4265.06	1	0.46303	0
1790282100	XAUUSD	M5	4268.79	4266.89	4268.79	4266.14	1	0.25486	0
1790282400	XAUUSD	M5	4270.88	4268.91	4271.56	4268.73	1	0.20981	0
1790282700	XAUUSD	M5	4271.72	4270.85	4272.61	4270.37	1	0.68252	0
1790283000	XAUUSD	M5	4272.89	4271.72	4272.90	4271.14	1	0.53144	0
1790283300	XAUUSD	M5	4273.93	4272.89	4275.22	4272.75	1	0.60000	0
1790287200	XAUUSD	M5	4274.40	4272.87	4275.79	4272.30	1	0.35931	0
1790287500	XAUUSD	M5	4271.81	4274.30	4274.42	4271.55	-1	0.11731	3
1790287800	XAUUSD	M5	4270.43	4271.82	4271.83	4270.22	-1	0.40616	3
1790288100	XAUUSD	M5	4268.45	4270.41	4270.94	4268.20	-1	0.13774	3
1790288400	XAUUSD	M5	4270.09	4268.38	4270.13	4267.85	1	0.25505	0
1790288700	XAUUSD	M5	4271.14	4270.08	4271.58	4269.66	1	0.58771	0
1790289000	XAUUSD	M5	4272.01	4271.26	4273.00	4270.98	1	0.73585	0
1790289300	XAUUSD	M5	4270.00	4272.01	4272.11	4269.40	-1	0.12466	3
1790289600	XAUUSD	M5	4270.87	4269.99	4272.27	4268.85	1	0.69439	0
1790289900	XAUUSD	M5	4271.37	4270.89	4272.25	4270.85	1	0.90004	0
1790290200	XAUUSD	M5	4272.14	4271.37	4272.57	4271.04	1	0.73429	0
1790290500	XAUUSD	M5	4272.48	4272.14	4274.64	4271.84	1	0.94811	0
1790290800	XAUUSD	M5	4273.87	4272.52	4275.30	4272.28	1	0.41988	0
1790291100	XAUUSD	M5	4273.60	4274.01	4275.18	4272.03	-1	0.93023	3
1790291400	XAUUSD	M5	4273.38	4273.51	4274.73	4272.30	-1	1.04380	3
1790291700	XAUUSD	M5	4273.41	4273.38	4274.89	4271.50	1	1.09477	0
1790292000	XAUUSD	M5	4273.04	4273.41	4274.28	4272.42	-1	0.88698	3
1790292300	XAUUSD	M5	4271.95	4273.08	4273.15	4271.60	-1	0.45379	3
1790292600	XAUUSD	M5	4272.60	4271.95	4274.14	4270.87	1	0.69935	0
1790292900	XAUUSD	M5	4274.46	4272.57	4275.85	4272.48	1	0.05523	0
1790293200	XAUUSD	M5	4274.49	4274.44	4274.78	4273.44	1	1.06900	0
1790293500	XAUUSD	M5	4271.59	4274.48	4274.48	4271.42	-1	0.78138	3
1790293800	XAUUSD	M5	4267.52	4271.59	4271.77	4267.38	-1	1.49370	3
1790294100	XAUUSD	M5	4264.93	4267.50	4267.87	4264.87	-1	0.58199	3
1790294400	XAUUSD	M5	4269.76	4264.91	4270.30	4264.38	1	2.10564	1
1790294700	XAUUSD	M5	4268.73	4269.74	4270.03	4267.04	-1	0.47904	3
1790295000	XAUUSD	M5	4266.33	4268.67	4269.38	4265.71	-1	0.69735	3
1790295300	XAUUSD	M5	4267.79	4266.33	4268.54	4264.76	1	0.08864	0
1790295600	XAUUSD	M5	4269.39	4267.55	4270.35	4266.33	1	0.23165	0
1790295900	XAUUSD	M5	4270.50	4269.40	4270.60	4268.50	1	0.41979	0
1790296200	XAUUSD	M5	4269.71	4270.50	4270.50	4267.21	-1	0.66779	3
1790296500	XAUUSD	M5	4269.74	4269.77	4270.75	4268.93	-1	1.31768	3
1790296800	XAUUSD	M5	4271.42	4269.73	4272.40	4269.55	1	0.18266	0
1790297100	XAUUSD	M5	4273.33	4271.41	4273.82	4270.36	1	0.42762	0
1790297400	XAUUSD	M5	4273.19	4273.35	4274.31	4272.50	-1	1.17387	3
1790297700	XAUUSD	M5	4278.48	4273.16	4280.97	4272.94	1	3.28752	2
1790298000	XAUUSD	M5	4281.66	4278.48	4283.73	4276.93	1	1.40709	0
1790298300	XAUUSD	M5	4284.41	4281.65	4285.33	4280.60	1	1.04996	0
1790298600	XAUUSD	M5	4289.96	4284.41	4290.54	4284.03	1	3.01037	2
1790298900	XAUUSD	M5	4289.70	4289.94	4291.86	4288.95	-1	1.00597	3
1790299200	XAUUSD	M5	4293.00	4289.76	4293.65	4289.58	1	1.21181	0
1790299500	XAUUSD	M5	4293.70	4293.00	4294.24	4291.98	1	0.67927	0
1790299800	XAUUSD	M5	4292.48	4293.69	4295.08	4291.67	-1	0.29140	3
1790300100	XAUUSD	M5	4294.79	4292.45	4295.49	4291.55	1	0.53831	0
1790300400	XAUUSD	M5	4292.65	4294.74	4295.68	4292.51	-1	0.33352	3
1790300700	XAUUSD	M5	4288.37	4292.63	4292.69	4287.57	-1	1.97560	4
1790301000	XAUUSD	M5	4287.61	4288.13	4288.21	4286.39	-1	0.83936	3
1790301300	XAUUSD	M5	4287.83	4287.60	4289.10	4287.17	1	1.05107	0
1790301600	XAUUSD	M5	4291.20	4287.83	4292.24	4287.83	1	1.25779	0
1790301900	XAUUSD	M5	4294.74	4291.23	4295.20	4290.98	1	1.31706	0
1790302200	XAUUSD	M5	4290.20	4294.42	4294.89	4290.14	-1	1.74955	3
1790302500	XAUUSD	M5	4290.49	4290.20	4290.87	4288.81	1	1.00821	0
1790302800	XAUUSD	M5	4290.47	4290.49	4292.47	4290.28	-1	1.16861	3
1790303100	XAUUSD	M5	4288.09	4290.47	4290.47	4287.92	-1	0.44885	3
1790303400	XAUUSD	M5	4287.62	4288.09	4288.66	4287.18	-1	0.85472	3
1790303700	XAUUSD	M5	4285.07	4287.64	4288.04	4284.24	-1	0.58862	3
1790304000	XAUUSD	M5	4285.95	4285.18	4287.29	4282.22	1	0.63886	0
1790304300	XAUUSD	M5	4280.73	4285.96	4286.33	4280.73	-1	2.25690	4
1790304600	XAUUSD	M5	4282.47	4280.75	4282.53	4277.66	1	0.02809	0
1790304900	XAUUSD	M5	4283.79	4282.47	4283.94	4281.40	1	0.29196	0
1790305200	XAUUSD	M5	4283.68	4283.84	4284.49	4282.19	-1	1.03448	3
1790305500	XAUUSD	M5	4284.66	4283.64	4286.33	4283.52	1	0.46469	0
1790305800	XAUUSD	M5	4282.66	4284.68	4284.70	4282.58	-1	0.16868	3
1790306100	XAUUSD	M5	4283.74	4282.65	4284.57	4282.43	1	0.44369	0
1790306400	XAUUSD	M5	4282.50	4283.64	4284.44	4282.22	-1	0.41659	3
1790306700	XAUUSD	M5	4278.12	4282.50	4282.97	4278.12	-1	1.62182	3
1790307000	XAUUSD	M5	4276.62	4278.14	4278.28	4276.23	-1	0.21570	3
1790307300	XAUUSD	M5	4274.80	4276.56	4277.01	4273.76	-1	0.07829	3
1790307600	XAUUSD	M5	4273.57	4274.74	4275.94	4273.57	-1	0.47765	3
1790307900	XAUUSD	M5	4271.71	4273.53	4274.28	4271.33	-1	0.07522	3
1790308200	XAUUSD	M5	4271.83	4271.65	4273.00	4271.29	1	1.15839	0
1790308500	XAUUSD	M5	4270.03	4271.85	4272.10	4269.67	-1	0.08137	3
1790308800	XAUUSD	M5	4271.05	4270.03	4271.25	4268.78	1	0.61904	0
1790309100	XAUUSD	M5	4270.67	4271.05	4271.91	4269.05	-1	1.01645	3
1790309400	XAUUSD	M5	4268.22	4270.68	4270.68	4268.21	-1	0.33020	3
1790309700	XAUUSD	M5	4268.45	4268.23	4269.75	4267.67	1	1.12459	0
1790310000	XAUUSD	M5	4270.71	4268.44	4270.71	4268.11	1	0.26129	0
1790310300	XAUUSD	M5	4271.35	4270.60	4271.84	4269.91	1	0.74069	0
1790310600	XAUUSD	M5	4271.49	4271.27	4272.03	4270.42	1	1.07131	0
1790310900	XAUUSD	M5	4270.72	4271.46	4272.21	4270.23	-1	0.70548	3
1790311200	XAUUSD	M5	4272.03	4270.68	4273.60	4270.68	1	0.27065	0
1790311500	XAUUSD	M5	4270.06	4272.03	4273.35	4270.06	-1	0.15248	3
1790311800	XAUUSD	M5	4268.19	4270.02	4270.03	4267.10	-1	0.05558	3
1790312100	XAUUSD	M5	4263.06	4268.19	4268.19	4262.67	-1	2.18742	4
1790312400	XAUUSD	M5	4259.94	4262.98	4264.01	4258.86	-1	0.77580	3
1790312700	XAUUSD	M5	4259.86	4259.93	4262.69	4258.90	-1	1.18822	3
1790313000	XAUUSD	M5	4256.96	4259.96	4260.61	4256.44	-1	0.72962	3
1790313300	XAUUSD	M5	4260.57	4257.04	4261.04	4256.78	1	1.04751	0
1790313600	XAUUSD	M5	4259.63	4260.56	4261.84	4259.53	-1	0.66002	3
1790313900	XAUUSD	M5	4264.09	4259.63	4264.95	4259.63	1	1.70398	0
1790314200	XAUUSD	M5	4269.11	4264.15	4272.90	4263.20	1	1.95516	1
1790314500	XAUUSD	M5	4273.26	4269.12	4275.11	4265.75	1	1.38310	0
1790314800	XAUUSD	M5	4274.58	4273.34	4275.53	4272.18	1	0.44290	0
1790315100	XAUUSD	M5	4270.95	4274.63	4275.86	4270.75	-1	1.15565	3
1790315400	XAUUSD	M5	4268.48	4271.09	4272.32	4268.41	-1	0.44621	3
1790315700	XAUUSD	M5	4266.75	4268.47	4268.62	4265.72	-1	0.16939	3
1790316000	XAUUSD	M5	4271.97	4266.76	4271.97	4266.31	1	2.07003	1
1790316300	XAUUSD	M5	4268.14	4272.00	4272.27	4267.47	-1	1.15459	3
1790316600	XAUUSD	M5	4274.67	4268.18	4275.50	4268.18	1	2.60976	1
1790316900	XAUUSD	M5	4278.02	4274.64	4281.54	4274.29	1	0.75597	0
1790317200	XAUUSD	M5	4278.43	4278.04	4281.15	4275.63	1	1.05840	0
1790317500	XAUUSD	M5	4274.98	4278.43	4279.01	4274.33	-1	0.76817	3
1790317800	XAUUSD	M5	4276.54	4274.98	4276.62	4274.62	1	0.36817	0
1790318100	XAUUSD	M5	4276.98	4276.55	4277.57	4274.47	1	1.02296	0
1790318400	XAUUSD	M5	4277.02	4276.98	4278.10	4276.12	1	1.21646	0
1790318700	XAUUSD	M5	4276.83	4276.97	4277.81	4275.34	-1	1.15128	3
1790319000	XAUUSD	M5	4276.35	4276.82	4276.96	4274.52	-1	0.96004	3
1790319300	XAUUSD	M5	4275.81	4276.35	4277.99	4274.85	-1	0.88959	3
1790319600	XAUUSD	M5	4273.81	4275.84	4280.31	4273.16	-1	0.00251	3
1790319900	XAUUSD	M5	4276.97	4274.01	4278.94	4273.81	1	0.56951	0
1790320200	XAUUSD	M5	4275.20	4276.97	4277.70	4274.18	-1	0.17403	3
1790320500	XAUUSD	M5	4272.57	4275.15	4277.30	4272.40	-1	0.37028	3
1790320800	XAUUSD	M5	4274.13	4272.58	4275.69	4272.11	1	0.28808	0
1790321100	XAUUSD	M5	4273.79	4274.12	4275.41	4271.45	-1	1.04897	3
1790321400	XAUUSD	M5	4275.54	4273.81	4278.04	4271.19	1	0.18028	0
1790321700	XAUUSD	M5	4276.34	4275.55	4279.94	4275.55	1	0.78083	0
1790322000	XAUUSD	M5	4276.74	4276.28	4277.63	4274.70	1	0.96543	0
1790322300	XAUUSD	M5	4278.94	4276.73	4280.71	4276.73	1	0.13545	0
1790322600	XAUUSD	M5	4278.16	4278.94	4280.26	4277.66	-1	0.77077	3
1790322900	XAUUSD	M5	4279.72	4278.18	4281.66	4278.11	1	0.25929	0
1790323200	XAUUSD	M5	4275.49	4279.85	4281.61	4275.00	-1	1.50826	3
1790323500	XAUUSD	M5	4278.31	4275.47	4279.01	4275.37	1	0.52645	0
1790323800	XAUUSD	M5	4281.79	4278.18	4282.29	4278.18	1	0.98034	0
1790324100	XAUUSD	M5	4281.21	4281.79	4284.39	4280.72	-1	0.90988	3
1790324400	XAUUSD	M5	4281.47	4281.19	4281.90	4279.43	1	1.10032	0
1790324700	XAUUSD	M5	4284.25	4281.47	4284.72	4278.93	1	0.45495	0
1790325000	XAUUSD	M5	4287.69	4284.25	4289.39	4283.80	1	0.83760	0
1790325300	XAUUSD	M5	4286.99	4287.73	4289.21	4285.45	-1	0.85496	3
1790325600	XAUUSD	M5	4292.25	4287.00	4292.48	4286.41	1	1.87300	1
1790325900	XAUUSD	M5	4291.32	4292.26	4297.36	4290.13	-1	0.75023	3
1790326200	XAUUSD	M5	4292.42	4291.16	4293.67	4290.42	1	0.54203	0
1790326500	XAUUSD	M5	4293.45	4292.20	4294.74	4292.02	1	0.55599	0
1790326800	XAUUSD	M5	4295.40	4293.44	4297.71	4293.08	1	0.14381	0
1790327100	XAUUSD	M5	4297.45	4295.40	4297.91	4293.87	1	0.10390	0
1790327400	XAUUSD	M5	4293.99	4297.21	4297.30	4293.99	-1	0.60425	3
1790327700	XAUUSD	M5	4293.27	4293.98	4295.20	4291.17	-1	0.93879	3
1790328000	XAUUSD	M5	4296.13	4293.26	4296.90	4292.38	1	0.38499	0
1790328300	XAUUSD	M5	4290.54	4296.25	4296.32	4289.69	-1	2.10579	4
1790328600	XAUUSD	M5	4296.63	4290.60	4297.54	4290.20	1	2.16718	1
1790328900	XAUUSD	M5	4293.82	4296.62	4297.06	4292.38	-1	0.25851	3
1790329200	XAUUSD	M5	4294.66	4293.82	4295.28	4292.15	1	0.87384	0
1790329500	XAUUSD	M5	4292.60	4294.66	4294.86	4291.50	-1	0.13993	3
1790329800	XAUUSD	M5	4292.92	4292.62	4293.79	4291.34	1	1.16636	0
1790330100	XAUUSD	M5	4295.13	4292.92	4295.13	4291.02	1	0.01979	0
1790330400	XAUUSD	M5	4295.24	4294.87	4296.32	4293.96	1	1.08333	0
1790330700	XAUUSD	M5	4301.52	4295.24	4303.50	4295.11	1	2.36902	1
1790331000	XAUUSD	M5	4307.29	4301.62	4308.12	4299.15	1	1.90333	1
1790331300	XAUUSD	M5	4305.02	4307.37	4307.47	4303.61	-1	0.05355	3
1790331600	XAUUSD	M5	4306.28	4304.96	4308.92	4304.70	1	0.51357	0
1790331900	XAUUSD	M5	4308.28	4306.27	4309.47	4305.98	1	0.12782	0
1790332200	XAUUSD	M5	4305.69	4308.33	4308.81	4305.18	-1	0.26128	3
1790332500	XAUUSD	M5	4303.78	4305.70	4307.16	4303.18	-1	0.13630	3
1790332800	XAUUSD	M5	4305.38	4303.82	4306.02	4302.31	1	0.31309	0
1790333100	XAUUSD	M5	4305.45	4305.44	4306.34	4303.94	1	1.23098	0
1790333400	XAUUSD	M5	4309.06	4305.46	4309.29	4304.46	1	0.95433	0
1790333700	XAUUSD	M5	4311.07	4309.07	4311.68	4308.91	1	0.01998	0
1790334000	XAUUSD	M5	4310.34	4311.07	4312.04	4309.52	-1	0.79824	3
1790334300	XAUUSD	M5	4314.29	4310.34	4314.89	4310.15	1	1.15485	0
1790334600	XAUUSD	M5	4312.51	4314.19	4315.73	4311.30	-1	0.27119	3
1790334900	XAUUSD	M5	4310.90	4312.51	4314.07	4310.36	-1	0.33682	3
1790335200	XAUUSD	M5	4309.98	4310.89	4311.14	4308.58	-1	0.79119	3
1790335500	XAUUSD	M5	4304.69	4309.95	4310.34	4304.66	-1	1.88585	4
1790335800	XAUUSD	M5	4304.40	4304.69	4306.42	4303.44	-1	1.17667	3
1790336100	XAUUSD	M5	4300.04	4304.23	4308.06	4299.98	-1	1.19427	3
1790336400	XAUUSD	M5	4301.67	4300.07	4301.67	4299.80	1	0.37815	0
1790336700	XAUUSD	M5	4302.95	4301.65	4304.20	4300.24	1	0.54470	0
1790337000	XAUUSD	M5	4303.63	4302.69	4304.75	4302.54	1	0.75303	0
1790337300	XAUUSD	M5	4303.00	4303.57	4305.47	4302.86	-1	0.98190	3
1790337600	XAUUSD	M5	4304.20	4303.05	4304.64	4302.13	1	0.62239	0
1790337900	XAUUSD	M5	4303.68	4304.18	4304.85	4301.45	-1	1.00842	3
1790338200	XAUUSD	M5	4299.88	4303.60	4304.20	4297.90	-1	0.89529	3
1790338500	XAUUSD	M5	4299.63	4299.88	4301.60	4297.58	-1	1.16106	3
1790338800	XAUUSD	M5	4303.52	4299.39	4306.83	4297.54	1	1.10688	0
1790339100	XAUUSD	M5	4306.66	4303.14	4309.47	4303.08	1	0.72137	0
1790339400	XAUUSD	M5	4302.17	4306.85	4307.05	4299.53	-1	1.39642	3
1790339700	XAUUSD	M5	4302.35	4302.17	4303.00	4298.62	1	1.20389	0
1790340000	XAUUSD	M5	4301.70	4302.42	4302.64	4297.13	-1	0.85857	3
1790340300	XAUUSD	M5	4301.86	4301.58	4308.65	4299.32	1	1.10660	0
1790340600	XAUUSD	M5	4299.23	4301.87	4302.70	4296.83	-1	0.23376	3
1790340900	XAUUSD	M5	4298.13	4299.23	4300.07	4297.42	-1	0.64565	3
1790341200	XAUUSD	M5	4291.67	4298.13	4299.08	4291.67	-1	2.32434	4
1790341500	XAUUSD	M5	4297.75	4291.67	4298.33	4291.67	1	1.99259	1
1790341800	XAUUSD	M5	4292.77	4297.66	4297.76	4292.42	-1	1.36539	3
1790342100	XAUUSD	M5	4290.35	4292.53	4293.78	4288.97	-1	0.10830	3
1790342400	XAUUSD	M5	4285.82	4290.32	4290.70	4285.48	-1	1.10730	3
1790342700	XAUUSD	M5	4278.22	4285.83	4286.30	4278.10	-1	2.55018	4
1790343000	XAUUSD	M5	4280.05	4278.36	4281.93	4273.42	1	0.43498	0
1790343300	XAUUSD	M5	4281.11	4280.06	4284.33	4278.36	1	0.74483	0
1790343600	XAUUSD	M5	4278.93	4281.17	4282.67	4276.81	-1	0.13861	3
1790343900	XAUUSD	M5	4278.10	4278.81	4280.52	4274.21	-1	0.90723	3
1790344200	XAUUSD	M5	4280.53	4277.80	4283.49	4277.47	1	0.10887	0
1790344500	XAUUSD	M5	4275.61	4280.57	4280.92	4275.22	-1	1.24901	3
1790344800	XAUUSD	M5	4258.47	4275.48	4278.02	4257.76	-1	5.19786	5
1790345100	XAUUSD	M5	4266.32	4258.17	4267.17	4254.76	1	1.87613	1
1790345400	XAUUSD	M5	4267.51	4266.28	4267.51	4263.74	1	0.55483	0
1790345700	XAUUSD	M5	4266.09	4267.48	4267.48	4259.85	-1	0.49342	3
1790346000	XAUUSD	M5	4268.36	4265.89	4270.45	4265.39	1	0.12962	0
1790346300	XAUUSD	M5	4265.99	4268.54	4270.80	4265.99	-1	0.10362	3
1790346600	XAUUSD	M5	4264.98	4266.02	4266.96	4262.58	-1	0.64392	3
1790346900	XAUUSD	M5	4271.78	4265.20	4272.46	4263.60	1	1.31562	0
1790347200	XAUUSD	M5	4273.19	4271.71	4273.23	4268.60	1	0.46462	0
1790347500	XAUUSD	M5	4277.90	4273.11	4279.38	4269.75	1	0.69597	0
1790347800	XAUUSD	M5	4277.10	4277.86	4278.82	4273.32	-1	0.72867	3
1790348100	XAUUSD	M5	4279.08	4277.16	4280.68	4276.28	1	0.31737	0
1790348400	XAUUSD	M5	4281.98	4279.13	4282.28	4278.25	1	0.01042	0
1790348700	XAUUSD	M5	4275.67	4281.96	4282.74	4275.67	-1	1.18428	3
1790349000	XAUUSD	M5	4280.10	4275.67	4280.40	4274.29	1	0.51541	0
1790349300	XAUUSD	M5	4274.98	4280.16	4281.27	4274.68	-1	0.74761	3
1790349600	XAUUSD	M5	4275.96	4275.00	4279.62	4272.80	1	0.71340	0
1790349900	XAUUSD	M5	4279.74	4275.93	4281.22	4275.40	1	0.27095	0
1790350200	XAUUSD	M5	4282.80	4279.77	4285.71	4279.20	1	0.01674	0
1790350500	XAUUSD	M5	4276.48	4282.87	4283.41	4276.48	-1	1.13615	3
1790350800	XAUUSD	M5	4275.01	4276.43	4278.80	4274.78	-1	0.58990	3
1790351100	XAUUSD	M5	4271.62	4275.01	4275.46	4271.62	-1	0.08327	3
1790351400	XAUUSD	M5	4277.52	4271.74	4279.78	4270.07	1	0.88287	0
1790351700	XAUUSD	M5	4290.71	4277.53	4290.76	4276.25	1	3.09121	2
1790352000	XAUUSD	M5	4294.65	4290.92	4299.17	4289.50	1	0.08874	0
1790352300	XAUUSD	M5	4293.77	4294.88	4300.24	4291.20	-1	0.72452	3
1790352600	XAUUSD	M5	4290.48	4294.13	4296.16	4287.08	-1	0.06922	3
1790352900	XAUUSD	M5	4288.74	4290.29	4292.46	4287.59	-1	0.60090	3
1790353200	XAUUSD	M5	4288.22	4288.95	4290.23	4284.83	-1	0.85989	3
1790353500	XAUUSD	M5	4292.12	4288.27	4292.94	4287.70	1	0.11418	0
1790353800	XAUUSD	M5	4284.00	4292.13	4293.00	4279.48	-1	1.42434	3
1790354100	XAUUSD	M5	4287.28	4283.98	4288.32	4283.33	1	0.11962	0
1790354400	XAUUSD	M5	4287.15	4287.40	4288.99	4284.46	-1	1.06042	3
1790354700	XAUUSD	M5	4282.82	4286.98	4287.19	4281.78	-1	0.15208	3
1790355000	XAUUSD	M5	4284.65	4282.84	4285.89	4282.41	1	0.58191	0
1790355300	XAUUSD	M5	4286.47	4284.84	4288.01	4284.55	1	0.62565	0
1790355600	XAUUSD	M5	4291.13	4286.47	4292.45	4285.48	1	0.33425	0
1790355900	XAUUSD	M5	4292.83	4291.14	4292.97	4289.86	1	0.62019	0
1790356200	XAUUSD	M5	4291.41	4292.69	4292.75	4291.01	-1	0.75653	3
1790356500	XAUUSD	M5	4290.74	4291.38	4291.73	4289.08	-1	0.96570	3
1790356800	XAUUSD	M5	4292.18	4290.74	4292.18	4289.60	1	0.69929	0
1790357100	XAUUSD	M5	4286.66	4292.25	4293.15	4285.09	-1	0.60242	3
1790357400	XAUUSD	M5	4285.12	4286.46	4287.77	4284.20	-1	0.73129	3
1790357700	XAUUSD	M5	4284.18	4285.07	4285.07	4279.61	-1	0.84430	3
1790358000	XAUUSD	M5	4285.68	4284.11	4288.23	4283.62	1	0.60523	0
1790358300	XAUUSD	M5	4284.23	4285.68	4286.83	4282.09	-1	0.63789	3
1790358600	XAUUSD	M5	4283.94	4284.22	4284.69	4283.24	-1	0.97897	3
1790358900	XAUUSD	M5	4283.19	4283.97	4285.41	4282.46	-1	0.78945	3
1790359200	XAUUSD	M5	4283.33	4283.54	4284.45	4282.83	-1	0.95732	3
1790359500	XAUUSD	M5	4285.50	4283.21	4285.77	4282.88	1	0.30263	0
1790359800	XAUUSD	M5	4284.78	4285.53	4285.68	4283.36	-1	0.78272	3
1790360100	XAUUSD	M5	4288.47	4284.86	4288.64	4284.33	1	0.11152	0
1790360400	XAUUSD	M5	4288.96	4288.27	4289.42	4286.21	1	0.80688	0
1790360700	XAUUSD	M5	4287.52	4288.97	4290.34	4284.19	-1	0.54424	3
1790361000	XAUUSD	M5	4292.26	4287.26	4292.45	4287.22	1	0.82498	0
1790361300	XAUUSD	M5	4287.74	4292.31	4294.09	4287.63	-1	0.70644	3
1790361600	XAUUSD	M5	4291.77	4287.72	4292.00	4287.62	1	0.46971	0
1790361900	XAUUSD	M5	4294.78	4291.76	4295.24	4290.80	1	0.02812	0
1790362200	XAUUSD	M5	4294.68	4294.84	4296.12	4294.04	-1	1.13631	3
1790362500	XAUUSD	M5	4294.88	4294.67	4295.40	4293.46	1	1.08547	0
1790362800	XAUUSD	M5	4289.76	4294.86	4295.87	4289.58	-1	0.87992	3
1790363100	XAUUSD	M5	4293.86	4289.76	4294.61	4288.63	1	0.50044	0
1790363400	XAUUSD	M5	4296.77	4293.78	4297.25	4292.54	1	0.02757	0
1790363700	XAUUSD	M5	4292.87	4296.78	4297.00	4292.65	-1	0.41976	3
1790364000	XAUUSD	M5	4290.08	4292.70	4292.89	4289.51	-1	0.13589	3
1790364300	XAUUSD	M5	4289.00	4290.01	4290.25	4288.02	-1	0.80454	3
1790364600	XAUUSD	M5	4288.78	4288.89	4290.39	4287.91	-1	1.14655	3
1790364900	XAUUSD	M5	4293.30	4288.77	4294.17	4288.77	1	0.71059	0
1790365200	XAUUSD	M5	4292.38	4293.29	4293.86	4292.09	-1	0.78445	3
1790365500	XAUUSD	M5	4292.90	4292.40	4294.42	4292.38	1	0.92186	0
1790365800	XAUUSD	M5	4290.93	4293.35	4293.84	4290.40	-1	0.12566	3
1790366100	XAUUSD	M5	4291.36	4290.93	4291.61	4289.56	1	0.93501	0
1790366400	XAUUSD	M5	4291.32	4291.19	4292.06	4291.06	1	1.02818	0
1790366700	XAUUSD	M5	4291.55	4291.32	4291.79	4289.82	1	0.95392	0
1790367000	XAUUSD	M5	4290.72	4291.48	4291.93	4290.47	-1	0.72248	3
1790367300	XAUUSD	M5	4289.97	4290.67	4290.96	4289.67	-1	0.72414	3
1790367600	XAUUSD	M5	4288.57	4289.97	4290.11	4288.08	-1	0.40332	3
1790367900	XAUUSD	M5	4287.39	4288.57	4288.74	4286.88	-1	0.52356	3
1790368200	XAUUSD	M5	4286.27	4287.37	4287.53	4286.16	-1	0.54363	3
1790368500	XAUUSD	M5	4285.78	4286.28	4286.72	4285.34	-1	0.86875	3
1790368800	XAUUSD	M5	4284.81	4285.76	4286.11	4284.79	-1	0.59301	3
1790369100	XAUUSD	M5	4285.16	4284.81	4286.51	4284.31	1	0.90912	0
1790369400	XAUUSD	M5	4285.10	4285.24	4287.26	4284.89	-1	1.01417	3
1790369700	XAUUSD	M5	4285.96	4284.97	4286.92	4284.87	1	0.51999	0
1790546400	XAUUSD	M5	4272.70	4278.10	4280.03	4265.29	-1	2.13237	4
1790546700	XAUUSD	M5	4273.68	4272.39	4275.08	4271.66	1	0.33314	0
1790547000	XAUUSD	M5	4266.18	4273.89	4275.15	4266.00	-1	3.16453	5
1790547300	XAUUSD	M5	4268.21	4266.18	4270.48	4266.02	1	0.05255	0
1790547600	XAUUSD	M5	4268.58	4268.47	4268.90	4266.50	1	0.99491	0
1790547900	XAUUSD	M5	4268.66	4268.58	4270.40	4268.06	1	0.98649	0
1790548200	XAUUSD	M5	4263.19	4268.66	4268.80	4262.76	-1	1.93774	4
1790548500	XAUUSD	M5	4263.09	4263.15	4264.46	4262.04	-1	0.96626	3
1790548800	XAUUSD	M5	4261.58	4262.97	4263.32	4261.56	-1	0.25377	3
1790549100	XAUUSD	M5	4259.37	4261.58	4262.85	4259.21	-1	0.17143	3
1790549400	XAUUSD	M5	4258.85	4259.38	4260.58	4257.96	-1	0.72152	3
1790549700	XAUUSD	M5	4260.09	4258.85	4260.12	4258.34	1	0.30919	0
1790550000	XAUUSD	M5	4264.72	4260.14	4265.08	4257.49	1	1.48815	0
1790550300	XAUUSD	M5	4264.96	4264.72	4266.26	4264.28	1	0.87084	0
1790550600	XAUUSD	M5	4264.92	4264.98	4265.91	4263.93	-1	0.94543	3
1790550900	XAUUSD	M5	4264.55	4264.92	4265.34	4264.09	-1	0.76357	3
1790551200	XAUUSD	M5	4265.28	4264.55	4265.70	4264.20	1	0.57689	0
1790551500	XAUUSD	M5	4263.33	4265.29	4265.41	4262.46	-1	0.07300	3
1790551800	XAUUSD	M5	4261.07	4263.33	4263.81	4260.33	-1	0.21580	3
1790552100	XAUUSD	M5	4260.32	4261.07	4261.82	4259.85	-1	0.58703	3
1790552400	XAUUSD	M5	4260.32	4260.32	4260.91	4259.01	0	0.97975	0
